0.043882
-0.55291
-0.76605
-0.7383
-0.74663
0.38339
-0.62579
0.92767
-0.40127
-0.26712
-0.92597
0.021443
-0.45385
-0.59096
-0.51243
-1.0874
0.012154
-0.82633
-0.67746
-0.49477
-0.071264
0.28222
0.98014
-1.0288
0.80945
-0.82573
-0.27826
1.0141
-0.081509
-0.61375
0.92633
0.020191
-0.5182
0.58337
0.48252
0.35922
0.96439
-0.80252
-0.71637
0.17245
-0.68366
0.97981
-0.94143
-0.6357
0.044922
-0.44002
-0.7905
-0.51003
0.83022
-0.70457
-0.50454
0.78773
-0.073367
-0.73789
-0.47
-0.10941
-0.4088
-0.10368
-0.22021
0.97037
-0.66953
0.43
0.14942
0.99342
-0.051366
-0.46032
0.96635
-1.0233
-1.0075
0.2499
0.78445
0.40967
-0.016348
0.68062
-1.0301
0.21431
0.39756
0.40723
-0.99118
-0.86751
0.34633
0.62224
-0.25132
0.92117
-0.80328
-0.7221
-0.70727
-0.67073
0.94408
0.52389
0.99307
0.78191
0.90869
-0.98082
-1.0647
-0.72284
0.42132
-0.9239
-0.64276
-0.22863
-0.85015
-0.67799
-0.95258
0.87544
-0.74768
-0.7917
0.10274
-0.095293
0.95359
-0.52438
-0.9106
0.83417
1.0364
-0.72815
-1.066
0.45113
1.0003
0.76215
0.95432
-0.68134
-0.029344
-0.37946
-0.85872
-0.99406
0.11363
0.8796
0.78547
0.73994
0.21793
-0.54993
-0.38282
-0.75207
-0.11581
-0.03818
-1.0139
-0.97904
0.89288
-0.055331
0.86357
-0.9482
1.0207
-1.0196
0.3953
0.42666
0.75238
0.95538
0.81853
-0.6157
-0.040567
0.90156
0.19085
0.72396
-0.34196
-0.88755
-0.33445
-0.43424
-0.20176
-0.22581
0.87599
-0.060279
-0.94588
0.94802
0.7761
0.64244
0.37055
-0.90547
-0.8002
-0.50495
0.1335
0.85374
0.97143
0.35596
0.2311
-0.5507
0.61481
-0.63989
-0.35063
0.19536
-0.37161
-0.89386
0.92638
-0.92612
-0.24726
0.044176
0.86653
-0.14622
0.92732
-0.93951
-1.0157
0.8909
-0.94437
-0.92946
-0.47062
-0.60727
-0.71151
-0.98569
0.33103
0.40926
0.19713
-0.68623
-0.50344
1.0299
-0.08385
0.9144
0.34105
-0.90779
0.64969
0.92355
-1.0254
-0.37515
0.78258
-1.0167
-0.83585
0.97552
0.91449
0.32275
1.0337
-0.60761
1.0693
-0.45719
-1.0152
-0.93525
-0.35254
-0.11069
-0.47721
0.29873
-0.61578
-0.19375
0.2121
0.50107
-0.59062
0.10714
-0.80346
0.74917
1.0833
-0.40612
-0.93514
-0.89807
-0.11148
0.31125
0.8089
0.080381
-0.49961
-0.0063119
-1.0484
0.20196
-0.4792
-0.0075727
0.94887
-1.0085
-0.18512
1.0075
0.87955
0.98006
-0.47277
-0.88703
0.70089
0.82277
0.8176
0.73147
0.35527
0.25551
-0.84422
-0.6059
0.41314
0.10804
-0.31771
0.72794
-0.97452
0.58209
-0.0054729
-0.14962
-0.19662
-0.97545
0.75231
-0.45405
0.0080893
-0.30197
1.0329
0.5633
0.051992
-0.37076
-0.0065831
-0.69243
-0.42295
-0.98913
-0.98533
0.94385
-0.33786
0.048273
-0.14455
0.86034
0.24222
0.0034921
-0.39733
-0.60298
0.32247
0.9294
0.0078643
-0.9532
0.96859
0.80995
0.51143
0.97083
0.81081
0.39837
0.079231
0.20321
0.43074
-0.99061
0.13013
0.66557
0.066794
-0.31121
-0.54628
-0.98841
-0.4417
0.44886
0.88156
-0.87007
-0.53744
0.89473
0.66544
-0.36858
0.89612
0.78183
0.82756
0.18519
-0.025549
-0.87224
-0.82974
-0.42697
-0.4742
0.44374
-0.6994
0.078149
0.91392
0.42307
-0.40243
-0.14277
-0.72804
-0.91074
0.73956
-0.13728
-0.16009
-0.061153
0.89811
-0.9074
0.1166
0.49183
-1.0366
0.96499
0.37501
1.0526
0.98948
0.36816
-0.31228
-0.74012
0.88468
-0.60425
0.12827
0.65214
0.44121
0.52733
0.14917
0.79018
-0.97381
0.40912
-0.91132
1.0285
-0.48422
0.98489
0.24784
-0.26134
-0.70851
-0.55247
-0.45695
1.0058
0.93813
-0.19461
0.5016
-0.92994
-1.0341
0.020153
0.37542
0.41456
0.29075
0.061145
-0.2847
-0.018952
-0.51335
0.53505
0.089154
0.19288
-0.61286
-0.18877
-0.097479
-0.84435
-0.72581
-0.3288
-0.073773
0.50179
-0.70371
-0.93672
0.95079
1.0184
-0.62919
0.22445
0.88763
-0.79512
0.97093
-0.1136
0.45763
0.26639
0.66586
-0.052186
0.8577
-0.77078
0.02507
-0.94374
-0.98166
-0.14424
0.58844
-0.0506
-1.0186
-0.53815
-0.66982
0.82188
-0.96307
0.70804
0.62077
-0.89352
-0.70947
-0.51116
0.8903
0.78233
-0.82142
0.47801
1.0107
1.1145
0.32892
1.0353
0.46586
0.99111
0.10987
-1.068
0.68717
-0.79882
-0.75125
1.0288
-0.83511
-0.81748
-0.98881
-0.085976
-0.98584
-0.94953
-0.80902
-0.94968
-0.86454
0.26598
-0.41001
0.56079
-0.889
-0.98257
-0.15115
-0.97412
0.17418
-0.090591
0.77381
-0.79108
-0.17015
-0.9084
0.10359
-0.78179
0.73279
0.066894
0.81114
0.90104
-0.19974
-0.507
-0.28238
0.71801
-0.75255
-0.86932
0.87768
1.0347
0.87869
-0.47733
-0.98315
-0.81654
-0.99241
0.15957
-0.97185
0.2199
0.13109
0.13981
0.98061
0.70495
0.29892
-0.95487
