500 10
12.589 -10.71 3.2492 9.6375 6.0716 13.008 -15.423 -11.349 12.784 -5.9667
16.232 9.5933 -17.176 -9.3013 15.707 -16.368 7.4955 -0.24417 12.156 -2.5236
-14.921 15.56 -5.0301 -10.23 -1.9912 -11.745 -1.8843 8.6569 -7.7767 3.8274
16.535 14.392 -18.656 -13.386 14.677 11.73 13.749 -2.5438 -5.8658 18.246
5.2944 3.8824 -3.7543 4.2866 10.019 7.2693 -12.283 16.376 -2.8543 8.9577
-16.098 6.1901 6.3183 4.6029 -2.0735 -1.2004 6.7633 -1.8764 13.026 9.9152
-8.8601 16.601 3.0096 17.1 4.2661 15.911 1.4996 -2.8512 6.3678 6.5591
1.8753 -2.6727 19.038 18.329 8.0097 -3.6588 -0.41273 -0.10704 -13.534 -19.651
18.3 -8.4096 -2.3344 12.072 -10.661 6.3419 -7.8832 -1.0808 13.312 1.7755
18.596 5.2753 11.113 4.5062 -1.8367 18.337 17.861 5.97 14.924 -14.003
-13.695 -8.1831 2.7783 15.536 -18.091 -7.9272 -16.986 -1.0526 -14.944 -0.29138
18.824 4.8812 -19.156 0.75521 4.4532 8.9942 -6.4745 0.0082176 -15.863 -18.986
18.287 -18.099 0.49094 -1.4668 -19.316 10.076 0.68854 4.6959 7.6574 -13.998
-0.58497 19.784 -3.6979 -10.152 4.9728 -12.575 19.96 9.411 -17.75 16.817
12.011 -11.729 -11.207 10.319 -12.225 2.7352 -13.551 -1.0113 -4.7783 -1.7486
-14.325 4.2946 -10.782 3.7945 0.23292 -17.555 -13.149 11.643 -8.8887 -0.74689
-3.1295 -6.0948 -2.458 -19.805 -0.80805 7.3313 -13.652 0.88065 -1.2113 -15.082
16.629 8.7095 16.796 6.1279 8.4219 6.749 -8.9083 19.688 18.023 -10.197
11.688 -18.88 -7.2385 18.213 7.6132 -14.632 9.2293 6.1364 0.13504 17.486
18.38 -17.326 -8.6266 -0.050512 9.042 15.724 6.5955 1.4186 7.9733 11.004
6.2296 17.083 -5.4488 4.184 -2.3586 -13.213 -13.59 10.998 11.52 -0.12867
-18.572 -16.489 -0.027298 8.5401 -6.8547 1.7644 -18.856 -3.863 -14.484 -6.1467
13.965 -6.7041 12.541 -17.481 1.8841 -18.615 17.098 -18.881 -7.3229 12.882
17.36 1.0472 -10.607 -12.702 14.335 12.583 9.7789 14.367 17.296 -13.288
7.1494 -10.134 -19.109 15.121 16.575 3.8041 4.1182 14.885 9.1206 -11.991
10.31 1.716 -7.9551 11.426 5.04 -3.768 -5.6149 17.218 14.887 -1.5717
9.7253 11.235 -8.0775 17.548 0.68844 5.7614 4.9291 4.1011 -16.372 18.515
-4.3109 0.8753 13.037 -7.9915 1.4992 -5.3463 -3.8456 -11.96 -6.9538 18.194
6.2191 17.278 -14.544 14.288 -13.56 19.999 5.943 -9.5331 -12.136 14.8
-13.153 -14.116 12.583 12.709 -14.471 8.2418 2.4392 -15.781 -1.5831 -7.9467
8.2418 -3.3294 14.444 13.216 3.8182 -12.128 -12.185 -16.267 -11.709 13.241
-18.727 -8.7883 2.1177 -2.582 4.2784 13.183 -16.699 8.6627 -14.172 -9.5132
-8.9231 3.924 -19.259 1.6234 5.7723 -7.9005 9.108 -10.919 12.13 -0.28214
-18.153 -18.541 0.31286 16.544 -17.456 0.92071 0.85785 11.676 -1.3608 -17.868
-16.115 -17.453 8.5458 3.9089 -17.462 4.9946 0.66888 -7.3579 18.32 -4.441
12.938 -7.0847 7.9099 -19.725 4.1542 -19.81 -18.976 13.136 16.28 15.491
7.7931 -16.065 15.738 -9.1065 -3.6698 11.015 -1.4127 14.831 -6.7164 4.5293
-7.316 -13.198 8.0474 -14.501 -2.4478 -11.504 -0.070025 5.9575 -1.3265 9.1527
18.009 -5.1534 17.492 8.348 -16.823 -11.841 -10.089 15.711 16.338 7.2909
-18.622 -18.41 -19.564 -18.34 -3.6935 11.792 13.545 4.4521 -11.935 2.7335
-2.4502 8.3696 12.79 -2.5302 -15.484 -9.204 17.284 -17.504 7.7304 12.927
-4.7377 5.6537 -18.629 7.2143 19.884 13.232 19.468 9.0545 -7.3958 -2.5453
10.621 -13.038 0.64641 2.0697 8.2356 19.89 6.3283 11.798 8.8265 15.898
11.808 -17.514 6.1332 -12.882 -1.3822 -4.185 -10.203 -9.599 -5.0311 -7.4568
-12.525 -3.7336 10.165 -16.578 -15.18 15.986 -0.39076 -3.4725 9.479 8.8293
-0.40942 -1.4775 -8.8001 -12.529 10.031 1.2337 5.4038 17.594 -17.419 -10.828
-2.1766 -11.893 4.122 -5.2494 18.61 -16.71 -17.717 -5.6834 6.4558 -13.31
5.8525 14.782 15.551 17.244 14.669 -3.258 -16.547 -17.45 -1.9364 -13.458
8.3746 3.9176 5.7294 7.8655 15.191 -19.244 -12.307 10.909 0.97545 1.521
10.187 -19.079 11.443 -13.346 -13.054 16.061 -10.403 -12.567 13.051 9.7607
-8.959 15.977 -0.35435 10.94 -8.4907 -5.0016 10.826 16.461 19.276 -13.032
7.1881 -1.8822 -3.8616 -3.4719 14.052 -19.526 -19.96 0.82252 -0.25556 9.4094
6.2039 -17.679 15.098 8.3445 -1.4976 0.045999 -18.009 8.8339 4.6271 6.0324
-13.496 -15.749 8.3273 -6.7145 19.886 -2.2647 12.64 16.514 -4.3448 12.614
-15.24 19.937 13.06 2.0423 -8.7563 14.098 -14.59 17.055 -2.6818 17.702
-0.065438 14.653 -19.573 19.859 -5.6729 0.034513 -7.1984 -4.985 -7.1077 -15.638
18.39 4.6082 -16.178 6.6873 9.6003 -15.512 -11.8 4.1692 6.4667 9.4715
-6.3846 -18.922 1.7314 15.558 1.8648 11.656 -12.894 4.0973 6.477 4.5011
3.4107 -7.0991 14.249 -5.6697 2.8579 17.393 -12.673 -8.0386 0.7011 -7.277
-11.048 -1.449 -9.4258 -2.6394 -17.046 14.236 18.308 -4.7852 -1.8791 11.544
10.051 -16.039 11.022 9.322 -16.67 -13.8 2.4091 -8.6806 -1.5378 -17.056
-9.7962 2.8395 5.5168 19.781 -12.099 -16.748 10.947 -1.3884 -0.64866 -7.1469
0.23828 -6.965 9.0024 -0.93419 15.872 5.1305 13.829 -8.3938 18.272 -18.95
7.9631 -1.9803 15.786 -6.7377 6.9404 -16.122 -0.89243 13.162 19.805 -1.1439
15.636 3.1138 10.719 4.2138 4.2936 -18.663 -19.024 -17.219 -9.4931 6.9606
18.372 -17.006 -11.726 10.926 -17.934 -7.0556 -7.0062 -4.7213 11.114 -11.357
1.8886 -17.706 -18.268 -4.5741 0.31382 5.802 -11.608 -3.7551 17.193 14.949
-14.455 -7.9617 -13.857 -11.845 -7.9617 3.371 14.666 -0.88394 -11.936 -5.5174
-14.028 0.86885 8.7325 -4.533 -10.378 6.8871 -5.2186 -11.359 19.762 6.6112
-9.6997 2.4752 -14.854 -17.399 11.04 11.708 -7.0579 12.736 11.491 5.3277
13.629 -10.338 -11.168 -2.7072 15.701 -4.7922 1.9349 17.384 1.1503 -14.586
-9.8287 16.509 -1.8576 7.5894 -17.877 -16.828 -11.587 14.835 6.6331 -11.534
12.571 13.029 -1.3896 0.2625 2.2653 -2.6323 -15.865 -0.87866 -14.98 -14.679
-10.259 -2.2182 -16.409 8.6767 -13.946 11.419 -9.1024 19.004 -14.117 12.22
17.171 19.283 0.26919 -7.9513 19.573 -7.8047 -4.4568 -12.587 12.501 -17.099
-6.0006 3.1307 -16.94 8.2403 1.0484 9.3613 8.2089 4.2616 1.7054 -18.494
-12.136 -10.623 -13.339 16.608 1.4602 -15.992 -2.818 -1.6986 14.563 11.854
-9.9566 12.424 9.9084 8.2319 8.499 -13.089 3.7552 -12.177 -14.375 -19.739
4.6418 -1.949 -6.6173 -14.675 12.749 17.005 -7.5225 -7.8083 -16.915 -17.845
-1.0684 -10.001 -7.7978 6.6187 14.964 11.537 9.1084 -7.2859 -12.774 8.2891
-5.9336 18.218 12.755 -4.9774 4.8685 11.153 -6.2274 4.2091 -11.68 -1.5926
13.233 -14.294 19.282 0.097675 -19.576 15.092 18.946 -1.386 3.1698 7.9976
3.4106 0.50254 18.759 -4.0397 -11.109 16.389 -3.4834 -5.1619 13.432 -15.695
1.9889 18.877 3.0649 18.417 -17.895 17.215 -0.81635 17.546 -18.377 14.739
16.688 5.9328 -10.661 -15.373 0.57822 -3.8398 5.6828 16.498 -11.807 12.652
-8.5664 4.5868 -8.3161 2.4488 15.713 -8.434 10.865 18.673 1.265 6.6068
10.288 -1.214 6.9506 -1.311 3.185 10.748 -9.6139 3.0055 1.7051 4.5952
10.149 3.1112 2.9495 -13.643 5.1219 17.755 -12.706 -2.8565 19.627 19.961
-4.7822 16.453 -12.012 1.0079 -14.228 -8.8241 19.122 -19.78 19.821 -18.926
2.7129 -4.9512 18.328 -7.2104 9.9446 -5.1548 11.984 -18.99 -9.445 11.289
-16.966 -10.849 -6.5538 11.254 -8.7736 -9.0714 -6.9569 3.8696 -7.8046 6.8551
-17.842 -3.059 -14.013 -17.483 14.751 -1.0584 -6.6792 -14.725 -7.4649 16.102
1.2319 -9.0562 -6.8647 4.8937 12.085 18.422 -11.746 17.488 5.3777 8.7874
11.167 -2.2174 -15.476 5.4822 -0.46491 -15.93 7.2387 -7.5807 -10.021 -17.046
17.36 5.1006 10.877 -16.756 18.943 1.6258 -12.136 13.25 -0.40258 -3.2297
-14.804 1.3857 11.703 13.853 1.0865 -7.6988 -8.9083 -18.665 -5.329 16.358
2.7529 -4.5823 3.4828 14.477 -11.298 -13.934 5.4378 14.391 -18.428 -14.076
-1.2244 14.938 -16.832 10.349 -12.137 -3.0951 -15.921 16.205 -4.0065 -16.367
-19.524 -7.9861 -12.284 17.509 -19.292 -7.0315 -16.773 -12.435 4.6012 0.31978
-6.5151 -3.9988 11.016 5.9047 -6.2269 2.2563 9.7083 0.59063 6.2527 -2.344
-13.513 0.70894 -5.8643 19.841 13.412 -12.622 -6.6024 -9.2169 -11.752 13.301
11.771 -17.527 13.558 9.4486 -9.0134 -11.404 4.65 -14.202 11.495 -18.569
-7.5514 -10.745 -14.645 -17.701 6.3026 2.6105 -0.9927 -8.0446 -8.9924 -16.671
1.1413 -15.261 7.9259 -19.626 -13.209 16.346 9.9765 14.309 -0.030102 19.518
-13.374 -16.049 -12.386 13.237 -8.2148 7.996 5.0683 14.306 -14.327 -18.542
4.0793 15.611 -4.1277 -6.5997 -5.1756 15.418 -7.9777 -14.432 -0.95093 -10.905
-9.4811 -18.664 -6.4421 -9.2411 5.9572 9.7278 17.2 -8.2552 18.726 16.728
6.1632 13.561 16.908 -15.668 2.7112 -2.2127 -0.40576 14.789 -9.6503 11.975
7.5686 0.29067 13.536 -12.733 0.48948 -15.256 -15.573 1.5066 -1.5769 -16.042
9.9261 -15.451 5.181 -4.6478 -17.583 17.571 12.657 -12.14 6.3705 -7.9885
-1.9783 -0.38217 14.62 13.484 11.113 3.8581 16.211 13.747 -3.2006 9.352
-16.647 3.9777 -11.348 10.468 -18.8 -6.7595 5.294 -7.135 -6.8515 17.053
-10.841 -16.391 -17.404 19.49 7.2151 -8.2799 -6.3964 15.403 13.569 19.401
16.533 19.129 7.12 8.44 15.71 0.16326 1.9172 1.7098 1.1145 -12.107
-13.905 6.1208 1.4048 -6.2063 -5.159 13.791 -16.72 -1.0895 18.528 5.7705
13.033 -1.5547 0.69397 1.5037 4.945 17.827 -6.0522 -16.634 18.944 -16.026
1.5337 14.55 -9.7713 9.7673 7.707 13.932 16.992 -15.81 -15.626 -11.997
19.845 -9.4868 14.113 17.176 11.399 1.7607 13.839 13.709 5.498 -6.5353
-16.873 12.959 12.928 -14.864 5.2965 0.83358 -12.186 15.482 13.677 10.017
-2.2929 -6.841 -19.337 -11.161 7.6115 1.0487 12.415 -0.55174 12.501 -12.779
-15.734 17.652 -1.0116 -6.8795 12.105 5.0033 -9.0248 -0.63107 -1.0448 5.935
18.476 -10.236 17.765 -6.4746 -4.9685 -8.8477 5.6522 -17.71 -10.399 -12.699
-19.815 18.284 -1.6552 14.692 -18.085 0.87547 2.2071 -17.568 -15.486 4.8406
10.996 0.433 13.999 7.0287 -15.88 -6.7903 2.6435 -12.278 -11.491 10.234
12.692 2.5832 1.4221 -19.321 1.6198 -8.9962 14.307 -5.7539 10.627 -10.162
14.748 19.749 -2.6359 0.69757 13.973 -5.0835 -15.966 17.349 -6.2909 -16.452
-16.623 10.839 -19.023 0.49182 1.2988 19.453 15.032 3.1306 -13.454 13.388
-4.0087 -7.4479 0.17439 -4.1584 16.344 10.134 9.1803 -17.771 -1.9498 1.4775
-9.6052 -17.685 15.059 16.828 -16.414 -2.1604 -2.2815 -9.8836 -9.1119 -16.875
12.003 -18.237 16.33 19.67 14.558 13.831 -11.719 10.3 0.31895 -1.0093
-2.7434 12.518 -8.5919 2.1878 14.298 0.056975 -13.785 -10.166 16.145 11.084
16.426 -3.5171 -14.692 2.8321 15.316 2.0749 9.1689 19.465 -2.2621 -17.788
-12.726 -4.6335 -19.995 -10.715 -17.026 9.7104 -8.0626 -5.8105 13.041 2.0705
-9.4479 0.92506 -7.2816 11.928 -6.3136 -9.1033 2.5988 16.75 -19.159 -3.1731
-14.178 15.686 1.2043 -10.486 -10.871 -4.546 2.2165 18.394 -18.143 -13.961
-14.557 -3.7632 13.167 2.9324 13.776 10.144 8.5072 18.068 6.139 19.781
14.772 4.1756 6.9433 4.7773 -14.636 -0.26116 19.475 4.1495 13.917 14.44
3.1882 -16.208 16.521 -1.8509 15.252 6.6072 -0.61545 -10.288 -6.7856 13.664
1.9944 -6.5607 10.246 10.177 -12.253 16.075 9.853 -12.644 11.743 13.895
-14.202 -14.206 -13.26 2.6348 13.865 -6.6284 1.3233 -13.631 -9.9409 11.998
14.121 -10.205 18.561 11.115 -11.681 -8.1772 19.645 9.8169 -5.7831 -1.3658
4.8822 -4.8411 -6.0694 9.3677 6.8216 4.724 -15.091 -3.5583 17.989 -0.25756
-5.9619 -9.1872 3.9395 18.616 -11.342 -12.701 18.064 -11.077 -0.6851 -13.09
0.52998 -11.376 9.2557 10.52 -17.41 -11.514 -14.706 7.7035 -13.226 -14.71
-3.9277 5.3492 14.833 2.6744 -2.835 12.254 -15.162 -2.0553 18.768 13.919
-16.961 11.989 -6.664 3.9878 -7.8768 -15.651 16.548 5.7673 12.505 -0.7895
-10.403 -11.659 -1.4783 3.6512 3.4226 7.0925 17.936 12.697 5.2188 16.87
-15.067 15.85 -13.325 18.466 -10.169 -12.205 6.576 15.866 -16.155 -14.988
-12.644 9.8284 -1.3444 -2.3353 9.6021 -5.1284 2.4288 15.445 11.843 5.7025
-10.402 1.4554 -1.7452 7.6992 -11.079 1.5887 -13.711 -7.0379 10.834 -13.826
-3.3093 18.799 -14.887 -10.566 -19.983 -9.9545 7.8657 -11.883 -3.968 19.658
-18.014 2.5953 5.5972 10.825 -19.883 8.766 -3.5103 -17.83 -13.719 -10.055
16.109 -11.292 15.86 -13.6 17.028 -7.1534 3.3665 14.215 -10.413 14.076
17.791 14.311 -2.9029 -16.854 -18.412 -18.494 19.541 12.849 -5.0389 11.377
-0.36544 14.48 -12.966 -7.5738 1.483 12.474 -19.297 -15.472 -6.3077 15.915
-0.42989 -7.4679 -8.2041 -7.0302 -12.335 -18.188 4.8722 18.555 -10.121 13.683
-6.4912 -6.9206 -17.65 -12.924 -13.454 -8.099 -14.376 12.079 -9.2086 -12.304
16.002 13.601 -17.593 -10.16 7.8898 -7.8433 12.146 -16.844 -10.952 17.667
-5.2301 -0.29869 -18.934 19.674 6.7489 1.4554 -16.74 8.0692 -18.923 -11.874
-15.552 -17.924 2.0187 4.4522 11.376 -15.192 -6.8055 12.005 -16.337 -0.27926
11.21 11.121 2.522 -0.67984 0.88217 11.811 -9.7233 -7.4768 -16.552 -16.036
-4.4104 -2.9331 -7.8162 -10.229 11.833 0.10203 -17.041 5.0408 17.553 -16.381
-10.332 -8.8015 10.18 18.956 3.123 -10.881 -9.1052 -15.348 4.0023 -12.161
-3.8435 -6.6597 6.8441 8.6166 0.61264 13.251 0.39795 -16.704 6.6454 2.217
-16.142 -5.3224 17.594 7.9356 -4.4448 -15.462 -4.0698 -11.606 10.695 11.62
-14.721 11.792 -0.59381 -13.006 3.2073 19.973 -19.818 -13.845 6.9392 0.83454
17.682 -18.452 0.72351 -1.1845 -0.28282 10.332 -14.846 15.136 3.1228 -6.1989
18.245 9.0668 11.568 12.204 2.3572 0.7384 16.737 -4.2194 -0.27093 -9.3314
3.0083 14.907 2.8467 -15.612 14.185 -0.93501 -9.0089 7.2559 -9.1005 1.7943
-17.609 -8.5674 10.66 11.8 7.6584 -9.0997 10.078 6.2239 6.0163 -16.053
-10.609 6.274 16.807 14.721 -18.187 18.526 19.14 -8.7798 -4.7115 3.0805
-5.8737 -10.725 -11.588 -16.106 16.042 -7.2221 2.9339 13.107 -11.522 -13.644
12.848 4.8782 4.3246 -17.366 -9.8298 -1.8819 -0.82249 14.959 -19.526 -12.656
-19.384 -16.995 -1.371 -17.589 2.2278 1.3287 -15.247 -8.4374 18.6 -13.774
-18.279 18.67 4.668 -1.7988 4.5296 11.335 2.0188 -3.9039 4.6436 -19.953
-13.24 4.3988 -11.876 15.177 12.807 -3.5066 7.9943 12.546 11.13 -13.999
5.9646 -4.6514 7.104 -6.0859 1.9408 16.392 8.2969 -18.003 -1.8268 15.35
9.2689 -18.777 -19.307 -2.5325 -18.949 -15.174 -10.322 -16.135 -2.5551 1.2382
5.9098 14.303 -10.936 -14.752 13.501 14.899 -0.34926 -7.3729 15.733 12.976
-1.9631 4.1417 16.579 6.136 18.43 6.0555 2.1332 16.133 6.704 -18.668
1.8804 13.914 10.737 1.4996 13.246 -2.7402 -2.3722 3.0435 -17.884 13.701
-8.1472 0.18465 1.3325 9.1645 -3.9102 -14.513 6.7319 -13.17 7.1742 -7.3987
9.7877 -19.684 -17.265 -14.715 0.12755 -19.263 17.364 -16.789 19.964 10.139
-12.442 16.763 -12.017 15.768 6.1059 -5.3705 6.0896 1.8756 -13.809 -5.8557
7.471 -3.5718 -19.519 -1.6821 7.8437 -19.308 -13.312 13.34 6 -19.586
-12.66 9.2946 18.663 -15.975 11.189 -1.1423 -10.398 -14.301 -3.042 17.309
-5.2606 -13.956 13.288 -3.9585 15.137 -14.734 -4.5868 16.116 -6.2797 18.755
5.0247 12.609 -2.1876 14.731 -10.8 13.794 -7.1732 -4.3331 19.897 5.6885
11.209 16.384 19.62 18.298 12.014 18.296 3.1093 -15.59 -0.047745 -4.0024
-16.755 11.118 11.771 -19.144 10.129 -12.155 19.488 -7.876 11.552 12.449
17.175 10.285 -0.45555 17.798 19.293 9.5097 -9.2622 17.207 -5.2623 -11.652
11.029 -3.7921 -14.776 16.876 -15.556 -17.776 3.123 -15.952 11.188 11.339
-0.52833 8.076 -11.51 4.4385 8.6746 0.57975 -8.3148 9.7358 -12.437 -15.203
-2.5657 2.6184 13.244 -0.39323 6.6675 -15.249 16.734 -2.9255 -8.0745 -9.052
-2.1287 3.3895 -7.0485 -2.21 -12.881 5.7061 -15.425 -8.3931 4.6229 3.0694
-7.746 -6.2034 9.5507 -4.1273 -5.8127 -13.494 -1.0255 -9.2505 -10.809 -1.2308
0.34035 8.1693 -13.605 -13.924 -4.4077 -17.533 11.966 19.669 -0.035297 17.04
0.43086 -13.565 9.2588 14.807 3.4032 2.3401 13.033 -7.4034 4.1454 1.4142
12.705 -19.939 -17.852 -0.57303 -12.216 -14.225 -5.0439 -9.9258 -19.182 -7.8422
11.793 2.48 8.5756 14.396 -13.075 -5.2687 -8.3359 -2.2079 -9.2357 1.893
5.7727 1.8594 -15.131 9.1286 16.715 -11.952 -5.0175 15.601 7.9806 -19.953
-4.8556 2.0331 19.362 1.7027 -5.8182 -19.993 19.469 -16.927 -0.698 5.3671
12.463 7.7815 3.7239 5.2303 -17.275 12.4 -2.6679 -7.3731 1.0883 7.4421
1.313 17.1 -9.2183 -9.2369 -12.143 16.123 12.617 16.769 17.905 -2.8589
-5.9709 17.768 -2.7199 3.6725 0.14177 -2.3739 -17.43 -8.9357 4.9911 -7.6816
17.56 16.131 17.22 14.652 -4.2895 -5.3666 -2.8898 4.95 15.795 -0.72202
15.038 4.1643 0.31541 17.022 16.212 -5.4078 -19.202 -0.32913 15.579 16.365
2.0063 17.048 -17.436 18.045 -10.265 -8.485 -4.7391 0.25712 0.75436 -15.885
4.899 -15.322 6.3645 -17.332 -10.685 13.404 -3.441 -6.8284 -18.154 0.42793
3.4818 -6.3679 -2.0331 17.846 -19.357 19.035 2.3927 -19.381 -9.4295 -15.787
-11.69 -18.531 -14.113 -0.13467 -1.9991 -11.428 15.337 4.6467 16.158 16.206
-7.9501 1.5348 11.009 -17.279 7.8212 6.6405 -0.53783 19.32 -5.8752 16.597
-1.1631 9.4892 1.2505 -13.854 8.2379 -2.37 10.562 4.1118 -7.1366 -14.754
-10.78 -12.751 -16.484 -8.1571 -1.6004 -3.4885 6.8334 0.44592 14.224 -10.927
13.772 -2.9501 16.018 -13.25 -16.09 13.862 12.347 -0.24143 1.1627 9.7177
-12.209 -16.073 14.726 9.4078 5.9703 0.094581 19.695 -11.601 -16.926 -11.887
-10.963 -7.8711 -17.748 15.188 5.0979 -10.839 13.184 5.5418 19.892 3.361
-13.172 11.205 5.6023 14.057 -14.042 8.4817 -11.706 9.5089 -13.686 -15.216
-10.893 1.4784 15.571 6.8812 -11.917 -2.7127 15.008 -9.9388 -6.4241 -5.7315
-2.5721 10.763 -6.0911 11.94 6.5086 -3.3622 -14.698 6.1899 -12.657 -14.242
-7.5559 5.5577 6.6688 -15.981 -6.8222 17.251 -4.5178 3.8091 18.31 -12.909
16.935 15.726 -1.8216 0.90674 -8.7821 -14.115 -14.579 1.562 16.756 -17.185
-2.7917 -17.572 -2.1248 -17.652 -3.5397 -19.206 18.861 -16.534 17.413 -8.4095
-12.607 -12.969 -19.319 12.546 14.142 -3.0393 -16.924 19.561 -3.7833 5.2043
16.195 -3.3467 14.457 -6.1726 -7.8188 17.872 10.907 -16.873 -9.8917 12.24
19.19 9.5917 17.513 13.157 10.387 9.2308 10.902 -16.458 15.266 -10.758
-2.4452 15.718 -0.84904 8.9985 1.8878 -7.5237 -7.3969 -19.379 -11.117 17.569
-15.555 -18.966 2.7933 -6.5082 11.113 -13.797 -3.6452 18.17 -2.2163 -13.192
-9.6774 -14.497 19.712 -11.541 11.482 19.565 2.1033 1.924 -5.1723 -12.369
-3.6512 -3.0365 -3.8346 -6.4064 17.753 14.116 -2.6011 4.238 -4.6149 -2.258
3.7958 10.583 -11.206 -1.6283 -15.495 6.9439 -15.283 -19.49 -12.325 -5.342
-9.5115 0.97749 14.66 1.1499 14.664 -9.2191 10.588 1.9652 -9.632 4.9169
4.1137 10.179 7.5609 -3.9518 13.988 16.102 6.4733 0.23495 18.171 -17.153
8.4486 -13.208 -13.141 10.077 -8.1947 -9.3718 14.38 12.123 -5.296 2.6396
-11.13 6.9091 -19.639 -18.922 -10.666 14.146 17.379 0.36528 -19.9 -19.442
-15.303 4.7461 -13.237 -5.014 -0.91164 -3.2348 -1.2067 10.316 19.169 -10.858
-8.133 -19.726 -11.744 -12.533 -12.358 -16.573 12.956 19.159 -15.356 -2.9681
-7.2489 9.609 16.065 -5.1207 16.559 17.418 -16.426 16.533 -7.9882 11.714
-3.0333 19.669 8.3656 -6.7661 -7.3656 12.943 -8.0147 -7.0026 -18.193 -5.6519
0.31433 -14.873 -14.723 -19.26 -15.651 17.298 -16.832 1.9803 2.9995 -11.595
-16.579 -5.5767 -2.9918 7.4092 -2.4288 5.4812 -6.0334 14.032 -5.6271 4.092
-9.5007 -12.357 6.4579 6.8935 1.5151 19.461 12.369 8.9502 5.017 -2.6491
12.041 8.5759 -7.1047 13.321 -18.033 5.1701 8.0097 9.3196 8.0436 10.227
-18.831 -12.885 3.8975 -2.5445 2.0574 -2.8365 19.02 17.656 15.477 0.21319
17.154 19.474 -11.574 5.4297 3.6572 -8.9193 17.026 6.9296 -13.33 13.5
9.2132 -19.32 -12.415 6.6046 -8.9903 13.173 -16.243 -0.46488 -19.339 -18.934
-0.45564 -18.408 -11.667 -5.7691 -3.263 17.178 -14.592 -6.2739 19.538 11.18
3.141 12.173 8.5338 -7.2586 -0.034608 18.183 -17.675 14.733 17.638 -6.7612
-10.509 14.392 -9.8921 7.5909 4.526 -13.323 4.5342 -6.322 -5.4345 -0.73885
-1.646 2.6501 -9.1994 -18.947 13.531 -12.785 13.21 -5.9788 10.068 8.5423
18.524 10.165 -0.72971 17.597 15.856 17.908 3.7752 -11.045 -19.136 12.3
1.8722 0.78059 -11.173 5.0617 -0.53225 5.2828 -5.6162 -17.285 14.84 16.712
0.84543 3.4362 -5.8134 -14.596 -9.9707 1.8575 18.889 17.5 9.4375 -19.749
-10.736 -12.371 5.5094 17.541 -13.917 5.8642 -9.4789 -7.9954 7.4929 10.518
-0.44409 0.13766 9.9902 -1.2857 4.8981 19.609 18.907 16.874 3.7852 3.3135
4.9624 -17.963 -0.30314 17.328 14.347 12.524 2.0246 -11.139 6.558 -6.9253
7.1654 -17.756 4.6956 18.93 15.63 16.534 -2.1867 -1.9561 1.8117 -7.3901
-4.1794 -6.5921 -7.2219 -8.6255 -13.717 2.3649 15.938 -10.804 2.9747 7.1378
-5.3025 5.2362 -7.9 1.5524 3.8692 -7.4855 0.0947 -0.96872 16.207 -14.002
19.519 15.679 -14.328 -19.497 13.391 -2.2417 16.757 -9.144 -18.275 -6.3266
-18.49 6.9359 13.774 -13.714 12.403 -9.3617 17.308 -5.8502 -7.6621 18.935
15.407 7.4107 -8.4738 -5.9341 11.905 -14.291 -15.402 -5.4539 9.197 -5.6292
16.531 7.8298 16.353 10.925 15.136 10.682 9.512 6.2829 -2.7673 14.856
11.847 11.993 -15.472 -7.192 -3.9426 4.3603 6.4729 -8.814 9.7218 3.774
-16.052 6.4242 4.5544 2.1391 13.515 -11.289 10.632 -17.601 -14.632 5.4945
-9.5252 0.79746 -8.6438 -4.7951 5.0418 -1.2258 -14.775 -5.2406 19.87 -7.5974
-6.5857 -6.7305 0.32528 10.008 -11.72 11.787 19.179 -9.5003 2.0026 -14.431
7.1891 17.367 1.555 19.403 -4.9433 3.4429 6.8706 -3.1772 9.3085 5.2662
-14.538 -10.141 -17.914 -2.1153 8.3505 16.543 15.081 -12.001 0.27425 11.984
8.8491 0.44825 -2.5167 -17.015 -18.85 10.081 -17.835 11.273 2.9919 -0.95075
-15.73 9.6127 -11.251 -15.982 -8.6754 12.373 -0.3452 -14.676 -17.47 -3.7533
6.1503 -9.8333 16.734 -6.551 4.8933 9.0806 -0.48116 -6.3118 16.781 -11.737
-0.23304 13.823 7.6581 -8.3116 -15.869 13.815 3.2722 -7.4433 6.4387 -11.092
11.162 1.5262 -15.363 16.679 -5.2053 4.6355 16.465 15.156 -11.495 -10.255
8.6015 16.405 -5.6151 0.19049 0.045744 4.5408 10.146 1.9366 6.8371 10.248
16.149 -5.9717 -7.7578 3.169 -7.0541 -19.613 15.437 -17.733 11.581 14.901
15.637 17.413 -7.9101 -17.933 15.82 2.5258 -13.017 12.509 -16.6 -12.686
-6.6335 17.109 2.4578 -9.3293 8.0796 14.163 -17.042 6.3601 0.86769 15.484
7.9498 3.508 11.844 11.315 -15.178 -1.9244 -9.2286 -15.313 4.6073 -7.1368
-12.088 -15.93 -1.2021 1.5211 19.802 -6.4678 -11.492 -8.8222 9.4056 -15.547
-18.778 -5.325 11.647 17.59 17.757 -16.593 -6.853 1.2285 3.0151 -8.959
9.763 -8.9662 -3.2492 1.5044 11.495 15.795 6.4329 9.2909 -15.123 -8.1625
0.00089742 -9.3561 9.5812 -3.482 4.871 -2.2117 -0.7935 13.054 -6.4554 8.8256
-0.80311 -10.938 -5.6991 18.564 18.028 15.743 -11.535 -10.823 1.732 -15.88
16.189 -19.947 17.993 3.965 -15.556 1.087 13.245 16.903 -4.9467 -6.8276
4.3947 15.72 10.006 17.651 15.077 -1.8797 -11.164 -5.3018 7.673 14.439
4.7067 -1.8601 -19.217 10.44 10.723 -19.435 8.9317 -18.478 18.117 0.91883
14.378 3.1368 10.207 -15.565 7.403 -9.2869 6.4605 5.9556 19.705 -5.157
12.22 -7.3758 16.472 -8.5947 8.77 11.947 -10.961 12.712 10.359 -9.9494
3.0689 19.761 -6.0898 -11.496 4.2494 -11.785 9.6735 -3.1578 2.184 4.0947
-12.683 19.356 -17.149 -3.4093 -14.579 5.7127 15.689 12.2 -16.281 6.3322
-10.403 18.582 14.204 0.066847 2.7107 7.7468 8.862 -11.725 17.923 -18.809
15.46 6.6506 -16.226 13.648 -6.1469 -16.117 -3.5587 -7.553 6.5467 -14.266
-18.853 9.0463 1.9827 11.184 7.1306 9.5738 8.6221 14.904 13.618 19.985
-0.40394 -6.6383 16.621 3.3462 -6.4353 19.044 17.663 3.4694 18.925 -14.873
-13.283 0.91091 0.88046 0.7593 -6.8669 10.296 17.416 10.072 -13.063 -0.075927
19.147 -9.0658 -17.921 -8.0368 -11.421 -11.738 2.6658 10.2 16.797 3.4173
8.5078 8.7352 -2.3636 7.6061 -5.1287 -13 -18.586 -18.879 13.411 -15.162
0.018865 11.121 7.6476 5.1164 -2.3569 16.433 -17.591 5.6899 -8.5703 -19.047
-1.1565 -16.757 -9.5449 11.056 -1.319 -9.216 -12.461 7.7155 0.27407 17.982
-17.615 -11.137 15.836 14.72 -9.4123 -12.423 -4.9543 -10.713 7.0573 5.2517
7.2789 -11.842 -1.6115 -18.942 15.606 -2.5822 2.747 -8.3809 -10.122 6.0843
-18.303 4.964 -10.719 4.6207 -17.984 16.496 6.7613 -11.776 8.2286 7.9561
-17.142 9.0082 -12.162 -12.068 -2.0343 -12.395 16.199 13.726 -14.864 -6.6654
0.86599 13.375 13.988 14.591 15.818 8.3607 11.177 -16.188 -16.988 9.8734
-16.131 -19.244 9.6643 17.128 16.449 10.546 15.444 -12.372 1.5374 5.9535
12.726 -11.915 6.4886 13.89 -13.608 -9.1142 6.1619 10.523 7.124 17.613
12.702 -1.2363 -15.716 -18.448 3.3741 -8.197 -14.947 -11.406 7.8288 -19.324
8.8976 -4.8642 13.447 1.0888 -2.1235 18.449 -19.936 -18.126 -16.386 -3.8574
-14.005 -6.3843 -1.8034 -5.4471 18.937 -11.464 -13.042 -12.855 -6.5017 17.37
6.3842 -17.446 6.0252 -17.195 11.084 -4.7765 5.3545 -2.5143 12.656 16.837
0.7438 10.453 16.177 -10.07 18.239 6.7093 12.721 8.0627 4.3676 9.5896
18.919 -3.8935 -15.572 -17.637 -10.521 -5.0337 -2.0361 -2.5337 -11.915 -12.367
5.9597 6.9716 4.1532 -10.746 -17.452 7.3252 12.357 -6.6913 17.239 18.923
12.013 2.043 -19.345 17.418 -10.831 19.013 -18.852 -0.56155 -13.555 8.6247
-1.8481 -17.942 -16.352 12.269 11.257 6.7569 -18.599 -19.561 -6.7303 -7.6136
-2.7043 -7.7002 16.227 -18.477 18.593 7.8973 -4.6603 -17.846 -19.986 11.536
13.013 18.618 1.9048 18.726 -11.012 -10.1 -7.7303 -5.7083 18.068 -7.5154
-16.661 17.259 5.7683 17.202 15.393 14.901 -7.2107 10.759 -0.27912 11.592
-14.673 -4.8789 -10.565 -18.163 17.873 11.063 -10.779 4.5738 19.124 15.723
-13.064 4.7068 4.8229 -6.8192 -12.513 -14.397 15.443 3.3571 1.8147 -19.959
-4.3625 2.5013 -16.841 8.6608 4.836 -9.8887 -0.50851 8.1829 6.1067 -15.367
13.255 13.222 5.83 -18.742 14.503 2.2832 -18.357 0.40729 -8.6578 -11.458
12.135 18.308 -12.948 -10.286 -7.6474 0.39381 8.4771 3.052 14.347 -6.3706
-17.581 -16.98 4.757 -7.7386 -13.121 19.041 5.7445 18.626 -15.494 -17.613
-4.0297 15.521 18.813 13.36 8.9656 11.197 18.163 -14.103 7.7923 11.551
1.075 2.4979 6.7677 0.87315 3.4445 -10.282 6.4723 11.017 -3.5291 -16.752
-3.328 -12.226 -6.7275 -15.381 -1.7493 -16.453 -8.7358 7.5839 -7.9155 -13.049
6.2744 -11.142 -1.6845 -14.428 -1.847 12.138 11.157 -15.27 -12.847 10.458
5.1189 8.2305 -19.002 -3.8184 -15.268 8.1278 -17.043 10.363 10.169 -12.665
-8.3206 3.8705 0.92419 -13.627 -19.978 17.026 -8.4135 -6.6597 -3.6482 -14.284
-2.734 3.4518 19.568 17.778 16.169 -3.9006 -6.7471 7.0685 9.8584 10.315
-19.381 18.74 8.9345 -14.806 -13.647 -9.793 -11.858 -4.0915 15.274 -12.836
19.363 3.2697 -4.1222 -10.889 13.843 9.5972 3.4485 -14.659 4.0241 17.518
-13.313 -16.008 3.6292 -18.93 -0.93248 -3.7755 2.4406 4.6659 0.38272 -11.67
-15.751 -13.336 2.9272 15.632 -7.3577 1.5691 -19.807 11.861 5.5857 -8.5951
-5.1036 -15.916 0.30697 8.836 -14.933 -13.65 7.6366 3.5447 -10.205 19.149
-12.075 -14.15 -14.178 -11.838 6.897 18.785 -8.1235 2.5902 -16.306 -0.9898
-0.41249 6.8626 -8.3621 -6.3766 16.604 2.6225 -0.018189 -12.765 16.826 -9.2195
-6.4203 5.5941 0.045763 3.8516 -6.3024 -14.794 -3.867 0.46115 -15.268 -18.365
18.065 -5.1026 -14.325 4.4994 -11.836 1.2401 5.0553 18.59 -13.236 10.192
16.813 -13.485 -3.7447 -17.37 2.9853 -10.503 6.1064 1.8914 13.942 -10.179
-17.893 -4.4192 3.7241 -12.937 1.6909 14.401 -17.423 2.1744 7.4008 16.189
9.5143 11.999 12.375 -13.062 -4.9052 16.796 5.1057 -12.247 16.958 -1.5843
-9.2352 -4.0083 -1.176 14.259 -16.553 3.4015 -0.42652 -9.2183 5.4278 8.8855
-3.0866 10.205 6.9649 3.1815 -3.2282 -6.3605 -19.535 17.18 1.744 -17.646
1.9148 -8.1916 10.287 -11.927 5.6514 19.767 -19.771 -15.88 14.669 -19.528
17.709 5.6002 -12.716 7.0171 -14.96 7.2447 -0.51761 -12.656 -5.7489 -3.9897
-3.2902 15.405 4.7856 -16.021 7.3413 -12.846 12.012 -10.277 7.6223 19.805
19.322 -11.614 10.797 -19.836 13.256 -10.566 8.2544 9.7863 6.5929 17.413
-7.9418 -0.78574 -3.1565 2.4681 14.2 9.4559 -10.64 -10.243 -13.418 8.9654
8.044 -15.48 -2.4404 -5.7412 4.0419 2.2182 -3.793 -3.5418 18.763 17.637
6.6536 -14.705 -0.44879 -2.7209 12.127 -18.415 8.167 -9.4112 -0.6269 -8.9
1.5651 -17.44 -11.327 -9.0371 9.0053 2.2862 -8.1932 -1.1903 -10.346 -4.216
7.9242 -16.828 13.316 0.23227 8.0473 19.009 15.28 -4.6295 -0.38635 -10.46
6.6611 5.0782 0.061755 -9.4816 17.534 8.3534 -17.458 -11.648 14.721 11.046
-12.875 -3.5466 -15.891 -19.767 -12.445 18.656 4.9474 -16.905 12.524 -17.296
-14.879 5.5436 -5.4256 17 16.166 15.985 3.8662 17.635 -7.2655 -0.17146
19.963 14.262 12.832 -0.22029 16.938 3.2069 11.618 0.8832 17.454 -16.5
-13.155 10.543 -15.086 -11.157 8.99 8.5337 3.9804 -8.7902 5.6645 4.8623
-18.696 19.046 5.9743 15.402 -5.0363 13.747 13.894 -3.3232 0.52587 -7.3334
2.448 11.261 9.465 -15.187 8.0872 7.5315 -13.659 -9.4166 -14.444 -16.313
15.275 17.423 8.4266 1.2797 -12.666 -13.501 18.102 0.98503 4.9952 16.758
6.767 9.5661 -15.787 -13.187 17.603 -14.384 6.5575 -3.768 -15.157 -14.459
-12.383 -9.8552 18.344 18.624 -10.895 -6.177 15.084 2.1439 13.759 19.914
-5.2433 8.77 -3.0523 17.805 4.0572 12.509 -15.297 -9.1715 2.1014 13.804
-1.571 7.7405 2.4045 -0.33347 -18.935 -19.802 10.301 11.693 10.355 7.4982
19.266 10.933 -16.049 -13.31 11.232 -10.491 -0.26018 -18.724 8.8056 17.27
-13.744 9.8887 -0.67529 8.4355 -8.0389 -18.725 -10.844 7.225 -14.004 2.8776
14.221 -7.2647 -13.855 10.271 -5.8268 7.0777 0.39976 14.903 6.1906 -8.4695
5.7906 0.41724 -7.6612 -0.80515 -13.966 14.064 -14.187 19.672 1.9281 4.2801
-4.9491 10.923 -14.763 13.46 -2.1405 10.777 -16.636 11.87 -18.24 -1.5556
-12.363 2.9126 -6.2593 13.483 13.955 3.0579 0.051382 6.027 -9.1999 -10.529
-2.8699 18.154 6.5224 2.813 16.086 -9.2481 18.804 1.404 1.6896 13.215
-0.71912 -13.137 0.64811 11.323 -3.0515 16.645 -14.711 -8.5041 -9.6381 -8.8006
-15.176 16.289 11.867 -0.9701 -9.1269 13.466 18.726 -16.063 -1.4896 14.965
3.5803 10.089 3.0638 11.107 8.2025 17.213 11.966 3.5955 -0.33459 -15.743
-10.952 -8.553 -17.325 15.84 7.1453 15.456 19.14 16.573 6.0954 -13.908
-4.6152 5.0964 -10.061 18.257 11.107 10.582 16.65 -5.1515 -5.3175 8.8313
3.3195 -1.4869 16.347 -14.748 -4.1774 4.3162 1.1649 -8.634 -2.5518 -17.674
-9.9278 -14.822 15.58 5.0566 -18.995 9.9068 18.867 -11.091 -3.1185 -19.221
-8.3824 1.9754 19.592 9.9835 18.381 -8.0721 -9.428 -17.875 10.653 -7.1382
4.6836 18.78 -7.0538 -12.365 -1.0846 8.8505 0.33294 15.929 18.388 7.2466
-9.3888 -2.3144 19.497 -2.2497 15.392 16.058 -0.54281 -12.023 8.2702 13.091
12.975 3.6386 4.5546 -8.3201 14.7 -18.237 -0.13127 8.5708 10.442 -12.317
19.307 -15.561 6.0833 -2.5591 14.456 -6.3005 -7.103 9.2542 11.415 16.72
9.21 -12.006 4.0538 7.1979 -4.8434 -10.464 7.7855 -10.843 -15.308 0.53375
-6.2449 -13.481 11.912 -9.8802 -4.9639 -17.172 -8.9283 7.5348 14.224 5.9701
3.3628 -18.525 4.4179 14.886 4.622 -2.0629 -1.4316 10.483 7.7361 -7.5886
-15.689 -9.091 -4.9105 1.4481 6.5306 -17.174 7.6227 -5.9978 19.685 1.5492
16.252 -10.795 -13.014 16.495 -8.2308 16.162 -11.954 -10.177 15.213 17.61
15.186 -5.6582 -17.603 -1.3634 -15.861 -1.957 1.545 -11.072 14.976 9.7765
12.71 -14.626 -13.906 -5.0746 -19.157 1.1137 -4.6123 -10.128 18.297 -15.47
-9.5709 19.944 -4.6633 7.7396 -14.056 18.856 11.841 9.2345 -6.1198 11.285
3.7743 0.54083 -19.477 10.277 -6.6929 11.947 -13.525 12.175 -6.2259 14.664
-19.099 -4.4861 18.615 16.338 -18.648 0.97847 6.6385 11.073 15.386 -0.2268
-2.9896 -10.006 -7.2725 -17.508 9.3091 -7.2178 -7.3223 -13.504 0.1382 13.754
-7.4912 -5.4099 18.224 11.338 -2.2739 13.528 -6.5666 -6.1131 12.705 -12.074
-13.541 -4.0377 -18.842 -13.285 -3.8267 -17.558 -0.15179 -18.772 13.753 -3.5463
-12.849 17.052 -4.1128 13.314 -16.304 -11.789 4.5345 -18.601 4.2202 1.8944
-3.0846 -0.18108 -8.8876 -14.822 13.18 -8.6323 -8.1846 -0.8 15.522 -0.63393
-16.231 4.3675 -5.5259 -0.31809 17.086 9.32 -18.112 -19.038 -15.511 14.219
3.9409 -19.808 11.218 13.575 12.91 2.8147 12.031 15.074 14.447 2.5233
-1.163 3.5092 -2.1734 3.1428 -15.296 4.957 -12.013 7.1345 -11.905 14.059
7.838 11.098 -17.708 -8.9748 -13.192 -9.7312 -2.481 12.772 -2.498 -2.4508
7.9955 6.2873 -18.08 -5.5063 11.778 -13.217 -4.646 -12.163 19.586 -6.0652
5.5412 1.1326 1.2326 1.3737 -4.8314 -10.426 1.5967 -1.7195 6.4973 -4.0119
-18.656 13.031 10.671 17.528 15.695 -16.359 -4.2115 -2.0412 -12.437 -7.1287
-17.248 18.497 4.5852 -8.6675 5.1366 14.194 -2.746 -10.845 19.206 -12.025
-7.216 -7.4505 17.297 5.5923 -10.111 15.178 -13.593 -15.566 2.0181 -2.8072
1.2346 11.883 11.263 -18.49 12.744 7.6551 -11.195 3.3815 -2.1556 15.334
6.1778 -8.593 10.196 10.288 1.9014 -10.544 -18.914 3.152 7.367 3.9555
-3.6952 -19.404 -6.9513 -12.504 -11.894 4.6313 1.2994 9.7152 0.59265 11.645
12.799 -16.234 0.87925 0.38516 14.591 -7.5453 8.6564 10.91 10.341 -18.158
8.7344 -6.8511 5.8232 3.6814 -11.11 -1.9242 -19.874 1.1043 8.7747 15.077
18.746 -7.7773 0.44954 -10.437 4.048 -13.463 -4.9471 -5.6772 5.872 -11.849
1.2534 -19.279 6.484 -0.56736 -10.143 -10.913 -11.048 -6.4062 -16.479 -19.133
-6.9942 -13.512 -10.748 16.825 16.121 -18.277 17.1 16.074 3.5228 15.101
-15.775 -2.2404 19.303 -5.4987 5.4824 -8.0721 -5.4168 6.9629 -8.592 10.968
4.4383 10.671 -16.563 -17.458 -14.223 -1.0639 15.302 -6.9699 -8.4176 13.871
11.152 7.2502 -3.4929 4.2606 -10.645 -6.2517 -15.865 14.377 -1.6426 17.657
-3.0619 8.5815 19.411 -13.036 11.408 13.152 -19.061 8.1406 -17.95 1.1627
-16.367 -1.6088 -0.58965 5.2505 14.839 -14.29 -18.911 16.777 -17.395 -16.811
-9.3411 16.771 4.4749 -5.7273 2.1541 -16.502 -13.598 4.3127 19.035 -19.048
-13.854 19.558 -19.551 7.6429 15.911 16.255 5.7514 -7.302 15.276 -14.917
-8.7598 17.304 10.742 -17.799 17.933 16.15 11.459 0.34164 13.625 4.933
-2.3966 -1.5391 9.6624 -6.9249 -8.028 -10.618 -5.6587 14.506 16.149 -17.775
1.0857 16.197 -11.306 4.5126 -0.020183 0.31217 -1.9029 -19.687 -5.0591 -10.618
-1.703 -4.5419 -4.1071 19.313 -4.2533 2.0251 -4.6005 3.4961 8.7722 2.0351
15.015 4.1207 -9.4974 -1.8135 17.962 5.5333 15.884 13.952 19.335 -0.20197
0.72208 2.4128 -16.854 -9.8669 17.584 2.9116 17.675 -13.971 -19.653 6.1782
17.745 13.834 -11.195 -18.511 9.3416 1.2588 -11.157 -6.5826 -1.908 19.49
5.5084 -8.6078 -0.6006 2.5908 -5.989 16.764 11.213 -11.683 -8.237 -18.706
18.308 6.5327 0.61185 -18.172 -6.456 -19.362 -1.8732 0.25451 4.5295 -17.684
-10.372 4.0903 13.56 17.511 11.558 -11.707 0.86464 12.318 -2.2573 18.681
7.0449 6.2585 -3.4739 -1.8432 11.775 3.3103 17.957 -19.092 15.238 -6.7201
-8.4374 -7.6026 -3.913 14.786 -5.9362 9.649 -13.194 18.602 -4.9488 1.2969
6.8723 -6.7342 18.107 17.082 -6.6303 1.0572 7.5088 -6.1386 8.6433 16.136
7.8056 -12.472 -6.5961 7.2609 -3.7817 18.311 -5.6011 3.4764 -1.0763 13.008
-17.28 -15.973 -14.65 -5.7103 2.3815 19.438 -16.864 -8.2431 -9.0827 -8.0617
-9.8084 -8.5374 7.8175 12.066 8.0577 11.936 -8.148 -14.884 7.335 4.7639
-11.038 -5.807 16.911 3.0503 13.075 9.0901 10.114 -19.931 -6.888 16.007
6.7133 1.4305 -0.49901 7.2106 -1.3131 -13.745 11.392 -12.734 14.744 15.426
13.776 19.633 0.2277 3.2971 -12.76 13.96 8.5294 -9.1646 9.3736 -16.863
-6.2215 -18.873 -19.815 16.362 18.947 -17.938 -16.051 -15.046 3.5606 5.1468
11.221 8.3813 -12.461 15.935 -9.892 5.7704 -3.0777 9.5277 7.3738 17.062
7.0133 16.206 11.186 -1.7466 -1.3577 -2.3247 16.578 12.365 14.458 8.4088
-19.731 14.633 4.433 -12.713 -18.587 -19.467 -3.0608 1.3572 -17.974 -1.8533
4.0868 -15.233 11.698 -6.8862 -14.655 -14.078 -15.188 16.043 -18.12 12.96
-4.5292 18.211 13.516 -19.048 -16.763 4.7176 -9.0663 -16.269 16.063 -14.12
16.64 -2.364 7.4943 -19.713 11.393 17.346 6.5683 -16.275 -17.126 -8.7683
-19.954 15.03 -16.743 12.141 -12.798 5.5436 13.398 3.904 -5.0359 9.2247
-1.502 14.598 12.246 -10.298 -6.9602 16.797 -5.3249 11.015 -15.463 -3.5953
-3.026 -5.794 -14.609 11.703 -8.181 9.6315 17.686 14.222 7.7009 -3.745
-1.5633 5.2459 2.7966 11.96 -15.867 -4.8539 -13.742 12.916 17.022 16.507
10.806 14.582 2.9877 -11.799 17.691 -5.5434 12.646 -8.2138 -8.7328 10.228
-7.1011 -19.16 -19.356 -0.33168 -11.739 17.066 7.9802 7.4272 2.9129 -0.52239
11.39 -16.927 17.393 14.002 -2.7539 -3.682 5.758 -14.987 -4.2556 -10.503
-1.1457 -4.9314 4.5912 5.0271 -17.982 -19.356 2.8382 6.093 -1.8057 -5.0712
-18.569 -14.032 6.743 -11.409 7.0317 -16.48 -19.95 -9.087 15.455 15.155
-12.965 -18.636 -3.1291 18.911 -15.574 8.2361 13.961 18.268 14.921 14.075
8.8703 11.29 8.1107 1.4754 -2.6405 15.976 10.136 -3.3884 17.113 -16.183
-1.0606 -6.9102 -1.1721 13.386 13.39 13.197 -15.661 3.3076 -5.751 -11.069
-13.891 12.699 -3.6443 12.622 -16.129 -0.5986 15.632 8.0628 14.28 9.7933
-6.355 -13.055 19.545 2.1931 11.377 -9.0046 -5.7168 -8.4917 -17.724 -2.4684
4.2956 7.0447 -0.58997 -2.8589 -3.9106 -1.4158 -13.976 -14.633 -17.054 14.614
-12.33 15.024 -15.309 -8.3078 5.8225 8.1207 11.615 14.467 14.813 -16.246
9.5371 10.286 14.323 12.106 4.4284 10.52 1.344 -7.7035 14.637 11.608
-10.286 -10.815 -6.321 19.551 -19.422 19.662 -7.7239 13.617 5.713 7.4608
16.697 -5.6423 -7.3448 0.33545 3.4146 8.7921 -3.4193 1.7082 5.8233 7.0998
-9.2375 -5.4734 -4.8989 -12.368 -3.1435 -1.721 9.2912 -13.624 -5.9453 -7.0031
10.62 -9.3023 14.795 1.6464 -18.586 0.55467 -4.8436 -4.164 -17.332 -3.0783
-12.454 -6.5079 1.2573 -10.052 6.3704 -5.7915 -6.7225 -17.12 -7.1008 -19.673
-8.5001 -16.522 -18.994 -4.3382 11.147 -0.61693 -13.406 -14.326 18.4 -19.672
-16.355 -1.9376 -10.066 -11.736 -12.94 8.4489 -4.9485 5.0004 12.606 3.7211
3.0484 -1.8134 8.9472 11.431 16.803 12.726 3.5739 -18.041 -0.96482 -18.287
7.3345 -18.839 -2.7048 -1.0731 -6.9415 9.4984 -6.2551 -15.81 18.95 -16.108
1.8637 5.4841 -9.542 -1.0806 -8.7128 17.922 -9.0978 -11.928 -11.131 -14.785
-2.9708 -17.622 -12.424 8.7277 8.081 -5.9579 -9.9727 2.2123 -11.81 5.7736
5.7777 -13.232 -11.421 -14.88 17.553 6.715 14.268 1.9354 -14.431 10.506
5.9047 7.3872 -0.20422 18.032 13.206 15.527 1.309 -3.4468 3.7492 14.823
7.1607 2.1827 -18.68 9.3936 -1.7998 7.573 6.1764 -4.6895 -8.8374 0.66278
5.4315 -19.759 -5.095 4.7455 -3.7769 10.511 -9.4454 -7.8164 2.388 19.02
17.807 -8.4766 -5.7329 2.4652 19.55 2.0928 15.822 18.824 5.1171 5.9933
-11.643 -4.9355 -9.0117 -10.889 -8.8457 -17.3 18.695 13.307 0.88662 -5.6376
8.3713 -14.14 -9.424 15.403 -8.0021 2.9975 -2.4994 10.669 14.68 15.63
-10.551 -17.019 9.7806 0.56128 -2.6452 -12.024 15.092 -13.066 2.0696 8.77
-15.224 -1.5703 -14.733 -3.2544 -2.4071 0.72775 14.235 -19.325 19.431 1.5841
4.2922 -5.1842 12.123 11.012 -0.82894 18.058 -13.394 -13.062 10.521 -17.376
-1.9945 12.982 -7.8239 7.8886 -12.418 -15.269 -19.26 -2.5041 9.0376 18.963
-1.651 1.5014 -6.2862 19.611 -0.10478 18.744 -3.9533 -14.705 16.911 -19.756
6.4778 12.701 6.3736 3.7164 15.089 14.425 -6.2811 11.816 14.934 19.738
10.811 -1.5848 -18.441 -13.747 -12.43 -17.745 10.05 8.9954 -11.319 -4.4108
-5.9913 -19.439 10.886 -14.768 -19.743 12.407 -14.882 -16.45 6.771 13.436
6.4804 -19.801 7.6034 -13.186 -11.348 -9.0284 18.413 -17.097 -17.217 12.195
-3.3537 -13.351 17.09 -17.359 1.7137 -19.273 -11.867 -19.196 -16.313 14.55
13.677 -5.3624 -17.519 -4.9889 1.1627 -5.8226 0.72492 -1.524 17.399 14.252
13.317 8.7284 7.4987 9.0544 10.161 5.3026 7.9377 -14.961 4.5863 16.893
-9.7424 -13.623 9.0278 -4.4359 5.7827 -5.5219 10.894 10.009 8.1519 14.037
4.5384 -8.8491 13.861 -18.559 7.2992 0.53044 6.566 5.7699 18.493 15.355
