200 2
2.788 2.3864
-0.76547 0.85987
-4.0918 -2.5327
-2.3353 1.6642
-3.4634 -4.1652
-2.1899 1.2596
-0.59915 1.6094
0.27143 2.2975
-0.42576 3.9075
3.7537 4.823
0.18052 2.6903
4.4362 0.81446
1.3771 4.2831
4.5769 0.8009
-2.5929 -4.8302
1.7612 -3.7914
-2.1094 3.6271
1.7181 -0.15703
1.9514 3.4486
-4.3201 -2.9059
-2.4521 0.52291
-2.7596 1.2988
1.6783 -4.6801
3.4439 1.1471
-1.5554 -1.3759
2.8052 -4.5047
1.7533 -0.1043
-4.9328 -3.0749
1.0217 -3.7692
-1.1323 -2.9451
4.1599 -3.5349
-4.9885 -3.1093
-0.37551 -4.5735
-0.75651 1.352
-0.39084 -2.1813
2.7016 0.38597
-1.7753 1.9516
2.8474 -0.0088399
-0.28643 0.35801
-4.6424 -0.54817
-3.2413 -3.7607
2.2176 -0.096427
-0.26514 3.53
-3.4728 3.7393
-1.5888 -2.2971
1.0739 -2.9154
-3.0825 0.6498
2.3843 1.4031
-2.5715 -0.82971
4.1742 -2.9402
-2.3094 4.4793
2.655 -4.1793
-3.1134 -3.9429
-2.125 -3.5796
-4.0889 -3.3354
0.76209 1.2096
1.8336 0.7371
0.46593 -4.4792
-0.74271 4.312
1.4444 2.2866
1.4762 2.3784
1.7902 -4.366
1.3579 3.6044
4.4517 4.3441
-2.9107 4.844
2.0928 3.5894
-2.6377 2.8556
-3.806 0.13377
1.073 -3.224
-0.49862 -1.0141
-0.41275 -3.6607
1.6194 -4.6911
2.7029 4.3914
-1.4978 -1.9869
1.6201 -2.0447
-0.83841 -1.6706
3.4193 -0.32932
3.3292 1.482
-2.4356 -4.7477
1.1346 3.4221
0.82249 0.59033
0.40739 3.541
3.6994 -1.5212
-2.3522 -0.53973
-1.8193 -4.4576
-3.8079 -3.2289
4.3983 1.6281
1.4555 -1.6917
-0.20537 3.9849
1.3932 -3.8184
0.44716 4.8842
1.4731 0.39982
0.43886 2.0692
2.2105 4.9949
0.22495 -2.1215
4.937 -0.85477
-2.8132 -0.3516
-3.942 2.6396
-3.903 3.182
-4.3641 -3.9978
-0.9542 -3.2188
-0.51627 -1.4037
-1.3418 -4.433
2.635 0.21886
1.279 -1.6415
2.7198 -3.2433
4.3285 -2.9105
4.7274 4.0515
-3.0797 1.7539
-3.6113 -0.31532
1.9627 4.1213
-4.0618 -3.9599
0.25404 2.4555
0.30344 2.3627
3.6114 0.61861
-0.15147 -3.1581
-1.0654 0.97211
1.7143 -2.0006
2.4126 -3.6588
0.20052 -2.874
-1.5229 3.9494
-3.5 -4.2855
0.86092 -2.5751
-2.3785 -4.4625
-4.5555 -0.58278
2.5493 -4.8672
-2.5721 3.9719
-0.57598 -3.0334
1.878 -4.0663
-1.4077 -1.9263
2.3634 -0.43942
-1.0529 -3.9833
1.8342 4.9539
2.0405 -1.6791
-0.57695 -2.0265
-4.8042 -4.3795
-1.6914 -2.0176
-0.75691 -4.5365
-2.2973 0.054281
-3.0295 2.6143
3.2172 1.3107
-0.70079 -4.1011
3.8777 -4.1914
-1.0882 2.7724
2.6911 4.0513
-1.0321 0.33772
3.0851 -3.9085
2.5508 3.2581
-1.226 -1.619
-2.8398 -2.0603
2.9041 2.4631
4.493 -4.8966
-1.7243 -4.5155
1.7126 1.6792
-0.61355 1.0347
3.335 0.26102
2.6885 2.2971
-3.3275 2.0725
3.6198 2.8138
4.8987 -2.1202
0.14423 1.9253
3.8428 0.5667
0.88026 -1.0348
-3.4525 -4.3841
-3.0014 2.8018
-0.93045 -1.6242
2.4871 1.0787
3.2558 2.4125
2.8996 -3.9519
-1.8148 -3.7211
0.34064 0.4954
-4.1005 -0.14771
-3.8829 3.9048
-3.6371 2.9896
1.7865 2.3434
-0.04823 -4.4867
-3.1029 -4.2711
-0.049942 -4.1147
-3.5239 2.9835
-4.4503 4.4301
3.5071 1.8372
0.6056 -3.6792
4.2961 2.2272
1.9667 -3.8965
0.82791 -3.8251
3.154 1.4072
3.7901 -1.7119
4.8891 1.5381
-4.9948 2.4913
3.6544 0.83186
1.1257 2.4003
4.8995 -2.6517
0.2768 2.3496
-0.20477 4.706
3.0135 3.6693
-2.7216 -4.1377
-0.019057 -1.3356
4.0085 -1.308
0.74661 1.8503
3.4518 0.97942
