0.29307
-0.66523
0.79235
-0.70366
0.29872
-0.80089
-0.69216
0.2914
-0.32033
-0.52264
0.22509
-0.9741
0.99035
-0.97863
-0.51673
0.9404
-0.87606
0.98043
0.90441
0.96587
-0.50923
-0.43894
1.0006
-0.36986
-0.93476
0.40058
0.90026
1.073
0.79876
-0.89405
-0.79628
0.96949
-0.25196
-0.54876
-0.37405
0.33058
-0.99742
0.24757
-0.32077
0.94117
0.10341
0.90336
-0.29784
0.31115
-0.94152
0.9397
-0.034734
0.73828
-0.49617
-0.87775
-0.71798
0.45266
-0.073202
-0.81857
0.8152
0.68108
0.98024
0.49864
-0.65664
1.0018
1.0095
0.9786
0.93869
-0.92688
-0.15845
0.84011
-0.38646
0.60781
0.86647
-0.5231
-0.44074
0.95117
0.44249
-0.91749
1.0252
-0.70087
-0.20705
-0.31145
-0.65718
0.92402
0.76871
0.33097
-0.57963
-0.67038
-0.97512
0.64571
-0.99911
0.91167
-0.16587
1.0439
0.51401
0.91862
0.35806
0.7286
0.22098
-1.0056
-0.25678
0.6449
0.60284
0.95022
-0.7562
-0.53378
-1.0372
0.47769
0.8759
0.41026
-0.88581
-0.989
-0.1573
0.42575
0.9091
0.88641
0.29706
0.29595
-0.38724
-0.20312
-0.89241
1.0603
0.74125
0.2357
-0.97431
0.3215
0.79569
-0.73253
1.0164
0.57233
-0.4822
-0.56595
0.985
-0.94707
0.65707
-0.86106
1.0454
0.89734
-0.5609
1.0186
-1.0065
-0.66452
-0.75424
-0.11281
-0.052508
-0.5767
-0.64882
-0.80336
0.33395
-0.88083
0.068221
0.51528
-1.005
-0.26637
0.26593
-0.96157
-0.96847
0.94643
-0.60066
-0.19754
0.40332
0.2014
-0.34193
-1.0068
0.17611
-0.69687
0.83788
0.25744
-0.12933
-0.83282
0.63439
-0.11343
0.23741
-0.82293
0.30259
0.81622
0.80944
0.41812
1.0045
-0.10203
0.012845
-0.033545
0.40568
0.9519
-0.34519
0.64288
-1.0283
0.84099
0.75729
-0.045118
-0.61885
-1.0593
0.91515
-0.51082
0.86626
-1.0259
0.25219
-0.25047
0.19486
-0.4572
0.071841
-0.78107
0.60657
-0.33617
