-0.51861
0.38215
-0.06704
-0.92021
-0.99927
-0.95758
-1.0327
0.37083
-0.6689
-0.939
-0.2074
-0.18232
0.12794
-0.38927
-0.65099
1.0808
-0.78756
0.76222
-0.11646
-0.57993
0.85256
1.1176
0.90773
0.98928
-0.34194
-0.49135
0.085583
0.73128
0.65128
0.92119
0.43223
-0.85425
-0.048579
1.0163
0.77896
0.48511
0.54875
-0.64521
0.66326
-0.92093
0.93063
0.83162
-0.54116
-0.46685
-0.71565
-0.64681
-0.4131
-1.0751
-0.2744
0.48096
-0.98655
0.66806
0.30481
1.0244
0.85887
-0.77596
-0.45212
-0.23373
-1.0375
-0.86097
0.92229
-1.0721
-0.99288
0.85721
-0.94261
-0.91311
0.3113
-0.96105
-0.73654
0.029065
0.11014
0.66845
-1.1829
1.1256
-0.79861
0.88023
-0.89633
0.96977
1.0467
0.44851
-0.76297
-0.9914
0.62752
0.76804
0.98199
0.58139
0.65467
-0.88763
-0.37296
1.1054
-0.16715
1.0584
-0.38082
-0.082123
0.77549
-0.18331
0.062886
-0.95755
0.068045
-0.43011
0.51224
0.93015
0.95612
0.84271
0.90244
1.0858
-0.30821
-0.92066
0.42812
-0.48165
-0.93461
-0.93622
-0.065834
-0.9461
1.079
0.1664
0.53589
0.91785
0.90051
-0.37403
-1.1508
0.20934
0.68736
-0.013768
0.90395
0.71232
0.066885
1.0019
0.056227
0.607
-0.99908
0.85854
-1.0146
-0.25906
1.0449
1.0838
0.42362
0.41506
-0.64046
0.52578
0.99985
-0.88599
-0.13586
1.0467
1.0855
0.66552
0.61705
-0.079742
-0.34963
-0.72661
-0.11956
-0.44263
-0.89832
-0.45128
-0.49121
-1.0672
0.80657
-0.38343
0.52844
-0.33865
-0.15046
1.0734
-0.42917
0.72536
-0.85688
0.25279
-0.087971
-0.31361
0.039844
0.34042
-0.28523
0.49192
1.047
-0.98093
-0.68459
-0.34618
-0.87526
0.64044
0.017423
1.0929
0.28776
-0.486
0.17043
0.62283
1.0727
-0.93373
-0.20377
-0.27824
0.8018
0.16875
0.8626
-0.20357
-0.34457
1.0526
0.6428
-0.158
-0.90653
0.3081
-0.65224
0.49287
0.94036
-0.88557
-1.0453
0.31719
0.16981
-0.87918
-0.74998
0.86597
-1.1268
-1.0305
0.4687
0.13355
-0.29589
-0.77738
0.48423
-0.8472
-1.0128
-0.21281
0.46755
-1.0335
0.4451
0.55842
-0.86832
-0.51255
0.11015
-0.05788
0.1628
0.54912
0.42697
-0.78062
-0.87566
0.64664
-0.066745
0.14114
0.97009
0.67606
0.41294
-0.33326
0.95452
0.19401
0.85398
0.10641
1.0424
-0.094509
1.0505
0.71025
0.92688
-1.0864
0.37607
-0.9483
0.32085
-0.77379
-0.74697
-0.15089
0.81616
0.37632
0.032073
-0.84765
-0.49913
-0.39432
-0.83781
-0.51696
0.75549
0.54497
0.2969
0.46712
-0.81504
-0.6021
0.37321
-0.30695
0.84305
-0.40885
-0.92292
0.27467
-0.76849
0.77299
-0.80064
-1.1434
-1.0823
1.0111
0.37803
0.65439
0.53602
0.050755
0.10966
-0.3988
-0.50964
0.66901
-0.68214
-0.35286
-0.74108
0.38342
-0.80596
0.79454
-0.90567
0.056287
0.91164
-0.81616
-0.025096
-1.0058
0.82769
-0.75246
-0.97753
-0.90065
0.76703
-0.50734
0.94028
-0.033545
0.89197
0.57941
1.0989
0.33764
-0.23571
-0.36651
0.17009
0.48115
0.092567
0.84896
-0.74111
-1.0632
0.27208
0.75142
0.40562
-0.15755
0.70809
-0.7205
0.19752
0.55619
-0.8769
-0.93305
0.73919
-0.77152
0.86768
0.46654
-0.57682
0.22749
-0.87667
0.75875
-0.47495
0.9601
-0.86754
0.36528
-0.27721
-0.9517
-0.54685
-0.60994
0.0034187
0.90287
0.34941
0.111
0.86052
-0.46529
1.1727
1.0442
0.95438
-0.64123
-0.85174
-0.94393
1.032
0.78387
-0.79879
0.78276
0.80896
-0.71179
0.74375
-0.072278
-0.31879
-0.097661
1.1066
0.3183
0.74137
-0.42026
-0.24164
-0.97098
-0.80939
-0.99058
0.42145
-0.35194
1.06
0.67183
1.0785
0.76535
-1.1205
-0.74025
0.096931
-0.079578
0.79297
-0.89441
0.19057
0.76147
0.60841
-0.16458
0.76922
-0.79243
0.62049
-0.34466
1.0435
-0.96058
-0.99036
-0.91532
-0.87003
-0.88823
-0.76424
0.31404
0.50638
0.66753
-0.48032
-0.23904
0.38419
0.28889
-0.6555
0.67917
1.1019
-0.42823
-0.55066
0.50637
0.90865
0.41882
1.0016
-0.77257
-1.0447
0.44123
-0.50775
-0.75964
-0.55826
-0.91082
-0.7305
0.058538
0.29407
-0.54959
-0.93709
-0.59371
-0.8814
0.22697
-0.080832
0.88244
-0.41406
0.88497
0.70817
-0.63336
0.78463
0.76442
-1.1146
-0.81604
0.922
-1.0945
-0.9924
0.26566
0.60686
-0.85621
-0.45964
0.97458
-0.86514
0.48135
-0.11951
0.47601
0.53614
-0.4632
0.64361
0.84573
-0.98876
-0.75132
0.19633
-0.55746
0.03044
1.2065
-0.56815
0.057134
-0.29942
-0.052255
-0.92534
-0.041046
0.95256
-0.94606
0.17499
-0.42134
0.87168
-0.95983
-0.079991
0.76008
0.4263
0.18849
-0.69357
-0.91703
-0.65466
0.91373
1.0208
0.70572
0.48606
-0.88918
0.73524
0.76963
0.79164
0.96829
0.86254
-0.68717
0.37558
0.89564
-0.79636
-0.5674
-0.22986
-1.0499
-0.44334
-0.39923
0.72706
0.92501
1.0487
0.60152
1.1616
0.23392
-0.29285
0.65486
-0.3449
1.0055
0.82714
-0.22538
0.64428
-0.39082
-0.40751
1.0206
0.12494
0.97143
0.30632
-0.017342
-0.082764
-0.89262
0.80515
-0.43965
0.20608
-0.44056
-0.92244
0.14947
0.56001
0.99157
0.20783
0.34164
0.17288
0.41369
-0.78437
0.90913
0.93681
-0.94408
-0.83264
0.77743
0.8629
-0.98182
0.9562
-0.30765
-0.71421
0.04875
0.90462
-0.71656
-0.93192
-0.98198
0.94806
-0.4666
-0.75321
0.94182
-1.0684
-1.0097
0.1668
-1.0216
-0.19205
0.73632
-0.94311
-0.74426
0.019034
0.90821
-0.066603
-0.076826
-0.73882
-0.38504
1.0171
-0.054124
0.27972
-0.37232
0.6545
0.51731
0.54176
1.0499
-0.97664
0.72147
0.47858
-0.57435
0.97793
-0.97639
1.0952
-0.58109
-0.80419
1.2222
0.84046
-0.34742
-0.96772
0.82959
-0.24973
0.23135
0.34256
0.52066
-0.76098
0.76651
0.88593
0.83912
-0.66178
-0.84325
-0.67877
0.91425
0.0030105
-0.86202
0.31478
0.96706
0.24298
0.84038
0.7673
0.046809
1.15
0.98346
0.30359
-0.93902
0.89903
1.0258
0.0054294
0.68633
-0.49673
0.23785
-0.11721
0.70748
1.0051
-0.28654
0.8091
-0.30286
0.57624
-0.48281
0.48882
-1.1205
0.98418
-0.44137
-0.48923
-0.1186
-0.5004
-1.0067
0.86615
0.33259
-1.0823
1.0192
-0.1433
-0.251
-0.28903
-0.44815
-0.6436
0.16253
-0.96298
-0.42865
-1.1726
-0.74548
-0.69573
1.0976
0.12464
-0.61452
-0.89732
0.92129
0.76121
-0.31114
0.26746
-0.95645
0.32067
0.37353
1.1073
-0.78482
-0.8444
0.77141
-0.79315
1.0437
0.87423
-0.97483
-0.25159
-0.95136
0.98937
1.2426
0.18894
-0.97424
0.76915
0.70536
-0.68218
-0.71883
0.42491
-0.46242
-1.0838
0.14283
0.46112
0.58839
-0.25014
0.9985
0.023968
-0.30505
-0.22027
-0.39144
-0.30486
-0.148
-0.61093
0.93927
0.50745
0.027504
0.5353
-0.40442
-0.75193
0.67613
-0.63375
1.0281
-0.46729
0.28208
0.87646
0.53378
0.93152
0.86811
0.70252
-0.33089
-0.07248
0.76831
-1.0295
0.20831
-0.25774
-0.79863
-0.48259
0.72062
1.0633
0.098221
0.91612
0.83785
-0.19393
0.4523
0.74033
-0.39073
-0.2207
0.52788
0.25149
0.42351
0.063539
0.47462
0.67107
0.14354
0.89334
-0.35644
-0.76223
1.0243
0.39161
0.1061
-0.34901
-0.88326
0.3947
0.29885
-0.73478
-0.60555
0.13717
-0.287
0.26826
-0.00069733
-0.23894
0.53355
-0.51802
-0.63142
-1.033
-1.0697
-0.98646
-0.89091
-1.1467
0.72917
-0.38662
0.50648
-0.23717
1.0688
0.78745
0.09428
0.11467
-0.82017
0.78653
0.85605
0.51144
0.86724
-0.023581
0.98633
-1.0395
0.91985
0.90502
1.135
-1.0462
0.95155
-0.6637
0.86722
0.29958
-0.8945
-0.83158
-0.93864
-1.1046
0.50793
0.90512
0.78924
-0.88961
-0.85625
0.99991
0.83102
0.44921
-0.3218
0.51234
1.0025
1.0519
0.96363
0.23047
0.42787
-0.97045
0.92032
-1.0453
-0.43646
0.61638
-0.9837
0.93125
0.9448
0.95906
-0.70856
-0.90247
-0.7935
0.28445
0.069941
-0.37299
-0.87132
-0.025757
-0.57769
-0.56599
-0.14516
-0.70422
-0.69256
-1.0867
-0.36085
-1.1023
0.71639
0.46975
1.1688
0.57026
0.93448
-1.0834
-0.59454
-0.0083019
-0.31027
-0.24172
-0.39775
-0.022911
-0.66283
0.63369
0.94791
-0.98274
-0.15141
0.92462
-0.60408
-0.81557
0.94569
1.1729
0.29237
-0.85913
0.73746
0.39247
0.29885
-0.97842
-0.90857
-0.7369
-0.03526
-0.65934
0.018192
-0.11755
0.3985
-0.63497
0.35473
-1.0444
0.74727
0.49329
-0.22722
1.1064
-0.35334
1.0048
-0.85969
-0.12331
0.86453
-0.65125
-0.15216
0.5612
0.75453
-0.80314
-0.63762
0.051268
0.57194
0.76177
0.035363
-0.36216
-0.74328
0.49197
0.44849
0.32676
0.2846
-0.18986
0.043493
0.87498
0.46296
0.95816
1.0275
0.13357
0.003413
0.52441
0.056458
-1.0876
-0.081492
-0.88347
-0.33851
-0.66906
-0.22817
0.55548
-0.34598
0.27867
0.72361
0.64917
0.84698
0.66766
0.86893
-1.034
-0.91273
0.24603
-0.35224
0.36732
0.73481
-0.51725
0.98174
-0.6342
-0.75374
0.90594
0.84376
-0.96645
-0.9943
-0.8899
0.56311
-0.21952
0.99121
0.43049
-0.19271
0.77683
-0.87535
-1.0726
-0.74378
-0.44058
0.34947
0.56834
-0.2445
-0.01609
0.074859
-0.68059
0.97083
-0.23264
0.3075
-0.9422
-0.72205
0.90474
0.45218
0.98787
0.66833
0.38816
-0.96224
-0.47799
-0.44772
0.64654
0.44373
-0.48924
-0.90152
-0.7555
-0.93073
-0.81881
-0.32133
-0.92881
-0.33661
0.078567
0.09262
0.7767
-1.0721
-1.127
0.63491
-0.22205
-0.94361
1.0492
0.81918
0.41521
-0.44733
-0.44672
0.67707
-0.99254
-0.017379
0.61409
-0.12036
-0.56902
0.27923
-0.79758
0.23333
0.013283
-0.56757
-0.69661
-0.37819
