1000 10
5.4152 -9.2434 3.4721 9.4272 -1.58 -7.9469 -3.616 -8.6182 4.7282 4.5335 
3.716 6.5509 -4.1223 -3.6929 5.6924 -0.8081 1.1651 -7.5778 -0.11264 2.2393 
7.3533 -9.4348 -7.1574 1.5591 9.0118 -4.794 0.36978 -9.4113 6.4776 8.5076 
1.6102 -2.6552 9.2669 -6.76 -1.0784 -5.9906 9.2951 -7.7922 4.4029 -4.8563 
2.5221 -6.5038 1.4109 4.3831 -8.0317 -5.0902 -0.5436 3.6993 6.5633 -2.784 
-7.7771 0.08146 -5.9018 -9.5198 8.8846 3.6621 -8.3511 1.6606 -6.3482 -5.2501 
-5.7261 -0.080276 -4.724 -3.1473 7.724 2.9845 -4.3108 0.21726 -5.0836 8.0271 
-9.2726 7.2976 -8.1846 -0.30789 -0.78006 -2.2711 -6.6051 8.7231 4.731 -7.0216 
-1.1091 1.4228 3.5705 9.6703 -0.27046 9.6088 1.8572 3.9505 -1.8122 -3.8446 
-3.4684 -6.5797 8.8296 0.63629 3.2805 -5.9322 -7.2903 -9.7199 -1.2803 6.4403 
-4.2541 8.1671 -6.936 2.7608 8.2402 2.8591 -2.8551 3.9928 -6.4381 -4.2088 
-0.07096 3.2728 3.3462 -2.9644 0.1495 -0.64896 0.32991 -0.7521 -0.64922 -3.7959 
-6.3659 0.05378 5.633 9.663 4.9549 -1.2133 9.3176 5.8302 4.6199 4.6283 
8.6758 6.4417 8.0241 -7.3945 -6.1384 -3.5245 -5.4683 -1.1645 -7.1025 1.7484 
8.8036 -4.2461 0.18326 -4.5167 4.7351 3.7272 3.8485 -4.3942 -6.8088 2.5488 
1.8293 7.6193 -2.3274 4.5957 0.72893 -4.9084 -2.0666 5.5887 5.756 0.082928 
-9.9838 0.62876 5.0369 -0.82994 -7.3116 -7.4366 -1.0142 -7.9385 -6.1849 -1.6756 
8.0601 -8.1481 -0.93315 6.9409 0.61078 -6.6722 -0.49632 5.2225 -2.1269 -5.0484 
3.6579 -0.32911 1.4083 9.7449 2.2041 -9.633 3.7045 -2.5402 -0.082233 -7.1286 
-8.523 -3.5641 -3.5314 7.4743 -0.91297 -7.4528 -3.8987 4.2606 2.781 3.5347 
9.9277 0.86161 -4.6316 -1.9172 -3.745 -5.676 -2.7239 7.9308 3.6228 -4.1293 
-3.7109 9.1341 4.6174 -3.817 -0.045936 2.7912 -0.54772 -2.6914 -4.6722 -8.0462 
6.1844 -2.6495 -9.8546 1.7794 1.2178 -1.2197 -0.3919 2.6907 -4.8645 -2.9541 
-0.77099 -9.4708 2.9657 6.0315 7.8645 -4.7782 9.495 1.6346 -0.71645 -7.2907 
1.7428 4.7902 -5.9095 2.1732 -6.4732 7.2119 5.5185 3.4958 -1.3901 -5.0636 
-0.44809 -3.5023 3.0899 7.3047 -2.4309 -8.6103 -6.7775 4.1647 3.0742 -7.8465 
1.0491 3.3057 -4.4667 8.9449 5.9359 0.65957 9.6149 -1.7487 -9.7524 6.7099 
-6.4937 -0.043074 7.1718 -3.524 0.13496 7.9112 -6.3327 4.4445 3.1404 -9.2811 
1.7449 7.1537 -2.175 9.3383 -5.8561 1.1001 1.7605 7.2467 -5.6154 -8.4979 
-6.904 4.9726 4.5045 0.39995 5.7728 7.4346 0.85313 -0.075461 5.207 -3.7544 
-1.0909 -2.0417 -4.3494 4.6593 7.2634 -0.49544 -9.3527 -9.1459 -8.5261 0.34525 
0.75243 0.28229 -2.1648 2.9294 -9.1009 4.3657 -9.4599 3.7407 -7.5 3.1832 
-0.762 1.6751 -4.4051 3.7187 -1.9401 0.90865 5.3985 2.3348 0.22494 -1.1241 
6.6822 0.16488 1.3147 -2.5838 -7.8774 -5.0792 -5.6192 -6.6285 -4.2051 3.0849 
9.9234 4.6774 -2.4602 4.1801 9.4979 5.7055 -4.5875 1.7356 1.84 3.5467 
9.4449 4.5718 -7.4118 1.005 -3.6121 -0.30091 -4.7903 5.2622 5.044 5.7343 
4.9186 -6.1174 -6.9485 -0.93762 3.3978 0.23326 -6.6563 -3.4303 7.718 -8.5196 
-6.0009 -0.90215 4.1476 4.0947 0.33125 8.7311 -9.9766 -8.5352 5.3945 -7.2795 
-9.2734 0.37233 -4.6451 4.4476 9.7611 -2.4468 5.207 0.59905 8.8519 4.4007 
-6.2279 -7.0183 6.703 -6.2408 -5.1367 -6.8895 9.704 -9.9732 -7.2051 3.6751 
1.5509 5.6388 -6.5861 7.8131 5.2331 -3.1945 0.29002 2.8586 0.16078 -2.4319 
2.5654 -6.6913 3.5419 -5.2306 3.2353 -9.4198 1.3739 -3.0285 -7.3942 -6.262 
-2.7045 -0.095521 -5.1392 -6.8282 -9.2037 4.0851 -8.2647 -4.8131 4.6471 2.0039 
2.7312 -4.8165 2.9477 -9.2354 -9.938 4.6164 -3.7453 -8.258 8.7602 0.83399 
7.8259 2.4352 -3.3149 2.232 -7.3759 -8.2416 3.5794 2.5267 0.99229 -4.3027 
-4.9296 -0.85776 -0.76576 -1.4709 -1.5642 -9.7671 0.5471 2.8438 8.8877 -6.5071 
-4.2728 -4.8909 4.1303 7.7552 9.6483 4.0582 -6.9336 -3.4607 -4.1516 -5.7174 
-7.4916 0.68801 -2.8669 1.1581 7.3537 0.015423 -0.73372 -8.9366 -8.172 -5.0301 
0.57148 -8.1676 -3.8484 -2.7306 1.2205 -5.1926 -5.633 4.722 8.6478 7.2678 
6.4153 1.2307 4.8167 -2.5355 3.0286 0.47451 -1.5348 9.9777 6.6166 0.50588 
-4.0045 7.044 5.6789 0.73419 -1.5752 -1.6282 -4.0868 1.5938 5.4813 -7.9272 
5.7536 4.5498 0.71254 -8.7574 -7.0117 -4.3327 -7.5746 1.8006 2.3059 6.6879 
-1.2597 0.77395 -5.7227 2.0734 5.4755 2.9269 2.7826 6.7651 9.1405 -4.7143 
1.0108 3.4323 -2.33 -7.7853 4.4068 -9.1237 4.0161 -1.1139 -7.3405 7.2153 
9.7223 7.2137 2.026 -6.3241 -5.6213 -3.083 -6.2188 3.5212 -9.3575 1.7783 
3.7956 1.0386 6.1732 0.15428 -1.0493 9.6 2.8777 -5.5507 2.1058 5.3427 
9.4027 8.2137 -8.0986 0.077815 -5.477 -8.3382 -1.1839 -3.9011 -1.8811 -0.1286 
-8.0807 1.135 5.3547 -1.8334 9.3671 -2.5667 -7.8794 -9.9851 9.3227 -8.7633 
7.9618 7.1668 7.4686 2.6515 -8.168 7.3986 4.6465 -4.7997 9.5464 -8.8101 
-8.8311 -0.94474 6.6195 5.1702 -3.7697 -0.42347 -6.5784 1.1339 1.8434 -4.8512 
-7.5336 -6.7877 8.3422 2.8673 -6.3952 -8.1605 -6.0011 5.2407 4.6825 2.0171 
2.6145 -5.2557 -1.8163 4.8438 1.6693 9.6453 4.7525 -8.5173 2.2935 -9.6909 
-2.5979 2.2349 7.6697 -2.6827 1.5872 -3.0412 4.3089 -6.6139 -3.2556 6.4705 
-3.6086 -1.3256 -0.44709 -2.0435 -4.6452 -2.0651 -6.542 -7.4321 9.3485 4.6861 
5.9139 2.1431 -9.3736 1.4483 -7.3771 2.479 -6.0791 0.65243 1.0655 6.4393 
-3.9659 -5.2669 9.1555 -8.2145 3.4449 0.36388 6.9431 5.6678 7.7407 -6.4589 
2.1492 8.6705 1.0581 6.6216 -5.3542 -2.0884 7.7778 -9.4319 -3.2079 -0.90859 
-0.76056 4.0682 -4.3184 -8.7087 -9.2014 9.3943 -4.8923 7.7706 7.5567 7.8849 
-4.1481 3.5127 -2.018 1.8013 -9.1761 -4.7649 7.6944 -9.5855 7.0208 -2.607 
6.6484 -2.1273 -3.6022 1.0328 9.1843 -6.2527 -4.8483 0.98977 5.9479 -4.5506 
1.4105 2.9501 5.6803 8.1782 -2.0878 -7.606 -1.2533 -6.1698 7.5933 8.1585 
-8.5898 -1.0149 -9.8865 -5.6941 1.2587 2.5563 8.0195 0.73849 -7.5223 -9.7756 
-4.6738 9.7994 4.6963 -4.1215 -9.9634 9.2651 0.6618 -2.1598 0.8296 4.7578 
-6.5825 -8.1277 2.1196 7.2314 -9.7737 1.1167 5.2621 -8.2743 1.7755 -4.0563 
1.2061 -0.63252 3.3178 8.0835 -5.5064 -3.8366 -7.3764 -1.7862 -9.4039 -4.7305 
-5.9582 3.8736 6.7289 -8.4814 9.7026 7.8968 8.6899 -4.7991 2.5328 -0.83198 
-0.15262 8.8364 -8.3128 7.341 -2.8408 -3.6779 0.052033 -6.1505 1.8434 0.95796 
4.5873 2.6302 3.9008 8.4455 -8.1194 -0.338 4.9266 -2.9294 -8.7602 -8.3852 
9.0999 2.3423 -3.14 7.9421 3.1367 -8.218 -5.692 -6.8646 -6.5154 -9.0622 
5.2474 2.8706 5.0609 3.4245 6.3609 7.0719 -6.4946 1.0747 -8.0371 6.2472 
-8.3986 -6.9693 -7.3735 -2.3983 -6.996 1.8525 4.1965 -5.9445 5.6584 -7.9226 
8.7649 -5.1066 4.4192 -5.6266 7.8369 4.3955 8.3846 -4.738 0.35078 -4.0335 
9.4895 1.0028 -9.4995 -2.5106 0.19738 -5.0119 -8.9881 -9.9591 -7.2372 -7.3412 
2.1422 -5.1738 -1.9077 1.6743 4.7615 1.0023 4.8239 6.3113 -6.6629 -8.1465 
9.1499 0.081277 7.1632 -5.1031 -0.44824 -2.9568 6.2428 -7.7353 6.2512 9.4051 
-3.387 6.025 6.4297 8.7069 -0.70618 9.0193 -5.5467 -6.7317 7.3478 3.8992 
8.0243 3.2703 -3.3292 -1.6128 8.8833 -7.9396 3.64 1.5166 -4.2704 8.127 
-9.9927 -9.2645 3.0414 3.01 -6.825 -7.6026 -7.2565 0.55962 1.6732 8.1381 
-0.3344 -5.8394 -2.189 -9.0888 4.2551 0.13439 -5.8232 5.3937 -0.3498 9.4886 
-7.0505 -1.9375 -1.1585 -3.0457 0.9271 -2.5832 -7.2784 2.74 7.3704 -6.2735 
-3.7002 8.3648 2.0228 -4.1147 -5.0452 -7.9756 4.9056 -4.1107 -3.709 0.76681 
-6.5725 2.1598 9.7774 -3.8369 5.4592 -5.4608 -9.501 5.2653 -5.6726 -6.1768 
1.8581 -5.634 -8.5088 -7.8712 -0.80919 1.5702 3.4509 -5.6705 -2.2168 -9.3773 
3.1522 -3.0217 -2.8739 7.1682 -4.8263 0.031672 -2.0283 7.6068 0.24464 8.8805 
-3.0207 -4.6416 -5.8786 -9.4719 9.7216 -4.2474 -1.3938 -6.9267 -4.4062 -8.0081 
-8.9261 -2.2923 -1.9359 -7.3838 4.443 0.63985 5.7313 3.4226 -0.4686 5.4927 
-9.0566 7.5655 -2.776 6.0138 -3.8573 6.7796 8.2365 -4.591 -1.8563 7.9158 
-8.8828 1.1005 5.7356 -1.6674 4.2666 -3.0131 9.4404 -8.4666 1.6229 9.855 
-8.5698 -3.5018 0.90729 9.1276 2.8284 3.1181 0.8544 4.7862 4.2346 -3.2722 
-9.6865 2.9707 4.1943 0.55517 6.6174 5.0237 8.5227 -8.3133 5.9564 -5.283 
9.4736 2.2081 0.49952 9.7853 7.0668 -3.0531 -1.9478 -0.68697 7.1607 -7.7997 
4.6959 -8.2207 1.6797 9.1212 4.5603 9.802 -7.3054 1.7677 -5.6939 -3.0567 
5.0477 -2.6639 -5.5934 1.4934 -2.0839 2.0743 -9.3111 -1.5857 7.9501 0.41394 
-9.3337 8.799 3.6518 -3.5375 -8.6475 -9.9171 -3.6658 -7.1077 0.96608 -8.5785 
-7.6479 8.4563 -3.3162 8.3228 -6.6964 9.8355 -0.45105 -5.2562 8.8256 4.1056 
-4.7739 -4.7829 3.7898 6.6671 9.7542 3.5379 -4.6728 -0.18085 -8.1303 -4.0064 
7.8672 -4.7085 9.5021 -4.605 -5.1868 3.5104 0.86445 9.1029 -7.6804 -1.8507 
9.4412 5.6066 4.1145 8.1821 8.6526 -9.5331 -0.95896 -7.79 -1.9903 4.3214 
9.8815 -1.9618 1.9795 5.518 -7.9066 6.4142 5.9156 0.35732 8.6768 7.8231 
-3.0643 7.7291 -6.5739 -1.6203 9.0691 -3.9519 4.2995 -5.4989 6.4327 7.4804 
-4.154 -0.95626 6.8604 6.4543 -9.4671 -6.9974 -6.0876 9.0174 -7.2706 6.0327 
-6.2551 -0.060229 -0.20009 -2.2928 3.8498 -4.4031 3.9405 -6.3405 -1.5429 5.5775 
4.863 -2.5408 -4.808 0.6258 -4.7368 -3.3364 -6.702 3.1421 7.0695 3.4767 
4.3604 -2.3658 -5.9195 -9.1108 -5.8942 -3.9453 9.9897 -7.7491 4.2941 5.0439 
-6.2221 -0.83829 8.3455 9.8259 8.2655 0.36228 -3.7971 1.4502 9.3461 -4.287 
-1.3212 4.3557 5.4815 -0.4904 -4.1958 5.7745 -0.61175 6.2482 -7.5461 1.8145 
-9.0881 4.599 6.0183 8.5695 -4.6871 -3.2499 -1.3906 2.0901 6.4789 -9.3792 
3.1095 -3.2774 -7.4264 3.6295 0.13141 1.8302 -3.3342 7.1202 6.1397 -3.1355 
5.6208 -0.71404 -3.3319 -0.89847 1.6238 1.3063 -4.374 -6.8022 9.7796 -5.8983 
7.258 -2.4459 -3.2179 -8.1508 -9.4162 -5.5513 2.7501 4.7481 6.3933 -7.9155 
5.7071 -8.721 -5.4877 9.597 -8.7649 5.5544 -0.31409 4.3468 8.5133 4.0151 
-1.3302 9.654 9.9317 -4.1829 9.9095 -1.9023 -1.0743 0.66915 2.2931 -1.7436 
-3.0436 1.9259 -5.4475 -3.6367 2.086 -6.5051 -5.1937 -3.7002 2.2532 7.0869 
-8.8922 -0.99726 -4.5558 1.9123 6.6109 -3.8898 -2.6898 5.9183 -6.6055 -9.0841 
6.3888 9.4402 -3.0317 8.1834 -2.7236 6.0789 -6.7207 1.5523 -8.3937 -8.5744 
-7.8792 3.7731 -2.6536 -2.7431 5.1548 8.2825 9.0964 -0.024597 1.7647 -3.4387 
-9.8785 -0.24033 0.81582 -4.4719 2.2648 7.2258 6.1229 0.31045 -5.9826 1.7041 
-4.4992 -2.8531 0.97573 2.254e-05 7.143 8.5273 -0.86494 -0.0082013 3.1536 2.9288 
8.8554 -1.3702 -7.8704 0.88775 8.5567 6.0697 -7.023 -5.5521 -9.0666 7.7222 
3.4852 -5.8761 -0.29241 9.916 0.32405 -1.7041 -3.559 -2.0359 -0.60367 7.032 
-2.2868 0.897 -2.4958 4.1997 5.3767 -3.8061 -6.2939 -4.3816 -5.0782 -9.5427 
7.1389 9.15 0.68652 5.3732 5.8233 -3.137 -1.1376 5.9301 5.7714 0.37703 
3.4965 -6.2599 5.2396 4.1486 2.3554 -0.18934 0.14898 -2.9803 4.8336 -4.3819 
2.1619 5.4041 1.4164 4.4028 3.8522 6.8971 -5.1982 -6.8527 8.8438 4.601 
-1.2115 6.7476 -6.7602 4.2217 -2.9472 -7.9437 5.2744 -4.5618 1.8703 -2.9294 
9.2257 8.1663 -6.0698 7.0891 -8.575 1.2651 8.8606 -7.6231 -6.1082 4.2382 
6.4581 2.6133 -9.3947 -4.1203 2.6833 -4.9344 -2.0567 0.55674 -7.2805 4.4263 
-9.79 1.8719 -0.17629 6.8635 6.5587 -7.5652 3.1401 -3.1955 -0.26639 9.1006 
-7.1677 5.4521 -7.6592 9.5148 -1.1723 -7.8861 -3.6771 1.909 -6.0345 9.7697 
-0.3438 -4.5386 1.0731 3.2468 -8.4511 3.9079 -8.642 2.93 0.7215 2.5602 
1.6124 -9.8352 -2.6186 -1.7805 -8.2326 7.5675 -9.7006 9.1968 0.40502 -4.0584 
-4.1402 -4.6316 -1.7244 -6.5603 -7.8887 9.6415 6.1723 5.6199 -9.1651 -4.8906 
-1.2227 0.67709 -3.8925 -0.94712 -0.7388 8.7724 -5.358 6.0694 4.309 -6.4791 
-2.0347 -5.4972 -2.6063 8.1252 6.6412 -0.00065557 3.78 -8.4334 0.1844 6.542 
-7.2539 8.2498 -4.1666 0.42009 -5.3942 1.5132 -7.1426 -1.4202 -5.5395 1.8855 
9.0552 -7.7452 7.4725 7.0909 4.1749 0.13381 6.1843 -2.267 2.5508 9.0388 
-2.7991 -4.6732 2.8613 -3.5037 2.6181 8.9759 -4.2584 4.8859 -0.76109 -7.1582 
6.7395 -0.40408 5.0257 7.265 4.5321 -9.2342 -8.9357 8.7536 0.12619 0.33762 
-9.1733 3.2187 6.3745 0.43006 -5.6169 -6.4271 5.3557 0.03888 -2.7112 7.0792 
-1.5234 6.7189 6.2008 8.2888 -3.1674 3.0746 3.7588 7.6742 3.4399 -9.6534 
-8.4872 2.6943 -2.204 -4.4247 2.4322 -6.2084 -0.26963 -3.0382 -1.5861 6.6066 
-3.7237 6.1368 -9.1154 8.5246 -1.2234 -8.2325 7.9552 5.9372 -7.3861 -5.1532 
8.9197 1.4484 -9.5173 7.2197 -0.34853 -1.0747 -3.9545 2.1153 3.997 0.70996 
7.0901 -0.16577 7.4372 -3.7229 -4.9222 -3.909 2.2859 -3.0296 -6.5722 -8.5647 
-6.5294 6.0303 8.1198 -7.5008 8.5956 -0.47132 8.6149 -3.6002 -9.8269 -2.0171 
0.71767 -1.179 -3.6621 3.3831 5.4081 -3.0133 7.2198 9.7548 -1.5676 0.035602 
-4.1022 -9.0226 5.2188 5.6735 -3.6244 -2.559 -9.4867 4.34 8.1407 4.7874 
8.0574 9.7492 2.9781 -2.2835 -0.053923 7.727 -4.6405 -9.8273 -6.1013 -0.12855 
-8.3723 4.985 6.4597 -2.2587 5.7069 -2.2012 4.5171 2.7436 4.7422 4.846 
5.7495 1.5729 7.0304 7.0334 -6.9873 -6.1654 -7.888 -7.751 6.4327 2.2376 
-6.5118 -3.3167 -4.4544 -1.0185 1.777 -7.3049 -3.9111 7.1602 -0.41832 -9.7151 
4.3998 1.867 -7.71 6.5717 -4.7127 -0.81219 5.033 2.8146 4.9727 8.2735 
-5.3599 8.0329 2.1865 6.7118 -8.1826 -2.3427 9.006 -7.9487 2.9851 5.1535 
-5.8573 6.8589 -6.8763 7.8519 0.44781 6.6261 -4.9949 -4.0244 -7.557 -4.674 
-5.6774 7.3683 -8.9344 5.0289 3.7958 -3.9641 -4.7387 5.3086 -8.3393 -4.5717 
9.5334 -7.9273 -2.4896 3.4925 1.2351 6.8723 5.7078 -3.7816 2.6722 -6.1742 
-2.363 5.7462 8.7156 -7.5944 0.45729 8.9027 5.8852 5.3933 9.1987 -2.1134 
2.7058 -1.8808 -5.9338 -9.4095 -3.8481 -9.9206 -8.2331 8.4975 3.6357 3.6435 
-9.0687 -3.8607 -1.4074 2.2716 -0.46819 2.6882 1.65 8.5839 2.1727 -7.8863 
-5.3586 -9.4696 0.068505 4.6399 6.8989 8.2962 -2.3839 0.92647 -0.34153 -5.599 
7.4968 4.2091 -5.9942 9.0498 7.9255 -9.8666 5.9017 -4.7885 9.6397 -2.8181 
-0.79715 6.8726 2.5511 2.5276 -5.8465 -7.4537 7.0306 7.4254 -0.44782 5.3753 
-9.9387 -9.0022 -9.6255 -0.62332 2.8492 4.4501 3.6364 4.8167 0.37604 -2.1969 
-0.70117 -5.0874 6.3568 -0.27747 -5.2075 6.0957 5.611 -5.5327 1.2827 5.712 
6.4814 9.0031 -3.2444 7.3261 2.4647 6.5118 -2.1345 4.812 3.6321 -6.6416 
7.4377 -7.7984 -6.4573 6.3545 8.0003 -3.435 4.9395 -1.647 -3.9731 0.55689 
-3.9785 9.1595 -4.5447 2.1677 -0.031797 -3.5024 0.70654 -3.9625 2.9241 3.4399 
-5.2799 -3.0923 3.5566 1.3643 -1.4612 -6.925 6.2949 -8.1716 -3.7792 -6.6347 
6.6316 7.609 -1.048 0.13906 8.7483 -4.2899 -7.2847 5.7886 5.4677 3.4263 
-1.2449 -4.4794 7.9442 7.2999 -9.8252 -1.8088 7.1852 7.4972 -2.5985 -3.4649 
0.14175 4.289 -4.3257 3.4435 3.4133 8.8634 1.3361 -7.8255 0.29298 4.3525 
-6.2905 -9.0057 1.1607 -4.2283 2.7389 0.73642 -8.3467 -4.211 0.70641 3.2375 
-6.97 -7.8549 -4.0429 8.117 -4.0612 -3.4291 -0.13649 4.8254 -5.0925 8.1683 
8.1361 7.1798 8.9008 -8.8109 -4.4258 9.1176 9.4275 -3.4944 -7.7471 4.4605 
9.855 -1.5144 5.126 0.56997 -6.587 6.4655 -9.2707 -2.0803 2.5193 -6.2469 
-2.1984 1.2505 1.5212 0.16483 2.1378 9.0804 6.7958 0.65552 8.584 9.8957 
6.5362 4.6545 -1.28 -0.24066 8.5652 -1.707 5.8312 0.51546 -6.3412 5.49 
9.0812 9.2177 6.202 6.9945 6.0761 -7.3435 -3.3716 5.3808 2.4805 -7.7892 
7.8768 -8.8173 2.4364 7.6757 -3.6963 -0.12434 5.1563 8.89 -6.769 -0.15799 
6.8201 -7.6087 -2.766 8.6294 -4.8489 -3.0117 7.1839 -8.4385 4.4009 -9.7887 
3.6657 -7.384 -8.8283 -6.9902 -4.7982 -8.9537 1.7376 7.6571 7.8655 -5.022 
-6.5641 6.0544 4.9752 -9.3747 -0.49401 5.2472 2.5081 5.2761 0.74016 8.4694 
-5.249 -6.7966 9.9809 -6.0815 -1.0788 -0.17663 -6.6809 5.0974 -5.4104 2.2931 
-1.3143 0.51061 1.6856 2.7395 6.4899 -6.6386 1.3242 3.6703 9.2196 -5.1354 
-9.4988 4.1718 -5.9094 5.0167 -0.071225 -3.3755 -7.3554 -8.0073 1.559 9.7866 
-4.6271 9.8079 5.3314 -3.8233 0.85962 6.0607 7.3663 -9.326 -4.7531 8.5482 
9.6032 2.2087 9.8792 -1.4866 -6.1703 -6.6577 -4.4436 -4.6019 -7.462 -4.6796 
-3.7462 -4.1684 -3.5076 2.5474 2.8649 1.6782 -6.4868 1.29 0.39872 2.4963 
1.435 1.0176 4.8122 2.4756 1.1534 -9.2397 -1.576 7.9791 -3.5265 -0.46028 
2.2333 0.81421 5.0262 1.763 -5.0035 -2.0804 0.96934 -7.9915 -0.23926 -9.3198 
8.0308 8.0103 4.7044 -3.8506 -5.5586 -2.9634 7.2366 -5.2249 3.0362 -8.0545 
-2.0792 -8.5814 3.4899 -3.4946 5.2007 -8.2766 -1.3007 -3.9889 -1.8865 9.7127 
3.8553 9.675 9.8057 8.8879 -9.8529 -8.1041 -7.3272 -8.1087 4.285 -6.0477 
-5.9103 8.1139 -1.202 7.3575 -7.1834 0.30049 0.061248 0.77845 1.4942 -0.039997 
-8.7429 8.7799 4.0802 2.6627 -9.2401 -3.8087 5.3621 -0.13776 5.9444 -8.2789 
2.4477 3.4372 7.3857 1.1302 3.446 2.6686 -1.1129 4.934 -5.5907 -6.6582 
3.7604 4.5311 -8.7162 -2.6047 -4.5553 -6.4867 8.5595 6.3251 -4.6916 -7.4526 
-4.0643 -8.1326 -6.2745 0.62376 2.898 -2.4571 -2.3045 -8.7731 -3.5052 -9.5136 
1.4312 -7.2905 -9.8889 3.9086 -6.5765 6.5054 -9.5406 9.1836 2.5583 -6.1389 
-3.6755 6.2129 7.3023 4.7091 -4.5344 0.46465 2.5319 -8.877 -9.81 -7.4917 
6.19 6.9059 1.2094 2.8544 -9.4729 -4.9599 2.5128 5.7964 6.6155 3.2874 
-2.69 -7.9406 -8.2111 5.4144 7.9971 -5.609 8.7111 -4.2053 -3.8444 -9.0958 
3.9758 5.1179 -1.5189 -5.508 -8.5529 7.4678 -8.5622 -0.50418 3.6048 -0.020981 
2.6685 -3.5765 -8.9802 -1.3634 -8.215 -7.2687 -1.7062 -2.8738 0.82398 -6.9818 
9.2916 -5.2352 -5.9724 -4.3889 0.18226 -9.6606 6.4326 -4.2693 -8.7657 -2.7818 
-5.9841 6.792 -7.1125 6.498 -6.7777 3.9263 -7.1219 7.0721 1.0388 3.8716 
1.9636 -1.5711 -0.7882 1.3531 -5.8489 0.75825 -1.2969 3.2128 -5.9975 2.2822 
-8.3259 3.1992 6.0242 5.5543 1.872 -5.9285 -5.3145 -3.4282 -4.4525 -1.1542 
0.88829 -9.2844 -7.7664 -1.9494 -9.9529 -9.4713 5.7696 0.46649 -8.3451 -3.0972 
6.923 4.8161 -2.3291 3.7115 3.7134 8.0525 7.0704 7.491 -6.3631 8.9072 
-9.186 9.9513 6.8622 6.6039 -1.1159 8.8061 -8.3457 3.1447 -7.0657 -2.3406 
-3.4128 -2.3171 -1.3276 6.2184 -7.7518 9.7222 -0.76548 8.9912 -2.9734 -9.1741 
4.187 0.58513 9.8254 6.8634 8.5823 -7.9237 -4.6808 2.348 -2.7547 -8.9389 
7.2062 5.6833 -2.7325 -3.0325 1.4964 1.2707 8.2025 -9.1546 -5.8961 -1.6195 
0.017972 -6.756 5.4206 8.7758 -4.5389 -1.2134 7.1526 -4.4971 1.6049 5.595 
9.8952 8.0284 3.3742 -8.5472 -9.8772 0.75651 -6.9513 -8.7187 0.77081 -2.1338 
-1.4272 -3.7942 -7.1952 -6.1701 -3.0916 5.1362 8.2345 3.5618 5.8405 5.6562 
-4.6531 3.5862 -8.0674 0.98615 6.2545 -1.9746 -8.9652 2.928 -4.2002 3.0174 
-0.54096 -0.81629 9.4814 -0.53864 -2.5573 -3.8713 3.2922 8.577 9.1371 9.2269 
-6.7831 3.2837 -7.0332 -8.4806 6.8197 0.96753 0.97972 -5.1768 -8.4006 -5.1234 
-6.822 3.658 -2.8771 -9.4466 8.2148 -1.7078 -0.58764 -2.9059 5.0462 5.7099 
-4.6332 -5.1534 -6.5963 -8.967 1.8315 0.57644 -6.8111 -3.4763 -8.0826 -6.7873 
5.1424 0.8746 5.4684 -2.1141 2.2303 -4.1699 -0.86879 0.81593 -3.1634 -4.5993 
2.1835 -6.7154 5.0719 9.4456 2.1356 -0.25234 -4.7322 5.1828 -3.5741 -6.8472 
9.3387 8.1318 -5.9834 -2.8414 8.1689 7.5542 7.9221 6.3777 -3.0226 8.4596 
5.4664 1.4544 7.7311 0.59607 6.716 -5.2763 3.1371 2.0716 -0.16574 8.9523 
1.4573 6.9056 -1.1986 5.0876 6.6478 4.3438 -6.7675 0.25669 1.7539 -9.8055 
-0.99553 9.514 -1.2256 -2.7762 -0.75073 -3.7908 0.35202 9.9613 -5.9236 -3.3033 
-4.2589 5.9274 3.6774 -5.6872 -7.3185 4.1807 0.31603 -1.6814 -4.5493 -6.0007 
5.0477 1.0825 -7.7671 -9.708 3.6673 -8.7818 6.3303 -2.8285 -5.206 -5.9173 
-8.1128 7.4621 1.0764 3.4351 -8.2989 9.1666 -4.1012 -6.2131 7.1993 -7.0867 
-7.8643 -4.6489 9.4016 -6.3318 -8.7939 -0.47459 -9.6887 3.8171 4.9943 -4.5408 
4.6979 8.8213 2.065 0.72574 3.8278 -5.4983 9.3673 5.2183 -3.6991 7.9204 
-2.9082 9.8053 3.0789 -4.7411 0.4618 -0.045511 -1.548 -2.216 0.19122 5.1272 
1.6127 8.3474 3.3722 -3.4598 8.35 -1.9329 -9.8302 -9.494 5.6625 3.6455 
-4.0229 -9.256 -1.3177 9.5611 -0.89703 5.1432 9.3034 -0.27346 -2.5571 1.6523 
4.2736 1.7196 0.19995 -6.011 5.7313 1.7236 7.8425 -8.9215 5.7937 0.65941 
-2.7903 -1.5799 -5.4004 6.0498 -2.4173 -1.4793 8.8157 -0.76497 -5.8317 -2.3696 
4.3692 -9.0894 1.0277 -0.85056 -1.8148 9.165 -4.1276 4.4866 -7.599 8.7165 
9.9065 8.5043 1.8056 1.4492 8.4613 -9.1728 0.16564 2.72 -2.7494 2.1082 
-8.326 5.0269 6.2589 -6.2834 -5.0305 -5.7547 7.8684 -6.3099 0.094378 7.7111 
-0.63588 -8.792 6.3185 -7.6125 -9.0307 -1.1093 -3.0063 -3.9551 0.24013 0.83824 
-8.1239 4.4427 -5.7005 -4.7859 9.4632 4.0308 -6.763 -2.837 7.1884 4.7024 
4.5034 -4.2734 4.0414 2.36 7.5761 -1.1614 -0.92438 -2.0852 -9.0662 2.8983 
8.2409 9.2895 7.6049 -0.059822 5.8252 0.82204 -4.7277 8.9114 4.0304 1.8547 
-8.2717 -7.0134 -4.6955 9.7641 3.0804 -0.54567 9.449 -1.5594 6.061 6.636 
0.39902 1.9441 6.846 -7.1387 -7.4462 6.5787 -3.3917 5.9152 -7.8487 3.3343 
1.0526 -0.69663 6.1007 -2.9201 -1.1554 7.6924 9.0418 -1.0403 7.2322 0.63933 
3.703 -1.7733 -2.6836 0.57783 -9.9384 -9.4119 3.2336 -3.0328 -1.7982 -8.1611 
-4.0069 7.6098 4.6407 3.7013 2.6803 -4.2582 8.2128 8.9369 1.3448 9.457 
2.0376 -5.5022 1.3772 0.31649 3.0146 -8.4447 -7.469 -6.3954 7.6367 5.6794 
-6.0299 0.85925 -3.6606 -8.1851 -6.6015 9.7668 -3.7019 4.0683 8.3149 -3.0347 
3.1351 8.952 -3.4665 9.1779 8.4587 -3.168 4.7006 5.7512 4.6408 3.8059 
3.9671 3.0668 -2.0559 -1.0742 -6.8471 -6.9299 7.8278 6.822 7.1961 2.419 
-0.80639 -9.3181 -7.9743 -3.4582 1.681 4.1742 2.0257 1.7637 6.0681 -2.373 
-6.8468 -2.2229 -4.5757 -9.2746 3.6338 -4.3987 -6.6963 3.7787 -4.5457 7.1698 
-1.5643 7.4784 -9.3882 0.26646 8.0815 1.8849 -2.0926 0.54498 2.6304 8.5354 
1.9211 -2.2338 3.2379 6.1062 3.428 -5.1971 7.1746 -8.321 -9.305 -3.9961 
-3.5534 4.9381 8.1291 8.7197 1.1812 8.7408 7.1051 6.9987 -7.2026 5.6718 
6.6146 4.8221 -2.4868 -0.30505 -9.4935 -7.0176 3.0549 8.2711 -9.3296 -5.0111 
-7.5463 -5.4044 -4.8435 -0.603 5.1974 -0.069195 -0.73992 -6.4313 -2.4905 3.2974 
-4.9764 8.476 7.5123 6.8861 -2.1336 5.2179 -8.6887 7.8349 -1.8993 5.3279 
8.7522 -6.5592 4.9234 -7.5751 -1.0222 9.0206 2.9859 0.46215 -0.89099 9.8958 
3.1042 6.6051 -4.6696 -6.9747 -5.4336 -5.175 1.2749 -5.7822 -8.2619 -6.2084 
5.0582 -1.7831 -2.7324 3.2914 6.0088 3.7478 -7.0136 7.2657 0.38445 -3.6875 
6.2172 5.4067 5.4904 6.3477 8.2975 -9.6733 8.954 -4.1596 -0.2753 -1.1699 
-9.0315 -3.1996 7.0042 6.2662 4.2527 8.29 4.5372 8.5974 -2.8584 -0.3848 
-1.7058 7.8267 3.3634 7.4503 9.8367 8.0853 -3.2643 8.5871 8.6159 4.5502 
4.5098 7.1085 -4.4677 -1.7755 -6.7131 -3.4572 -7.5862 -2.3697 -1.0116 -9.1369 
-7.2191 -7.3619 -5.7049 -7.6745 4.7694 7.448 -3.2565 -9.2668 -8.5056 -1.9366 
2.6511 3.6473 0.71894 -9.4807 -6.4887 1.7164 -5.9818 2.2399 -7.7814 -3.3311 
-5.0633 -7.0084 2.7643 -7.1947 -4.6855 3.3025 -1.3011 1.9291 6.6488 -9.7589 
6.7994 -1.7926 -9.1992 3.5386 -4.7441 3.6892 -6.7699 -7.5146 -3.3217 6.5166 
6.7334 0.99895 8.7468 6.8273 -9.3365 3.7535 -4.1487 8.67 6.6086 1.5646 
-0.93855 1.0361 5.3942 2.0869 -2.2939 -0.26614 -1.7069 -8.8107 -8.2882 5.2898 
-2.1048 5.46 -2.1278 -6.5949 -9.68 -4.7435 8.1579 2.0057 -4.9398 -6.2191 
9.2319 4.815 2.755 1.357 -3.0384 -5.9651 7.6301 -1.4072 8.7398 5.6765 
-9.8364 8.1535 1.2903 6.8963 0.10556 -0.30961 5.8997 6.0652 -5.1174 -5.7102 
-2.0312 -0.72569 -2.9638 -2.2472 0.65818 9.8351 -6.1935 5.2619 -3.9618 -0.52423 
-0.24455 -1.9839 -5.7015 2.2867 -1.9424 -0.93919 3.6987 7.4756 2.1519 -7.8429 
2.3627 8.878 9.9229 0.22882 -7.1144 8.5086 -6.2841 9.0087 4.2076 -7.9842 
-8.5998 -8.0877 4.0922 -1.5586 7.0573 -0.81743 8.0252 -6.9394 6.934 0.47045 
-7.1462 1.175 0.50523 -7.994 7.3132 -3.5592 -7.4468 -2.404 -3.6033 9.3764 
3.0845 -3.6521 -1.7204 5.5162 -8.9721 6.5803 0.30425 9.7676 7.4711 -2.3563 
-5.6336 8.8954 -5.8087 -4.7779 9.1328 1.8666 2.8743 -3.3847 8.7166 5.2437 
-7.6174 2.378 6.1059 -8.8836 -2.6631 -7.7049 5.5715 0.392 -7.5564 -8.7831 
-9.1373 -0.71228 -1.9254 -2.7523 9.9853 -8.3453 5.1758 -7.5943 -3.4292 0.87236 
-6.6888 7.5806 -7.9421 -5.9053 0.87832 -1.8511 -9.4039 5.7228 8.5133 5.5387 
0.22212 4.6537 7.4664 3.6775 6.1047 -4.9041 -7.0177 6.7491 1.7033 2.9168 
7.3454 1.7843 2.3177 -7.5723 5.7071 5.0171 -9.1546 -5.7828 -3.5656 -3.8872 
5.3252 -7.9871 2.4771 -0.069784 3.3262 9.7017 9.8556 4.1244 -8.3666 -1.9571 
-7.301 -9.5624 -4.0604 3.0776 -8.0208 -4.6143 -6.7057 -1.1867 -9.7209 -9.9443 
-8.7016 -8.3141 3.6792 0.6274 -7.4393 -1.8171 -9.3622 -4.2403 -8.4375 -6.7302 
3.4489 -0.89694 -1.5043 9.0975 -1.2532 -5.6022 0.96522 1.2821 -0.36389 4.3236 
-0.35586 -6.2336 4.6178 4.229 5.6615 5.79 -3.6044 1.7367 -3.2839 -5.3408 
-0.091642 -8.4975 2.6589 6.9774 -4.649 0.64467 7.5345 0.21595 1.2978 -9.2928 
-3.7303 -3.4187 8.2965 -0.70857 -3.399 -3.7992 -6.0975 3.6441 -8.4602 -0.013074 
-3.53 -5.4543 -4.684 6.6383 8.4016 3.2293 -4.1647 -0.47768 1.8837 -0.58153 
8.182 -3.2566 -9.8364 1.0407 -0.36922 -7.8474 2.2162 7.1598 5.6411 0.84633 
-0.99327 1.0489 4.5574 -2.7282 -5.8206 -6.0737 -6.8278 -3.6158 -7.7797 5.4341 
4.9727 9.3662 6.1947 3.5405 7.591 -7.0263 1.1812 -0.73754 -5.7824 -9.7353 
-6.2949 -5.4554 -2.468 5.3133 2.5086 -4.7684 -3.3264 -3.8153 -7.6602 -4.1267 
-8.3016 -1.9971 -3.6068 -0.75397 -1.7555 6.6149 -7.089 2.3591 3.5533 -7.7846 
-5.8594 9.8154 7.8664 2.3377 9.0083 -7.6413 3.6642 5.3394 2.0522 1.4546 
1.1783 -0.75963 -0.64681 -6.0944 8.4823 -4.9053 -5.4798 6.2045 1.2085 -8.5477 
3.234 9.6906 8.4412 3.5297 9.1897 4.9457 4.2266 4.664 -5.3018 -4.4234 
8.7843 -0.031194 3.4461 -6.069 -3.6679 9.9517 -2.2604 7.8635 3.5169 -0.55267 
-9.1951 9.7601 -7.5063 1.3241 0.20437 -7.0741 -3.9439 -9.9326 5.2714 2.0563 
-6.7268 0.76199 -0.88718 9.0195 -8.8371 3.2497 -5.4934 -2.8079 -8.1317 8.691 
-1.2375 -7.3421 -3.2564 9.2472 2.4184 -7.4667 -2.5977 8.5892 -1.5965 -5.6843 
-3.4866 -3.2159 6.1006 5.6174 -4.8105 -5.1435 -0.90159 0.12213 2.4951 -5.7051 
-8.2014 4.5802 0.52343 5.4283 -3.745 8.7934 5.6202 -4.9783 9.9444 5.4699 
6.2064 -1.6871 -8.0477 -0.021968 -8.1774 -7.2146 -9.4001 -6.8494 6.0257 -8.0374 
-2.0088 8.4944 -0.90903 -7.7652 -7.1532 -8.1784 6.6372 -6.16 3.209 -4.3433 
3.1063 -8.5942 9.2369 8.3085 -6.9936 -8.0791 5.1682 -6.2252 -0.8609 9.9759 
1.3369 -2.4121 -1.0548 7.1056 -3.7376 5.9381 -6.5805 -3.1506 9.2511 -4.9208 
-9.9376 1.3032 -6.8272 -6.1027 7.2031 -7.2212 -1.8099 -4.0584 -9.6993 4.52 
3.027 5.1318 1.6643 -2.4181 2.9957 -7.9471 8.3208 8.5658 -5.5356 4.7272 
-3.6581 4.6733 9.0917 -6.0089 5.2184 -0.45402 3.5351 -2.1879 -3.1773 8.8002 
-4.6813 -2.3751 6.9441 2.6641 -7.4808 -8.3654 -9.3392 2.7674 -9.1311 7.5383 
-0.79104 8.0931 -8.2749 -7.7804 5.3253 1.8518 -8.6344 8.3706 -7.7791 4.9675 
2.4632 -6.1396 7.1485 9.4178 0.5556 -7.0493 0.85173 -3.7689 -9.8983 9.3882 
6.0371 7.807 8.8541 8.8663 7.0447 8.1331 2.3572 1.4639 -4.2146 1.0049 
1.2233 -4.8365 9.8262 2.8773 3.0722 -3.0141 -2.0321 -2.8947 5.44 -3.2916 
-9.5039 -1.7269 6.211 -1.4293 -1.4364 -4.0399 -0.65747 -7.4967 4.1507 1.7331 
5.8708 -9.9344 -5.0405 6.7228 5.7046 -0.92069 -0.86035 9.6512 8.9034 -0.088742 
-4.5382 0.91673 -4.6735 -7.1078 -5.4056 3.7188 8.2803 -2.4623 3.8004 -5.7238 
6.4582 -3.0999 -7.89 -6.6757 5.017 -9.2848 -6.6686 -9.1318 -7.3066 0.24508 
3.7711 2.9118 -4.2068 8.2895 -1.3672 3.442 4.8351 -6.8971 -8.7181 -3.6102 
2.078 8.6437 -6.7733 -0.3716 5.3017 4.6465 1.3999 -2.7739 4.7617 6.7969 
-2.261 1.7542 4.6939 -2.0166 -6.8423 -7.7211 -3.7458 8.4858 7.4457 -8.501 
-8.6893 -4.7879 -1.1457 0.39998 -3.295 -1.6295 -8.6092 -4.1321 1.8214 3.2664 
9.9719 7.9989 4.8306 8.3404 4.4561 3.6184 7.7212 3.2947 -4.183 -0.15041 
3.2209 -9.6551 9.9834 3.3192 -2.3377 -1.0105 5.4777 -4.3932 7.1827 0.55963 
-5.4166 -5.4416 6.4942 -7.9988 -8.4308 -2.8945 6.8949 -7.6881 2.0498 -0.41338 
-8.1549 4.3372 1.5373 8.5791 -9.0664 1.7722 -3.9452 7.1349 -2.1256 5.4536 
-5.1804 -8.0074 -0.14737 -5.4806 -5.3791 -0.99501 -5.9646 -4.8558 5.54 7.0966 
8.0514 4.3404 -5.3264 6.561 5.4484 4.0552 -8.2898 -6.6565 0.78642 0.10536 
-5.653 -5.2084 -6.9254 8.4905 5.7767 -9.965 1.7113 0.33796 -4.5092 -6.4894 
-0.40954 -1.7432 4.3632 6.2105 2.9701 0.64512 -3.3102 -4.8373 -5.8816 2.8236 
8.1846 -4.2112 2.0113 4.4569 4.9627 0.81018 3.224 3.3924 3.4284 -9.9644 
-6.1244 -6.9676 0.28321 -7.1475 4.0794 4.8534 -7.7456 -6.9979 -6.4281 0.52898 
-1.0402 -3.804 6.8312 4.5073 -3.1213 7.7876 -5.6184 -0.67887 -1.2836 -4.6295 
2.356 2.6688 -4.3266 5.4321 6.1987 -4.9708 1.9462 -6.4739 3.0009 0.21831 
1.8843 -9.5482 0.019481 3.7155 -5.1787 5.3487 -2.8903 7.0192 8.1772 -1.3289 
3.3175 2.4832 -7.8627 8.9335 0.91078 -7.4472 -1.1186 7.0119 5.4949 7.0856 
-4.6464 -5.9962 -3.4417 4.3009 -1.9369 -9.2383 9.9717 9.8052 -0.65962 -4.9138 
-1.5227 -2.0589 3.1344 -5.0913 0.56663 -1.9056 -6.9156 6.9795 2.3742 -6.9696 
5.9865 -0.68339 7.5355 -6.2971 9.3419 -6.5299 9.7431 -9.1433 6.1909 3.8949 
8.6463 5.9672 5.2421 -4.7825 -0.25485 6.2822 0.82197 0.78132 -1.5739 4.7746 
-0.60562 -5.5799 6.2371 -8.4295 -7.8933 -0.18208 -9.6543 3.2351 9.6571 5.1214 
-3.8739 -2.3523 -0.43358 -9.3793 -1.3381 -1.9211 6.4174 4.4074 2.7941 1.8139 
-1.2126 8.1357 -4.3034 -0.32048 8.5262 8.5029 -8.9607 2.2503 -5.2165 3.1558 
-3.8628 -7.5225 -0.93083 -1.8574 8.8779 5.6222 5.513 7.5058 4.7356 6.3578 
-4.4997 -9.0989 -4.2532 -0.62662 -8.4899 3.1163 -3.672 5.3989 9.7668 -3.4728 
-7.2251 3.7921 -2.8523 2.5589 5.8649 7.9041 3.553 9.5988 -5.166 -7.796 
-6.6691 -4.0376 2.2622 -4.146 3.1034 2.8332 -8.3819 -5.8742 2.0468 -7.6794 
-0.12105 9.9312 -1.7094 -7.8909 8.2124 -1.8357 0.26633 9.7841 6.8442 1.8421 
-8.2683 -6.3214 8.4276 0.654 7.6262 -4.4295 2.2633 -3.9816 0.20477 -3.1687 
8.5368 1.1029 -3.5784 8.2922 -6.6449 -9.8128 -0.34339 9.9261 5.3313 -8.2121 
-7.0305 1.826 5.0202 2.2266 4.6776 -5.778 4.8398 1.4007 -8.2341 -7.2846 
-6.7904 -0.019264 -5.8921 7.6677 -6.1539 -0.88515 4.0628 -2.2262 -7.5012 1.1101 
4.3545 -0.74881 -3.9268 -3.5439 0.48093 5.9024 -6.2922 -0.14483 5.0499 -9.8678 
3.4979 -6.9446 -4.6268 -5.5238 -0.86449 -7.8749 -0.10399 -6.2847 -4.2849 7.1386 
-2.8296 -4.8288 3.8628 4.5957 9.3126 3.5413 -8.6493 -6.2526 6.0961 2.7996 
-8.1908 4.4476 -6.663 -2.9657 1.6431 -6.654 -4.5748 7.3019 -1.32 4.0258 
-9.835 9.9269 0.63123 -2.4913 9.2394 -0.59229 9.9212 2.9709 -6.134 -4.0942 
-2.5444 1.1062 -5.9738 -4.1556 3.6038 -8.9162 9.3355 9.985 -6.2585 0.99925 
5.7661 2.8736 -6.8566 -3.2738 -1.9213 2.757 -9.6024 -4.9852 -6.1129 -5.3024 
-1.0543 3.6161 5.1389 6.6945 -7.4917 -5.2196 1.0866 9.8666 8.2068 -9.114 
-8.0075 9.0562 8.2949 8.6192 -0.65446 -5.743 8.7037 5.7074 -6.4557 -8.0262 
6.1166 -2.672 -5.6049 3.2079 9.0292 0.62285 3.0225 0.79356 -7.7 -7.9975 
3.1891 -0.61556 -6.626 6.0088 7.8197 -8.8717 5.3265 -2.4013 6.392 5.3591 
-0.95272 -7.4292 5.9837 -4.2038 -4.4534 -0.65141 -8.3019 7.9692 2.5567 -2.0679 
0.66725 -8.4039 2.2281 9.6024 -3.9483 -9.1924 6.0131 -2.0101 5.2877 -6.5092 
0.53329 0.88016 5.4699 8.6932 -6.0983 7.5873 -2.3644 -9.1026 1.9277 -2.472 
2.5936 3.4461 1.078 -4.9422 -2.1371 8.983 -8.942 -9.2247 -4.7415 7.6889 
2.9313 6.8701 -4.1277 4.0403 9.3202 -9.2124 5.8605 -2.3607 2.1265 -1.3289 
-6.1634 1.9665 1.8121 -5.4559 1.538 7.3395 -7.0684 9.5066 6.5618 2.3202 
6.0346 -8.752 -6.7259 4.052 -9.7327 2.5744 4.0981 -5.9691 8.2524 -3.5849 
-6.0686 4.7529 -2.5714 -2.5522 8.407 5.5438 8.9336 3.232 5.4149 0.85926 
-1.7741 -6.9283 8.0396 5.2871 -4.9036 -0.62267 1.9009 4.2477 9.8695 -2.8416 
-5.2861 -8.2979 -1.7909 1.5763 -0.9624 9.4084 0.74744 -9.7105 7.5908 6.3672 
-4.5559 -9.0199 6.6021 -3.0676 -3.1741 4.8158 6.5961 -1.1583 -7.6205 2.2145 
-9.8266 -8.3919 9.4687 2.9579 -2.1586 2.9106 7.6869 -4.0473 -2.8016 4.6666 
8.5656 -5.7342 1.221 5.8021 -4.0082 9.3264 -2.7385 2.5091 4.9075 4.0499 
0.40439 -2.2292 3.6767 -5.7136 -9.3739 1.1071 -8.2679 -3.2126 -1.6185 6.5545 
-0.71749 -4.2404 0.91569 9.2843 0.79116 3.6756 -9.0104 6.5309 -7.6698 -8.6491 
0.47059 -7.0058 4.9818 -6.3113 8.3166 9.1745 -0.74962 -3.757 3.6533 0.97436 
-3.2638 2.6763 2.8671 3.7691 -4.3042 -3.6218 -9.3764 4.2711 -1.7443 8.9408 
-3.3524 -7.7262 -7.082 7.5569 8.2389 5.3483 7.8912 -8.6314 2.4414 5.0457 
9.7658 4.6896 6.7603 9.2096 2.0297 2.7367 -0.41455 -9.6748 8.7747 2.2009 
-0.52566 7.8004 -7.3974 -1.039 -7.3698 -9.5652 -1.3926 5.4144 1.4292 8.707 
4.9372 -1.1418 3.7312 3.2032 -9.6671 -8.1705 5.0926 3.473 -1.88 9.9705 
3.3992 -1.8383 8.8061 -6.4418 4.7892 5.5794 0.37156 -7.5369 -9.5243 -0.26377 
5.9118 -1.7229 -0.89284 1.4041 -9.1217 -9.4247 7.5441 5.4146 -1.9565 -0.97696 
-4.5491 7.574 -7.7723 7.5073 -5.413 -7.6868 -9.7133 -8.02 3.695 1.7328 
-4.3217 0.54433 -8.7677 -6.2207 -6.5201 -8.6268 6.7582 -1.0383 2.1292 5.0499 
4.3451 -7.4451 5.5238 0.41267 -0.29598 -2.5487 -9.9445 3.7038 -9.8284 7.7524 
-6.3073 -5.7693 -9.9457 -1.7419 4.4901 -7.5609 -5.428 5.8252 -3.6365 6.2658 
6.6741 -6.635 2.1353 -2.1848 1.0841 -9.1607 -8.8455 -4.6721 7.2315 8.9183 
-6.6067 -2.9055 -2.862 -0.78276 -5.325 1.8101 -4.4141 -8.9219 4.7286 3.087 
9.0653 -2.7088 -2.1082 6.8385 -4.3823 9.6208 6.1764 5.8957 -5.3058 0.4258 
4.451 1.0335 -2.0682 -7.89 -8.2523 8.5558 5.5287 -4.9635 -3.3517 -4.118 
-7.315 -7.3732 -1.613 1.6763 8.1859 -4.7995 -1.244 -5.5024 7.6399 -1.3688 
7.0618 4.2078 6.5408 -1.6472 -2.1746 -5.39 -2.0018 -2.1513 5.7813 4.1465 
8.6339 -2.9002 4.5212 -4.2824 7.9604 8.6844 -5.1121 -9.7014 2.3881 -9.1559 
1.2837 2.9416 8.1047 7.0576 4.8338 8.269 -6.7011 -6.0084 -9.8831 -9.741 
-2.0235 -1.4943 5.6526 -3.5408 9.1647 9.9595 0.35142 -2.4853 1.4924 9.7761 
-1.1679 5.1467 -3.4619 -9.0532 6.4154 3.3101 -6.6679 1.9716 1.3207 -1.0557 
4.0336 -5.1407 -5.9669 4.735 -3.6189 1.1246 -7.2074 4.9771 -5.7321 2.061 
-4.7991 -6.2311 3.1002 -9.4789 -7.4004 7.0076 -0.98959 -6.7456 -8.9397 -3.724 
-9.4294 -6.9453 -7.8218 -9.8804 5.5442 4.5622 -1.7088 -2.2994 8.7061 9.8302 
8.9593 9.8243 7.7193 -1.4879 8.7634 -5.1582 -4.0165 -9.0475 3.2152 -1.9113 
9.9234 9.4944 1.7462 -7.7138 -9.8794 4.4987 0.10125 4.8482 -3.0727 -2.0185 
5.5897 8.442 5.6257 -7.7853 8.4459 -5.2048 -9.8513 2.2903 0.47014 -4.1265 
9.788 -0.97395 1.9326 2.0075 8.1431 -6.0042 -4.1562 9.8599 7.8223 0.48575 
-0.24894 -5.964 -6.5101 -2.5765 -3.7932 -0.71926 -9.2373 6.0389 -9.3678 5.237 
-7.4403 -2.4887 -8.3908 -6.0448 -0.35506 -0.79967 2.4519 7.194 2.0426 -5.3102 
-0.71265 4.8633 6.575 0.88756 1.6742 -0.74978 -8.5622 3.629 7.7673 6.5269 
4.8518 8.022 -6.9306 -1.888 -5.064 -0.77419 -6.9163 -6.2302 1.1064 0.16955 
3.4678 7.2091 -8.7703 7.7318 -1.3485 3.4213 -7.3951 -1.2032 8.7957 8.1359 
7.4796 9.4658 1.7977 -3.4946 2.1695 -5.3947 -1.8821 -1.3297 -2.4768 -7.5943 
5.165 -6.9699 -0.68882 -2.5973 -0.48259 -0.11072 1.1663 3.539 0.11766 2.0329 
2.3435 -7.5368 -0.75264 -1.1855 -0.47891 7.4146 5.179 4.0452 -4.2565 7.36 
-4.5037 -6.1239 8.1867 -7.7832 6.5696 -1.1797 -9.2133 0.13351 -6.1372 0.56939 
-3.2724 -4.8474 -6.8112 0.61085 -2.6156 1.1692 3.9379 6.6896 2.6437 0.17682 
6.7145 4.5635 5.8796 -7.2156 5.4423 -9.5221 4.7106 -6.4449 8.8718 2.3135 
-2.2823 -5.5327 3.4546 2.9674 -5.0872 1.3014 -4.0164 -4.5051 -7.7477 -0.4409 
-8.3931 1.9408 8.3799 9.152 5.9881 -3.5926 8.4461 2.6217 4.7654 -5.6042 
7.3117 -6.5182 1.235 3.285 5.7873 -0.40193 1.7988 -1.9568 -5.1099 2.5244 
-1.2925 1.5044 -5.9722 5.9161 -0.66497 9.1636 -7.7424 3.5723 7.3246 4.0078 
-6.5584 -0.82034 -4.8979 -1.5233 7.9008 -8.2855 -2.265 8.3144 1.8283 0.39713 
-9.9141 7.6588 2.444 -7.0682 -2.2082 8.7503 -0.38212 -1.0636 -0.2696 0.8378 
3.0499 -9.87 -2.4797 -0.33877 9.047 5.6553 9.0804 4.6539 0.52052 -6.0996 
-2.6062 -2.6518 -2.821 6.5971 -5.7992 -1.9764 -6.6838 -4.2447 -9.3303 7.9868 
-2.478 -6.7453 -9.427 -3.8595 -6.7775 -9.0435 -0.58698 5.0173 -1.5106 -8.8212 
-1.1732 -8.4742 5.3475 8.0049 3.9022 -6.5053 -5.2698 -1.7618 -6.6943 9.4723 
0.32248 8.023 -5.2523 0.72659 -5.8466 8.3347 -6.5413 -9.5287 -3.0888 -7.2344 
-3.9977 -1.4422 3.3183 -8.665 9.4175 2.641 2.084 -5.3037 2.3503 -8.1914 
-0.43356 0.92953 4.9698 -6.524 2.7179 -2.5094 2.4453 -8.8161 -8.3621 -0.29875 
-9.8751 -8.2593 4.5688 -8.6525 -5.4862 -3.627 4.2576 -2.2226 2.4762 6.5194 
-6.5713 1.7779 6.2858 6.4363 -4.8207 -9.8221 9.1541 -0.87121 -2.4854 7.6685 
-3.9289 -1.8423 4.8017 -4.3676 -8.7735 6.2687 2.2159 -5.8563 7.7744 -8.0047 
4.8893 2.2516 2.8903 6.0596 -8.9074 0.18858 -5.5191 0.79803 -9.5093 4.344 
1.6179 -9.1931 -8.02 -7.4915 -9.815 3.2541 -4.5802 -2.7232 1.4609 4.29 
4.0241 -9.0406 9.988 -2.3829 -6.7622 9.6781 -1.1135 -6.9737 -6.1009 4.8713 
6.0933 -0.85155 -1.6381 -5.8553 1.7057 8.4294 -9.0552 0.097577 5.7886 -4.6573 
7.0397 6.3905 -8.4804 -6.3212 -8.2717 -5.9093 -6.9136 -6.6764 0.98888 -2.9246 
-7.6456 3.977 4.8251 4.6911 -8.7062 -3.2799 -8.5935 3.8096 -0.35713 6.2129 
3.1453 0.9989 9.9942 5.1798 0.78453 -3.4285 8.4062 4.7881 3.4117 -3.1124 
5.059 -5.9815 0.97938 9.5333 6.5138 5.076 -7.1439 -5.611 6.6779 0.43731 
4.0426 2.7597 1.8628 3.6563 -2.9101 -6.0657 -2.7698 4.4707 5.8724 -5.8546 
2.1024 -9.0934 -6.9118 6.4524 0.41432 -3.8069 7.8948 8.7868 -9.8916 2.7997 
-9.2347 4.4149 2.733 -6.777 0.63186 -7.048 3.2051 -5.5392 -8.6461 6.1475 
-6.097 -1.5139 0.92148 -8.552 7.0807 3.0094 2.5249 6.3823 0.65088 6.9004 
-3.3864 0.31582 -4.3117 -0.44479 6.2491 -5.6299 9.149 6.4671 4.4542 -9.5459 
2.8567 8.2256 3.1545 -2.7012 -8.6767 -5.2042 1.3916 4.9456 7.7949 1.3677 
-5.6519 4.9927 9.8846 3.052 -5.4253 -6.7725 -4.2754 6.2058 -7.1622 -0.71118 
-8.4618 9.2415 0.19775 5.6275 -1.1001 9.5744 -6.986 8.7009 -4.0356 -3.7126 
9.6118 5.1475 -5.8952 2.4694 -7.1461 4.2516 9.4769 -8.3618 -8.7872 -7.9946 
-5.8648 -1.2382 2.6487 -9.1448 -1.2346 -2.2114 3.0255 8.3418 3.9529 5.246 
9.6651 -0.89006 3.6617 1.0764 8.9014 -8.41 0.90317 8.514 -9.4476 3.6306 
2.2074 0.23166 -0.89743 6.4901 -4.0171 -7.2766 1.6081 4.4201 -6.1139 -2.8603 
-5.0404 -5.3278 -8.3112 0.49028 -8.0277 4.5065 8.0572 -7.1782 -8.5886 8.0581 
0.35916 -1.2063 9.8098 9.4907 -9.2015 -8.8309 -6.0506 -3.4028 -7.1694 7.049 
4.2566 -7.1156 -9.213 0.63475 1.3216 1.9416 -6.2948 2.946 8.9194 -0.2636 
-4.8026 0.46776 4.8264 8.8349 9.3767 9.3378 -3.1921 -8.0999 0.66645 6.0737 
-7.7063 -1.9241 1.7387 5.423 4.1238 7.123 -1.2788 2.7845 -7.8856 2.0738 
0.99339 -8.9007 9.1322 9.7688 8.4656 -0.004955 7.4318 2.3114 9.0091 -3.9057 
-5.622 -2.7136 -2.0026 0.8435 -1.8897 -6.3282 -9.2953 -4.0014 -5.8123 2.2464 
-3.7565 -8.0285 0.27284 3.89 -8.2208 -0.8424 9.9495 -9.0946 -8.1693 1.7044 
9.4627 2.1994 5.8668 -0.56032 -5.4951 -9.1062 -1.8352 -5.1253 7.2304 1.4506 
-3.8162 -5.532 -2.0918 -4.9049 7.0221 1.0561 6.2316 -8.9359 2.54 6.4406 
8.925 1.6133 -6.7868 -6.4914 2.0655 8.4312 8.9809 -5.3379 -2.0252 5.4028 
-1.7888 -3.3898 1.3891 7.7753 -9.0104 1.206 -9.261 3.5492 0.17599 -3.63 
-9.7933 4.9299 1.9433 4.0931 4.7593 0.004068 -1.956 -3.7606 9.8749 7.8176 
-3.7986 5.6321 6.4171 -8.2401 1.553 4.1698 -7.9422 -9.3285 -2.0979 0.69813 
-6.8959 -7.6173 9.8676 3.2237 -2.1865 8.7562 5.9434 5.1256 -0.82264 0.93425 
9.8817 -1.3802 -3.1478 8.1878 7.2326 -7.4787 -9.586 -6.9514 -3.9645 -6.8817 
-0.99522 -7.0931 -9.9876 4.6788 9.6394 9.365 3.3392 8.4785 -6.8467 -2.8839 
0.90437 -8.0098 -8.739 -4.8995 9.7743 -0.15276 -0.35004 -2.9564 4.5142 9.5402 
-4.7534 0.27351 -0.68082 -6.7388 6.0685 -6.1553 1.796 4.8498 -0.39606 -6.1647 
7.6508 -6.2989 9.7446 -4.9429 -0.14759 1.8996 -5.5652 9.4524 4.2965 0.79393 
-7.9388 4.5055 -9.2091 3.3006 -4.2653 5.4532 6.6356 0.88187 9.6817 -3.59 
6.4713 -9.2278 -2.6685 -0.44159 -0.4504 1.0219 -0.37057 -3.0987 -1.8677 4.126 
-1.4565 -6.4951 -6.5994 -0.24946 -0.88258 -6.5927 1.0639 6.1795 0.63041 -8.4023 
8.4069 6.9727 7.3332 -4.2552 8.5283 5.9578 -2.8547 -3.2119 7.6383 -0.76277 
0.56024 6.5982 2.7637 3.3132 -9.5895 -8.4678 -3.8976 7.994 -5.104 -4.8111 
7.4167 -5.9208 7.7414 0.24379 -9.6097 7.4222 -5.5412 5.6858 -6.4674 2.0524 
-2.9438 -0.24945 5.2972 2.5081 -6.124 0.71954 1.8831 -5.8462 -2.5202 -3.4841 
-1.997 0.70872 -0.29443 -0.44904 -0.19134 -8.7417 3.8984 -8.4541 -8.9075 -6.051 
1.9585 -6.09 -8.6306 -3.3314 -8.7816 -5.6956 4.4799 -1.3864 5.9488 4.648 
8.2304 8.2837 0.35736 7.8705 -5.5418 3.2456 -3.4578 4.8795 4.3752 -0.80716 
-7.3403 -4.3445 -1.8767 -2.7793 -9.4584 -5.5345 4.9635 -6.5903 -2.9388 3.7118 
-9.1567 9.021 1.6341 0.87891 -0.72987 2.9655 -8.8057 5.0829 5.3073 4.2071 
-1.9792 3.6634 9.3273 -6.3094 4.8909 -7.6728 0.40546 -2.2248 -5.6266 -0.98184 
1.9142 2.3582 9.2511 9.2932 5.3053 -7.7757 -8.0536 -8.9911 -4.0202 -6.1776 
8.3936 0.97464 9.9679 7.1565 -0.045124 7.4884 -6.5087 -1.0831 9.9549 -6.2396 
-4.1245 5.5591 0.27055 -5.7713 8.1152 -3.6216 3.5257 -9.8361 5.6091 9.2369 
0.90079 -5.3361 4.4401 0.33893 4.2466 9.6374 7.0764 -5.4408 2.3868 5.6377 
5.6336 -7.6685 -7.0833 -8.9773 -7.3929 9.5015 4.4542 -1.2547 -7.5808 9.8058 
-3.452 -2.9314 -6.2631 -1.7181 -8.6348 -1.9701 -8.1091 6.0086 1.7444 5.4901 
-8.0947 -8.0076 -5.2459 -3.2892 -2.4742 9.2661 8.8274 4.9353 -8.0042 -5.7973 
-1.1663 -2.3833 8.3925 -3.0538 -3.3255 -7.7637 -0.45504 -6.6881 -0.072392 -9.9674 
-9.4185 9.5599 -8.3668 -9.0159 1.1797 -3.5942 8.1255 3.6638 9.2985 -1.2363 
3.5078 2.2822 3.9183 -5.3776 -7.8088 9.9407 -3.7057 -6.114 -3.1769 -2.5823 
-7.7682 1.5184 -6.2263 -5.7708 9.1719 3.2392 5.4666 7.2267 2.8892 -9.1877 
-6.0072 -1.0057 6.3414 -5.9119 -7.9632 -1.8054 6.8818 -8.6297 9.3584 -5.4485 
0.60323 -1.0845 -3.5124 4.0393 -2.4755 -5.7746 7.9368 9.4173 2.1659 1.1567 
2.5471 -1.8512 6.008 -6.3659 -9.8853 9.0679 -5.955 -4.86 -6.2837 2.8447 
-2.5281 7.9717 6.3188 -3.4234 -5.9448 0.46596 2.2601 7.5374 -8.4174 4.7938 
2.1291 -1.6732 -3.6591 -4.913 6.6974 8.7566 4.8926 -8.3506 -0.64859 -5.5112 
6.9278 3.6031 -5.9344 0.37578 3.707 -1.1321 5.061 -5.3381 -3.12 -8.8065 
4.0389 -9.2809 -6.7704 1.393 4.384 -8.3092 0.13503 0.049054 -9.744 -2.3612 
-2.1425 -6.4386 8.2272 -5.161 0.24021 -5.3102 6.1556 9.0417 -2.4382 -6.945 
1.4374 -8.1218 4.1455 -6.8906 1.4459 5.1622 8.291 0.37593 8.5516 0.86139 
-5.0045 -7.4961 -7.5864 7.1164 -3.7026 -1.3849 -5.9178 4.3265 -7.5738 -3.5306 
4.5469 -6.2294 2.8077 -4.538 -1.5883 2.0063 7.7711 2.8835 8.0095 -3.9765 
-3.1334 -0.69118 -7.021 0.74226 9.0376 0.8404 9.43 0.24996 -8.4022 -6.1328 
-8.4273 -6.5645 -8.37 2.8127 8.7331 4.3809 0.20695 -7.8721 -6.3888 -2.8833 
-3.9554 0.42107 4.8957 7.3405 0.48577 0.77529 5.0568 -3.0887 8.9375 -4.5605 
-3.992 3.5058 -6.1418 9.4454 4.8608 5.2056 2.0808 4.5504 3.7987 -4.8632 
-9.5356 7.3778 -9.9859 1.424 -1.5912 9.2152 4.862 2.7851 -7.9758 2.711 
-6.4777 5.1387 -9.5674 5.3058 8.8784 1.3614 -8.8247 7.0414 -2.8535 -0.56503 
7.2184 9.6846 -1.956 4.1799 4.1666 -2.1236 3.8816 8.375 6.0491 7.7813 
3.119 -5.6032 1.8222 9.3201 0.70158 -7.9559 7.1733 -0.95297 -7.6331 -2.5509 
7.1308 -6.54 -9.0573 2.57 9.9319 4.3598 6.9048 -2.1826 -3.9544 2.5403 
-4.5812 8.4546 -9.9367 0.93817 -5.6367 -6.9893 6.1796 -5.4897 -8.2707 -0.31957 
7.919 7.9787 1.5276 1.2361 -3.3431 -4.7952 -8.6722 8.4211 4.3033 7.3328 
-5.8242 -2.4561 -2.9891 -5.9811 1.7794 3.9963 4.2214 2.8921 4.1508 4.9182 
9.2834 -7.256 -6.754 3.4912 5.5287 1.6484 -3.4221 -2.6554 1.3583 -5.8202 
-1.7128 -7.1549 2.4648 -6.3265 7.5383 7.3404 -0.55 7.6992 -4.9617 -7.314 
-5.4087 -9.8646 1.0208 2.8464 -3.2868 -3.0754 -5.7744 2.6026 -1.2627 -5.6708 
6.3674 6.1586 6.9885 -1.2468 4.9172 5.5861 -7.0687 6.1091 -8.9634 9.7202 
-2.7911 6.4961 -1.9721 3.4321 -7.813 -6.4398 -1.539 4.9049 -8.664 4.2867 
0.030481 8.2991 -8.9196 6.7996 8.9749 0.57138 5.2634 -0.72973 -7.701 2.0333 
4.9535 -3.0211 9.9629 5.8163 -5.5364 -2.8626 8.3928 -3.4272 -1.3105 2.8717 
6.637 -0.86725 -9.1348 5.319 -4.9401 -4.8528 -4.2234 0.4503 -9.5446 -3.3405 
-2.1106 2.9123 -7.4805 0.96982 4.4448 4.1259 -3.6817 -1.1514 -9.5988 -6.7539 
-8.0673 3.4701 -0.8375 -9.7804 5.7021 5.3132 4.1417 7.4669 0.44058 6.9319 
-4.6922 9.5181 6.0465 6.1865 -8.7816 1.909 1.6518 -9.8541 1.147 8.2633 
5.8389 2.2672 -1.925 6.2848 9.3451 -0.92314 -8.178 8.7037 5.2925 -2.7446 
8.7372 8.555 5.0956 3.0205 0.47895 9.4043 -0.0070796 -6.2127 -3.3233 3.0695 
1.3652 8.5634 -3.2039 -8.9231 7.706 6.5274 4.2839 8.0528 -7.1563 6.7115 
8.7604 9.9544 -3.1211 -1.1301 -0.22098 -6.0 -0.90654 -0.71375 5.9377 -1.0949 
1.945 -4.6341 2.2427 -4.0307 8.4246 -2.4752 4.3793 7.8296 -6.9668 -3.8109 
9.759 8.9229 8.8122 -1.3506 -3.5797 -1.367 8.2822 -7.6904 3.4386 5.0617 
5.247 -7.7574 -6.4568 9.9104 -6.6038 8.2289 2.1097 1.4739 -1.7649 -7.4269 
-6.2877 7.3993 -7.6488 9.1486 7.5998 9.284 -8.6002 -0.18433 0.75418 9.9445 
0.3354 -7.8098 -0.82558 2.4874 -1.045 0.97188 -1.0712 1.2619 -0.53065 3.5231 
2.803 7.966 9.5277 -2.9017 7.0304 -3.2011 -1.8228 9.8968 5.8095 -1.7506 
7.379 2.7039 5.8701 8.7431 -6.9704 7.6958 1.1892 8.0434 -8.7728 -5.7444 
2.0024 2.0199 -6.8591 -7.2315 -8.8199 4.0231 5.3711 0.76693 -0.51999 -5.4841 
9.9934 -0.63157 5.8006 -4.5365 -3.1304 9.6692 0.23271 -8.0182 -0.75745 4.1962 
-7.4165 0.2781 4.3438 -4.6249 -3.0589 8.9921 0.0737 -1.4786 -3.8392 1.5156 
-4.1326 0.89546 -3.8881 3.3934 -8.8174 6.3261 7.866 -6.5644 4.2273 -2.5886 
-0.46241 3.8049 -7.1285 -8.5455 -5.1216 -0.42513 -4.8802 7.3309 -6.1603 9.3553 
-7.4084 1.2606 9.8579 -6.6577 8.9426 1.7633 7.0234 8.651 -2.5245 5.1847 
-5.4375 -5.9225 5.4616 0.45635 -8.4823 -5.4582 1.5745 5.2938 -4.8175 -1.238 
-6.3786 -2.4965 0.26473 -5.8525 1.4794 -1.0389 1.9472 -1.2338 0.99887 -7.6692 
3.4403 2.6171 -2.4362 3.3074 -0.64748 0.98379 0.7843 6.7731 9.5903 7.1345 
-3.4843 0.30323 -4.6738 9.0658 -8.8307 2.584 7.2578 0.04068 -3.3251 6.1746 
5.8118 -7.424 1.9365 -1.7324 -7.8214 0.63881 -3.2468 4.1217 -4.6893 -2.4181 
0.92028 6.5962 -7.8423 -9.066 -8.4264 0.89834 -8.9047 -9.3264 -2.283 -6.5243 
-5.3889 6.7888 3.6688 -0.74006 -2.5718 0.69178 -4.3858 -1.8797 -8.2704 -8.4948 
3.7352 -3.5305 -5.8752 6.1738 2.8357 -4.8012 -2.0445 0.68717 3.1489 -8.6453 
-9.0183 -6.8322 7.7678 9.2892 2.9239 -6.6461 9.3062 -4.473 3.3522 -0.86007 
1.452 7.1436 2.3719 -7.4418 4.0729 4.6332 -7.4943 -5.8068 -7.1251 -9.211 
9.8752 -3.651 -9.2869 -1.8413 9.9302 2.9917 4.5924 -0.34792 8.0498 6.644 
-2.7406 -4.6073 6.9885 2.2298 -8.5362 5.7153 9.5653 -4.9621 -0.20516 -7.9515 
1.1744 7.2121 -7.2018 -6.5766 -0.64022 -6.0907 2.2109 3.121 -4.6015 2.1783 
8.5456 6.0244 -5.3855 3.6115 -9.2164 -2.1382 -5.8552 4.633 6.7449 9.1275 
-4.8025 -4.7506 -2.488 -0.038829 3.1231 -5.4118 -1.1253 -7.4711 -4.7304 4.8368 
6.6495 7.9771 -5.9381 -1.5202 4.08 9.4691 -8.9481 0.37767 -2.4509 -9.8995 
-6.4975 -7.4822 3.3473 9.742 -7.735 9.606 2.4356 6.5708 -7.0373 -9.5853 
7.5968 7.1306 -7.4946 -1.1686 1.6727 9.888 4.0921 -1.534 -0.3299 9.7699 
-4.4073 6.4944 6.7471 5.7442 8.3867 2.8232 9.4738 -7.5918 -4.4567 -0.13279 
6.9895 -0.92254 4.056 0.91597 8.732 5.7102 5.126 4.8945 7.4688 5.6106 
6.1343 -7.4381 -4.1184 7.1949 -0.91291 -9.2962 5.1126 1.3785 2.513 3.8138 
-6.2175 -8.356 5.0599 8.099 9.72 -3.6348 4.6729 8.4689 0.23135 -9.9802 
9.5712 -6.5166 6.713 5.7155 6.8199 -8.2278 4.866 4.8757 7.4269 -2.9942 
-4.9254 4.5491 -4.567 7.6236 -2.2125 2.0409 -7.7439 4.5972 -2.6773 0.84513 
5.5709 -0.26054 0.49548 -8.035 7.588 -1.7536 -7.561 -9.107 8.1414 -9.1132 
6.2157 0.1385 -9.8002 -5.4849 2.0588 3.5721 -3.2268 6.0496 -9.7535 -7.7091 
-0.040941 8.3989 4.8454 2.9966 -9.1131 -2.9982 1.619 1.669 -8.4374 2.8483 
8.3145 -5.6907 9.349 -0.56574 -1.871 -9.953 2.3389 3.3969 -2.1138 7.6938 
-7.9803 -7.283 9.5219 4.0331 6.3671 9.955 -7.1612 -2.5973 1.7822 -0.22205 
-7.2835 -1.1621 3.2702 -7.0391 -3.4055 8.8357 -0.61163 -2.1725 1.5725 5.6977 
7.1663 -5.5583 -1.605 -5.9822 -0.69645 1.6529 -2.7615 -7.015 9.4738 2.3137 
-9.6271 -5.2786 -9.8305 -2.4632 9.1759 -2.5013 9.1637 9.55 4.0674 0.33669 
4.5666 -4.4921 -2.7411 -3.3482 -7.111 -2.1682 -7.6362 -8.4133 7.9468 -3.0572 
6.3332 -7.2376 3.7929 -3.0487 -9.8427 1.2405 0.00080251 -4.5325 1.6327 -4.2748 
-7.6756 -6.4724 -1.9073 2.2454 2.6118 9.582 -6.7614 -6.4851 -7.7219 -8.9476 
-0.22887 -2.5536 -5.2628 0.1225 7.0979 2.658 -0.70728 -0.02188 4.9071 1.0895 
-3.051 9.7346 9.1349 -4.8926 2.1019 5.686 9.443 -7.2563 8.4084 9.1311 
5.4778 7.177 -5.0691 9.8592 -5.4399 8.7795 9.4967 4.7141 5.6194 -1.3884 
-4.2943 4.6798 -9.2386 0.67389 9.3272 -7.2772 -2.3424 -4.5312 -6.8796 -4.0627 
6.4879 1.7955 -4.7339 -3.7424 2.6052 3.0989 3.979 -5.6485 -9.795 -9.5312 
-6.5388 -5.2233 6.1414 -1.9153 -6.0947 4.9864 -4.1589 -1.4495 8.229 -6.0238 
7.2729 -5.1514 5.9323 5.7802 3.601 5.5124 -6.1255 -4.9629 -9.4101 9.2054 
8.5211 -9.6215 -7.4633 -9.5734 -6.9626 -8.2861 -4.881 -2.2165 4.2603 -0.49367 
-6.1779 6.3252 -7.4337 -7.6026 -8.1394 -3.4164 3.1397 2.9034 3.1715 0.28728 
-8.993 4.2585 -8.6956 -4.2334 -2.1343 0.80873 5.3569 0.49012 9.0724 -5.3044 
0.96899 5.4971 6.5993 8.0421 -8.6426 1.4321 6.8168 6.0934 -5.8653 5.4088 
-9.8096 -4.085 1.7321 0.14003 5.3704 7.5594 -8.3997 5.7072 -6.2351 -6.9953 
6.5673 5.9664 -3.2137 8.2157 -5.5157 -9.2866 -6.4928 8.3958 -7.0376 8.9702 
8.1709 0.1723 5.1539 -4.6041 8.2039 -9.7627 -9.6184 -4.2124 0.85663 3.9289 
4.1059 -7.6419 3.5624 6.6812 -5.5971 -6.0795 -7.8489 1.1737 -7.2593 2.1119 
-5.1334 7.5234 -4.5922 2.4273 0.67521 -2.7418 7.7288 -3.6505 7.7871 2.1949 
1.7846 -5.8912 2.2733 1.7199 -3.1287 -7.0482 -7.3024 1.277 -4.5443 -0.82825 
8.778 -4.161 -0.47588 2.4353 -0.047587 -6.7362 2.7866 6.4324 8.6122 1.9158 
7.91 -4.1831 -5.9844 -2.8117 -4.4505 -8.7627 2.9015 8.4918 -3.2874 -2.2617 
2.1245 7.5089 1.7699 -0.50096 -6.9797 -2.8297 -6.9904 -6.8568 0.20627 -2.8668 
5.8476 -6.7803 7.1972 -3.7209 -4.2065 9.7234 6.2246 -7.1977 -1.5485 8.0968 
6.7234 4.4562 4.7917 -8.6707 -8.6146 4.6658 4.0076 1.5234 -7.5167 7.6133 
1.2028 6.1113 6.9679 -5.1396 1.2511 4.6429 4.6481 4.6464 -6.8996 4.3796 
-9.9861 4.8366 0.29165 2.1169 0.87849 5.9736 3.8633 0.88172 8.7632 -0.95186 
-4.9745 5.8417 -3.1779 -1.3599 -9.641 6.3345 -4.8527 3.6677 9.7541 -6.2939 
-1.361 3.9564 -6.376 -1.2973 7.2401 2.9401 9.3723 -7.9314 1.9065 -7.6152 
-1.3869 5.568 -8.3634 -8.1001 -1.7643 -7.9392 -4.8957 0.46705 -5.6761 8.1567 
7.5047 -2.6963 -0.73861 -8.8117 -5.4308 0.52451 -0.61591 2.7936 0.66387 -3.2594 
-8.6472 8.1934 -8.173 7.4631 -1.2313 -4.4521 8.1441 -6.6512 9.1226 -9.5154 
-3.2019 1.0631 1.7904 -6.6738 -7.0749 4.2927 1.4974 3.1473 -5.6995 2.0673 
-6.4588 7.1286 6.8068 -7.1686 1.6753 -5.4304 3.4816 -6.1985 -9.6189 6.0623 
-5.0793 9.1502 -9.189 3.1024 9.8364 -7.2709 1.582 -8.5786 7.7972 5.1759 
4.5564 6.1019 -2.303 -8.2853 -8.2171 -4.8313 3.5931 5.958 -8.2866 -2.9933 
-4.2359 -1.6408 0.59812 5.4986 1.8597 -5.601 -9.0966 -3.9415 -1.4219 7.0614 
-5.2532 2.0586 2.9669 0.47034 9.4973 0.76922 -6.9701 -6.365 0.62339 9.8889 
-7.2068 0.46122 -7.8149 -5.1556 7.9766 2.8031 -9.3925 8.0998 2.6126 -1.2911 
-5.5854 2.166 5.1548 -7.4347 -4.5321 1.2266 6.5797 -7.015 -1.8267 1.9001 
6.3509 -6.4879 -2.1188 -7.5694 2.9263 9.2343 3.2404 4.6934 -3.9236 -1.5895 
-2.4354 0.36109 -9.2937 -9.0904 -7.374 5.2571 0.86619 8.9067 -2.4789 8.6099 
3.3103 -0.063484 -8.7485 5.8064 4.5186 -8.7839 -8.6714 2.4118 -7.5056 -1.0654 
8.7163 6.9243 -9.8002 -8.4358 -1.2578 2.1596 -1.8019 1.0747 9.5806 -1.7436 
-1.4704 1.4561 1.5181 -0.76708 0.7993 -6.3057 3.4272 -3.4559 -7.0527 -8.5107 
2.1032 -6.4791 5.2261 7.0665 -7.5129 -0.11064 8.6519 -1.6019 1.8619 -1.2104 
9.3917 -7.4061 -8.2588 3.0686 -3.7844 -4.9937 -2.8591 -0.60437 -0.75331 -4.4015 
-2.707 3.145 -8.7418 6.0343 0.38949 -1.3509 -1.1716 -9.5174 -5.6679 2.2297 
3.289 -5.7376 2.8027 9.7019 0.50778 0.12547 4.9372 -4.751 -3.4152 -4.0549 
-3.7049 -1.0916 8.0977 4.1549 1.21 -8.9159 2.9461 -3.1974 -2.745 8.3779 
7.7143 4.9038 -1.7995 -2.5507 -3.9706 -6.4078 -3.6978 0.55419 4.6439 8.2971 
-4.0891 3.3102 5.6339 4.0854 -0.34215 -1.1923 -4.3361 -4.4567 -0.53879 -2.4332 
-4.0927 -4.0121 0.11988 6.0964 6.1689 -2.8076 8.4117 -8.2678 6.4569 9.9727 
8.1416 5.4511 -4.7519 -8.2309 0.19014 4.3051 3.606 -0.489 -6.2681 5.6567 
-0.14231 -2.8921 -2.416 -8.6157 6.4932 6.5437 -8.7849 1.1897 9.4661 5.5474 
-5.8572 -8.1976 -0.54917 5.4633 -8.2493 6.7061 1.7363 0.62807 6.6707 -1.6072 
-9.4836 4.5436 4.3955 7.3005 -5.4727 5.3379 -6.0938 -3.6995 -7.2895 9.7764 
-6.5958 4.3304 1.5894 -2.925 5.4601 7.0782 -8.6332 -3.8348 4.6787 -0.34971 
-3.9532 -8.3787 -0.64868 3.6929 -8.8484 6.5169 0.95821 0.14828 -1.4227 6.2561 
9.2288 4.7302 -4.8249 2.0886 3.6589 7.1598 -3.0621 5.9968 2.5513 -5.7211 
5.6731 -8.3251 2.8671 -6.0902 7.5259 -5.8278 0.90404 8.8087 -6.7411 -0.69628 
3.4651 7.8338 -9.2341 2.9729 -2.6397 7.1707 -7.1507 -6.4547 -3.7455 0.3382 
6.8144 7.7618 -8.7872 -3.4176 -9.3962 -9.3847 -8.0205 8.9339 -9.2164 -6.9241 
-1.5829 1.3868 4.7931 -1.5217 -3.1943 -9.0803 5.37 -6.1742 -1.5099 -3.692 
4.0747 6.9409 -9.5636 6.1886 0.83119 0.75665 0.45045 -0.037413 4.5824 9.1017 
-0.37427 -7.4675 2.9821 4.1821 -1.3254 -0.21143 5.5796 -0.19673 6.1368 -3.0621 
6.4115 -5.9058 7.7609 -3.9922 4.9814 -2.8236 6.3625 8.0299 -6.0801 8.8323 
-1.2522 -9.0106 7.9959 -8.0139 -4.357 -3.7171 -4.0319 6.2445 1.1226 3.9151 
7.1995 3.8476 -4.1184 -2.9824 9.1555 -2.1732 -9.6888 4.3731 9.9201 4.1845 
-9.8221 -4.1343 6.2557 7.2831 8.2753 -5.3359 9.3512 1.5368 5.0483 -7.7609 
9.9206 4.957 1.3499 7.6071 8.9987 2.9233 -1.0829 -1.8537 8.4122 -0.74728 
-4.496 0.69478 8.6609 9.6096 2.6363 -6.9252 -6.6267 -0.92432 4.8113 6.6084 
-9.3297 -3.4415 5.9702 -1.3134 -5.9685 -3.1744 -6.761 -1.0285 -0.38653 -3.3776 
-6.958 8.4204 -4.4666 -6.2041 7.1747 7.0478 5.2918 4.4792 -8.0307 -7.9917 
-0.40808 6.5693 9.9688 -2.5752 4.4818 8.2673 2.5209 -6.6912 8.1148 -0.35344 
7.7768 0.45981 4.5354 -2.2675 -9.2974 9.8506 -5.8974 6.0353 -4.2953 2.5213 
-4.3316 -7.5464 -4.2678 -5.9898 -1.8539 -3.3635 5.5712 5.5571 3.5559 -6.0847 
5.6825 -8.1532 1.831 6.65 2.2725 -8.8124 2.0195 3.5773 -3.0984 6.0075 
-6.5921 3.4592 4.9823 -2.9431 -1.0756 -9.0262 -6.2022 -1.4016 7.519 -9.3702 
4.6259 4.2086 -0.99528 -1.3542 2.6845 -3.0618 1.012 -2.6082 -7.6132 3.9542 
-5.0676 9.6174 -9.178 -3.244 -4.9368 -6.3198 -0.66566 8.1904 8.1127 0.62725 
-8.3632 9.247 9.1138 -7.0141 -7.0361 8.0184 5.943 2.4645 -1.8962 -2.647 
7.0582 -1.9586 -0.33787 -5.4417 -9.9356 1.5415 -7.4758 -2.84 -5.0831 9.4395 
3.731 -6.2617 -8.3359 2.4354 -9.8151 -5.4397 -8.2938 -2.0549 3.2799 6.9304 
9.1622 -2.2129 -8.9357 5.5962 -3.2724 -9.8065 -6.5208 5.4148 -5.0855 -9.5407 
9.7011 7.7024 2.6177 -5.3445 -1.6993 2.9176 -4.0189 3.4885 6.7911 4.4026 
0.69445 1.9044 -3.9027 -9.5286 7.1536 4.4775 4.2963 0.39564 -2.5744 2.424 
8.1196 2.5639 4.8046 1.7849 2.3929 -3.7564 1.3095 2.2201 -9.4036 -0.91558 
-0.46703 9.2132 1.2586 -6.8977 4.3945 1.612 -5.1186 -3.6977 5.6876 -2.5463 
7.7934 -5.2048 4.2493 -7.3443 4.5754 9.989 -1.5857 -4.2333 8.2139 7.1187 
-9.523 -3.6395 2.9133 2.0442 5.4317 -9.036 5.381 6.1206 7.6944 0.85457 
-7.4255 -4.2759 -3.8629 4.4194 -4.1321 -4.4049 5.8835 -1.6883 6.4891 -9.9689 
4.8128 8.3602 0.8716 4.6934 9.8642 -2.6814 0.36218 5.5853 -6.2074 1.7665 
-2.1796 6.1709 5.9501 7.6859 9.3791 -2.8426 0.5636 -1.3863 -6.3115 -9.2713 
-2.1274 9.5493 3.5614 6.9552 8.3306 -2.2745 -3.8855 6.0816 -5.1339 -2.065 
2.037 -6.538 9.4781 -4.4957 -1.2904 3.9143 4.7856 -8.0603 -4.3591 1.5508 
-9.5223 6.1038 3.2049 -0.14387 -3.6156 4.6262 -4.8815 -2.5522 9.2839 8.5845 
-2.2466 -2.712 -5.069 -2.5905 2.4086 -1.991 7.2747 -4.5157 7.3999 -4.7893 
-8.8651 1.2375 -0.98397 5.2988 4.0391 3.6257 6.3738 6.7955 9.7593 -2.8752 
3.7914 -4.2318 -4.9612 6.0913 -7.293 9.6964 1.2898 2.1872 1.0488 -9.0876 
0.40782 4.3736 5.21 1.708 9.6609 -4.1662 3.9628 9.0529 -9.1639 8.1404 
-8.4783 -3.4296 0.44423 3.5973 9.881 9.0644 9.334 2.9583 -0.12257 4.4236 
-1.8748 3.5398 -7.8277 -5.5059 5.2491 -0.81979 -6.7901 -7.8253 -7.097 6.7382 
-1.3957 6.6709 3.726 -5.7604 -2.9407 -1.0197 3.409 2.5605 5.5132 -9.2919 
3.1862 -9.15 3.2511 3.7194 4.3002 -5.2054 3.1954 1.6231 8.766 -6.0643 
-5.6322 9.2833 8.1149 7.8008 5.6386 5.6689 -4.8431 -7.3603 2.9895 9.9028 
-8.3782 -7.3561 -0.20389 -4.9376 6.541 6.789 0.63876 4.4635 -3.8368 8.339 
-0.64657 -7.2627 -0.73318 6.9174 0.75353 -0.85495 4.9261 -0.39716 -7.8164 6.5378 
4.5734 3.0486 3.2683 -7.4808 -6.3207 -1.5739 7.3025 -0.91179 -2.0534 2.8349 
2.2797 -3.3976 8.7502 2.774 -4.6173 2.8281 6.7622 -1.2927 -8.0102 3.0312 
8.012 9.5527 -3.4627 8.9714 0.87161 4.3038 0.9745 -8.7953 6.616 5.447 
-4.9444 3.2668 -9.5358 5.7614 2.9944 6.2869 8.8854 -6.5339 -9.9199 -8.2241 
-5.5981 8.3127 5.4617 2.2022 1.7008 -9.3698 9.9601 0.50925 -8.0337 4.0787 
-5.2839 -7.1165 -8.3026 1.4166 3.7188 0.061583 4.1936 8.7364 -7.6548 -5.4133 
6.2026 -7.9191 0.71298 -9.8863 6.1544 7.6041 0.62462 -1.9305 -1.2087 9.3102 
4.0482 8.7936 5.9673 2.0645 2.0373 -0.88622 5.6009 1.3626 -2.8977 -4.5543 
7.5701 4.6905 0.95048 -5.0358 9.715 9.5833 -9.74 -6.2518 -5.167 -9.4605 
4.2202 -9.5348 6.0565 -3.8347 -6.0196 4.4546 -8.3128 1.8374 -0.22912 -9.6436 
3.2216 -7.8385 -3.6885 4.0638 7.1918 4.031 3.862 6.3585 -5.3048 5.6604 
-1.2085 -7.8531 -2.07 -0.11757 -1.6794 -2.6006 6.0144 -1.4683 2.5248 -3.386 
1.2559 -4.3637 -0.58675 9.3445 -2.1833 5.4463 2.027 -5.6524 -4.5195 -7.3878 
9.8062 7.2556 -4.7194 -8.9693 -1.1989 -8.0872 1.0152 9.0664 -0.25544 3.4719 
9.1463 -7.8049 5.5467 8.5434 3.1646 -7.1084 4.8673 -1.1627 -7.8353 6.7077 
-3.2636 1.4818 -0.11822 -4.6738 0.12892 -8.1179 7.8272 -6.5764 -9.9439 0.37019 
-6.8909 8.4391 2.5383 8.8836 -9.6784 2.0726 -7.9144 1.6231 6.3509 5.4133 
-1.6584 9.5674 0.24483 2.8784 3.0737 -5.0557 -8.3757 2.961 6.5821 7.3178 
1.0895 8.088 6.8897 -0.52862 -0.80685 4.8675 4.5614 -3.3901 2.7236 4.7463 
-9.405 -8.9866 6.02 5.7521 -4.6268 -3.267 -0.63467 3.8738 -3.231 8.3297 
7.3341 -1.7509 -0.086542 -9.8351 9.2438 5.207 -6.381 -1.3499 9.3611 -8.092 
7.8883 -3.767 7.3427 -7.0495 -9.8635 6.6272 -8.0415 0.86553 9.4794 -8.6433 
-0.056192 -1.5355 -0.05779 3.7144 -6.8596 4.9925 4.3539 2.4748 -1.6806 -2.803 
-5.8143 8.296 9.236 0.80234 0.65878 -3.5482 4.402 -0.62802 5.749 -5.968 
4.4319 -4.3068 -8.5433 0.91406 6.9994 6.1126 -7.9224 1.678 3.9976 -0.32378 
3.9943 1.499 -2.4515 -0.34444 -6.6166 -1.4274 -6.5556 -7.95 6.7996 0.82939 
-0.78506 6.1309 1.8185 -7.8153 -8.3037 0.20645 -4.9847 -0.99768 -6.9549 5.3972 
-6.5881 4.3726 -5.683 1.3288 -5.7606 -7.1349 5.1278 -4.8835 1.2423 -8.9934 
5.8874 8.0229 3.5287 -3.0413 -5.8468 8.5038 -7.2929 -6.9998 8.7933 -5.5547 
7.77 -8.8922 3.3422 6.4619 -2.0814 -0.79592 -7.7852 -3.7527 2.6385 -8.8474 
-7.1497 7.202 5.0981 -0.48318 0.61152 -4.723 0.48493 -3.8351 -4.5802 8.1444 
8.7934 -9.8449 5.6248 9.5921 -8.8755 5.9109 6.0648 8.0034 -6.4239 -5.4208 
-9.9948 4.3578 2.3168 -8.7469 5.8569 -8.8114 1.8608 -3.8791 4.1502 -0.77488 
-1.2239 4.218 6.1982 -5.5989 -0.069584 -6.8845 -5.3052 4.0763 -9.0347 -1.7797 
-9.7766 -6.4893 -4.1983 1.3994 -2.6615 2.7345 0.40343 -6.9523 9.7732 -5.7542 
-5.3097 7.3931 -4.796 -4.1135 2.4246 0.97965 0.54194 -8.4129 -4.1106 5.4302 
4.1397 -6.8688 -8.7951 -3.0043 -1.2188 7.4856 -4.8085 2.9301 2.369 -8.4187 
3.8833 8.2393 4.4386 0.045856 4.0221 -5.8698 5.6937 4.7205 -2.9357 -7.929 
-4.6976 -5.3238 -1.0789 8.0304 -8.8757 -7.3646 3.9937 -4.1145 3.6389 -8.1896 
-3.4685 3.7212 -7.5224 -0.16936 -6.1599 4.3663 -1.0108 6.0424 -1.6505 -2.6202 
-8.1353 2.798 4.1704 -8.9026 7.9459 -4.3326 1.3374 3.1968 2.1558 -8.1593 
-9.168 -6.8481 9.6384 -6.4683 1.2 3.8277 -6.7268 -0.42082 -5.6974 -2.0376 
5.1856 -4.2063 -1.2165 -1.8161 -5.2439 -6.1379 -1.6735 1.8219 -7.5592 -6.1134 
-3.5025 -6.0296 -6.5664 3.0064 1.0984 2.0885 -0.87167 1.8567 1.9158 0.58379 
0.43644 8.6362 -9.8408 -0.23035 9.2297 2.6754 9.896 2.8909 2.7896 5.4071 
9.0378 0.81469 -4.456 8.74 -5.2138 0.40849 5.5062 0.25861 8.2937 8.317 
3.3796 9.0513 -1.0561 7.9868 -9.7377 -3.8522 -4.14 6.3695 -5.0666 -7.9338 
-0.53757 -5.6507 -9.1936 3.2019 -1.2414 -3.1855 -6.531 -9.637 7.9441 3.4523 
2.9874 2.9007 -8.8587 6.6276 -9.3703 -8.7174 -6.5569 9.4623 -7.0198 -3.5512 
3.3127 5.7245 -9.1223 7.2556 0.92211 3.3896 1.9985 0.11948 4.1264 9.4068 
-5.3971 -1.9948 3.1074 -2.9274 2.0821 3.8582 6.732 -8.172 -8.3861 8.1847 
6.0978 6.7359 -9.3711 -2.0849 -2.456 -2.1027 5.919 -3.4737 6.6932 -2.291 
0.055701 -6.739 7.2247 -8.7694 6.8984 0.26376 7.1783 4.5846 3.1253 0.19926 
-1.3194 -5.9337 -6.0781 1.5315 4.7856 -0.27609 7.1947 5.8808 -5.1329 1.2267 
4.1807 -3.1204 -5.3802 4.6884 1.1715 -9.49 6.5537 3.3933 5.5322 0.65008 
1.1053 -5.0174 -8.1266 8.2154 -4.8061 -3.6629 2.6742 -1.6333 3.6071 0.34535 
-4.8999 -3.086 8.3101 -0.034148 -7.1451 -2.8808 5.9402 -8.999 -1.4837 0.73935 
-8.496 9.7276 -6.7429 -3.1672 -8.9623 8.6588 3.8196 7.4833 -5.7331 -0.92482 
1.782 2.479 -2.931 -4.9037 -4.1381 -4.5364 8.7316 -1.2685 6.9853 5.0704 
3.4848 1.9253 -8.3715 7.1915 -2.0829 -4.3058 -9.7574 -8.1821 -3.0545 -8.817 
1.7603 1.5458 1.9316 1.1433 1.4268 -2.87 -6.9721 9.4664 0.019621 7.0154 
0.67405 -1.9393 -2.2738 9.3488 9.6908 -5.8497 0.62237 -5.0401 6.2294 -1.0428 
-0.54767 0.90892 -0.57728 8.5697 -4.5165 6.9965 8.9471 8.4858 8.1591 5.0457 
-3.5238 5.5485 9.7339 -1.7677 9.9667 7.3461 -4.9186 5.0402 -3.201 -9.0506 
-1.3803 -0.59193 -6.725 -8.4933 1.9201 1.1203 2.3301 2.8625 -6.0338 -5.8436 
5.298 -8.2323 8.8949 9.4341 -0.33378 6.8184 -0.60618 4.745 -9.2142 -9.739 
9.9293 8.6781 -0.75897 -2.5482 9.4664 0.8909 5.4232 8.4153 -6.5533 3.6447 
-4.6996 -9.128 8.8429 -7.8893 9.0407 -0.32271 5.6054 0.27716 9.5831 -2.0031 
5.8413 2.9739 -3.3899 -5.0725 -1.1764 2.7405 0.47539 9.2005 9.8822 1.5113 
-7.3078 4.6605 7.7788 7.737 -3.3473 5.8407 -7.4991 1.5369 -2.9115 5.5144 
-9.2893 -8.1355 -9.3639 3.8735 -0.063502 6.0733 -4.1892 -4.7127 4.4973 1.636 
-0.92107 5.7109 4.2431 -5.2008 1.513 -1.3878 -1.3156 8.1144 -8.1717 -2.4929 
1.2595 8.4965 7.1225 7.4986 9.2697 3.7593 -9.8027 9.2206 2.8407 -5.593 
-5.3823 1.285 -4.2173 4.548 9.3483 -3.9691 -3.4333 4.4564 6.0593 1.8124 
-7.1048 -0.91506 2.4096 4.5093 9.6666 -9.9772 -1.8748 8.508 -2.7553 -4.511 
3.5419 5.8707 9.6057 3.1433 -1.2273 -9.8297 -4.7297 -4.5611 6.2601 6.0755 
-2.9186 -4.3244 0.15124 4.1016 6.6046 8.6942 -8.6701 -0.48708 5.1772 4.4218 
0.20945 9.842 6.2317 -9.9105 0.25748 -7.695 -8.7205 9.0299 -3.9419 -5.9395 
3.8941 9.7196 3.7823 6.7032 1.6254 -4.9098 -5.7864 0.76169 9.4892 8.7809 
1.9059 0.72359 -9.2672 2.4336 -0.83551 7.4179 8.6048 0.84105 0.13193 4.6321 
0.12222 7.888 -7.7464 -4.1111 -0.53859 -1.7238 -7.8749 -1.9548 1.0662 -1.2798 
5.528 -5.289 9.7392 1.1589 -7.7378 5.2791 -0.89801 -6.3539 -8.1765 8.7257 
3.7041 -0.42987 -4.8076 -7.774 -2.2001 -4.5068 -4.8843 -7.3371 -2.9723 3.3029 
-3.6101 8.1513 -8.5647 -5.553 -1.4105 -6.8465 1.6741 -5.1976 8.7241 -5.9687 
6.6429 3.2749 -9.6813 0.71152 -5.5189 -4.3155 -5.1578 3.5109 -3.143 -4.7139 
3.2164 -1.2849 -0.014991 1.9878 -2.5455 -4.9952 -7.109 1.1022 0.48556 3.5751 
1.7414 7.0798 -5.7432 7.7291 -2.9607 -7.9496 1.132 -2.7042 9.6319 6.6707 
-9.6184 -2.0793 6.0545 -6.9884 8.4808 -3.8841 -9.0066 -2.3067 -2.8097 -4.5951 
6.739 -0.6279 1.3898 9.9058 3.0414 -2.1985 -7.4194 1.1132 7.6002 -4.0676 
-7.72 -1.0 -3.4037 -5.5024 -8.7819 4.134 -0.48145 -3.4929 2.4914 -9.1351 
6.8084 -3.5203 0.32346 9.1314 -9.9908 -4.6799 8.984 -6.9626 8.8813 -0.23881 
-3.2501 7.4164 -1.7322 -6.6643 8.7794 9.4596 1.1632 9.4597 -5.0952 6.442 
-1.4113 7.6659 0.85993 3.2866 8.44 -0.68017 -0.12124 0.40476 1.0596 6.4544 
5.8756 -3.1398 9.3894 -3.3001 -8.8198 -2.2105 -2.5051 5.242 -3.5599 2.0562 
-7.1687 9.0784 -8.5032 0.26476 -1.0085 -2.6756 7.3777 -7.7145 -2.208 -3.9358 
2.162 -3.8054 -9.056 -0.78121 -0.96862 -7.5645 3.7209 3.0627 3.9838 6.8567 
8.6126 8.6303 -4.4989 3.2203 2.3298 -2.0441 -3.3875 1.7948 -7.0323 -1.8356 
2.7289 -6.762 2.3425 -7.4655 -6.083 6.7753 -5.8782 2.0607 7.5723 8.2436 
-9.0446 9.0588 -2.0561 0.87389 6.4652 8.9646 5.6575 7.1935 -5.9597 9.4189 
3.9669 7.5704 4.137 -7.3517 1.4948 1.6288 8.0059 -7.5648 -7.5495 -6.4168 
-4.8578 0.14341 -2.2505 -1.6303 2.106 4.0718 9.3105 4.7208 -7.9014 9.3785 
3.818 -9.6351 -7.488 2.5852 -6.9258 -5.1033 7.1009 9.8868 0.79213 7.4245 
-2.7364 5.5631 -2.88 0.21613 -1.3821 8.9045 -5.6155 -6.8202 6.423 -5.1521 
0.83768 -2.8109 6.7605 8.6956 -3.4758 -4.546 3.1762 -0.33167 -0.62724 -8.3261 
-5.5572 6.971 4.3799 2.2501 4.1063 -0.24607 -6.6244 -1.8029 7.4898 3.0279 
8.1097 -1.3388 1.3329 9.9062 8.9245 0.24668 0.16602 8.4832 -0.057168 -0.45326 
-2.5292 2.1156 -4.4063 9.207 -0.50166 -4.0525 -4.2977 -9.1368 -3.7027 -7.5742 
-8.4237 -2.4484 1.7067 2.5683 0.61192 -0.52851 4.2269 -6.6084 0.93259 -7.214 
-9.3814 4.4282 -2.2169 -5.1016 -6.3195 -9.8069 8.0457 -3.7569 -2.5097 3.6271 
2.538 -3.6765 -6.5357 -1.3564 9.3845 -1.0907 0.51754 6.0384 1.4271 -3.3874 
8.7399 8.987 -9.5151 -1.635 1.1232 -7.3063 -8.5397 -4.6962 0.74232 -7.5332 
-3.6013 6.9949 8.292 8.1533 9.8443 9.5253 -0.82174 -9.562 9.9571 4.4406 
4.9035 5.512 6.9247 -7.4629 -2.265 -1.5248 2.608 -6.5243 5.9723 -9.7117 
-4.2214 -4.0097 7.4153 9.6904 -9.7379 -2.1002 -2.2004 -8.6667 -6.8951 9.8551 
-7.5129 7.454 5.0468 -5.5157 -1.2724 1.4123 4.5284 5.4101 -8.1163 -6.8631 
0.28162 -2.4983 2.2416 4.4662 5.0963 -8.2914 1.9427 9.352 1.8036 7.1156 
-2.2498 5.9684 -5.9795 7.1428 -6.6256 -4.7862 5.0526 -2.2271 1.0845 5.4032 
9.5722 6.3357 -4.8582 -4.1841 6.7693 -9.7556 -8.766 6.5423 4.9647 0.29025 
-4.1636 9.9803 -9.8082 9.2007 -4.5835 3.69 -0.48883 2.9933 2.8968 -2.3097 
1.8469 -9.0982 -3.2141 -2.2041 -4.328 3.995 5.9526 4.6582 -6.5542 -9.5538 
1.4271 -5.2639 4.9878 2.2352 -8.2218 -3.7387 -1.965 -1.5717 -9.0462 5.4205 
2.3171 -1.3819 -4.3681 5.5873 1.4939 2.9533 -0.35963 2.8843 0.057819 -5.7675 
1.2183 6.9448 -9.9229 -3.8002 -5.1244 1.4875 9.9643 -3.4392 0.45032 7.544 
-4.4028 -2.2713 -9.3902 9.4381 7.507 7.9368 -4.9359 -9.6595 -0.075206 -6.7757 
-6.963 -7.5439 3.829 6.2687 8.7457 -9.5375 7.2633 -7.9504 -4.2521 7.9587 
4.6603 8.3052 -4.5559 9.0187 4.019 -1.2732 3.1482 5.1681 -9.6308 -6.7711 
-9.206 -6.3534 -8.0267 -1.5544 1.7361 9.3395 8.5727 0.41095 1.9028 -0.26172 
6.0324 1.8155 -2.3706 -2.5979 1.6975 4.981 -2.3712 6.6444 -5.392 2.976 
-1.8717 6.247 2.6669 3.0694 0.95415 0.37434 1.277 1.2658 -2.94 -2.7996 
6.6002 -4.7768 -3.1795 7.6337 -0.99867 -1.356 8.1239 2.3598 -2.7859 2.9345 
9.4207 9.7162 2.6188 6.3077 -1.0437 8.4361 -6.8616 2.0828 -5.2627 8.4274 
-1.5503 -1.1749 3.0629 1.966 4.5278 -3.6545 -4.3376 -7.5119 -2.9397 9.7077 
-8.9219 -5.4948 8.3333 0.023586 -6.8548 -3.4017 0.8292 8.6708 -0.77071 -2.5661 
5.7407 -6.3056 4.3638 -1.6562 -5.9367 -1.7767 0.20108 5.4573 -5.7315 7.1767 
2.6015 3.9648 -7.7412 -0.20355 -9.5686 -9.8588 3.0538 6.1344 1.5802 -6.7713 
0.17639 7.5039 3.7005 8.4316 7.7105 -5.5813 0.90004 -7.2787 4.6346 -9.2716 
1.3537 5.3793 -5.2433 0.62002 -4.819 -6.2703 7.0901 4.4942 -0.17372 1.8136 
-3.8162 -4.7713 7.5642 5.7393 -6.1719 -6.0742 -8.8352 -6.209 -0.76269 6.4046 
4.9427 9.7141 2.5917 -8.1281 6.7653 -4.4068 9.9314 -1.7939 -0.85125 -5.0426 
-3.2668 -9.1163 -8.8691 -7.9862 -7.3166 4.5023 2.6732 -4.2773 9.1047 -0.13034 
7.6671 -3.1171 3.993 -4.5793 3.5896 -3.7809 -1.7159 5.3472 0.8778 -9.3275 
-3.3269 3.4637 -1.3899 8.9485 9.3466 -5.8387 2.2738 9.0603 -3.5914 8.3674 
5.9203 -8.8653 -5.3078 9.5107 -9.4553 -6.1128 9.9477 1.2628 -9.9777 7.2195 
6.0957 -8.9086 3.2744 4.4385 0.83341 2.4579 2.6184 -4.6383 3.5951 3.6891 
-8.9952 1.2973 1.8277 3.3368 2.887 -2.7971 -0.17533 9.7054 7.6017 1.4042 
-1.9499 3.0189 5.1112 7.3005 4.8314 4.3802 -8.7197 0.5047 3.4043 -5.6892 
9.3038 -5.2594 -3.4604 -1.3372 1.7766 -1.8949 6.6572 0.68217 -4.3804 -1.0212 
-1.7125 2.5383 4.6499 -4.791 8.0736 8.615 -2.2189 -1.2465 -6.2555 -1.349 
-3.3895 0.60077 -9.4125 -1.4649 8.5246 9.6252 4.5657 -3.5564 -6.897 -0.92567 
2.7274 0.28568 -7.8284 7.0666 2.5412 -7.3809 -6.8116 0.031114 6.0553 7.888 
7.1605 4.0326 7.5666 6.0068 8.1469 -1.185 -0.83125 -6.77 -5.2577 8.003 
5.7657 -2.5262 -3.4315 7.8428 3.9585 4.4928 3.2084 -9.5776 -7.2508 7.4791 
0.76819 2.2807 9.6308 -7.2438 -9.5867 -1.4139 5.5874 1.7087 3.6909 -1.8357 
4.8334 -3.8543 1.8436 5.4835 -6.5443 -7.3884 -6.0117 -4.5237 -6.3446 -7.3283 
4.7944 -8.1421 -4.8099 -3.8798 -1.0958 4.7702 -0.81613 2.0664 -9.32 -5.0325 
-1.1041 3.2584 -2.9541 -5.9888 -9.2133 7.1172 8.8109 3.1341 -8.7816 -4.6583 
7.0082 -9.4285 -0.25197 -1.5939 -7.0835 7.1407 7.3733 -5.8402 8.3934 -4.5348 
-0.1093 -2.3091 -4.4663 -9.0029 3.9021 1.9436 8.8062 9.1947 -7.704 0.60727 
8.9632 -8.559 6.0413 -4.3163 1.8831 6.5616 1.4507 -0.99018 4.5871 -2.1503 
5.9558 -4.1616 -4.6817 -8.2075 -0.013356 -3.0564 7.7799 -8.2362 -5.2105 -7.4056 
-7.3391 -5.7368 -6.1929 -9.1704 4.7509 3.8115 4.6297 8.7274 -0.39178 -0.64375 
-5.2446 4.4399 4.8647 -3.8579 -3.9718 -8.0747 4.5653 9.3712 7.863 -6.9607 
-7.4455 4.1005 3.5907 6.609 -3.1078 -3.2986 -2.211 5.0201 -9.5033 -3.9294 
0.68241 4.3024 4.0179 -9.7822 3.7437 5.2708 6.6534 4.7656 4.727 5.7168 
-8.8661 -2.7755 -6.7204 7.0534 -9.315 -4.5124 -1.8237 -2.5066 -5.873 -0.83234 
-0.6285 0.9294 -2.2942 -3.1816 -1.1051 2.6409 -7.4437 9.3061 -6.5711 -1.7718 
9.6538 -2.8434 2.7084 -2.8029 -2.1955 9.8543 8.4573 -1.837 8.0936 -1.951 
3.6444 8.8191 -6.9399 -2.1037 4.2408 1.4078 -0.24312 -7.8384 7.7374 -9.1763 
7.418 -1.1042 -6.7349 3.4097 -1.0699 -9.5414 -1.7743 -2.3589 8.0561 -7.8324 
-0.075789 -7.7836 6.2258 -7.2288 -2.3204 4.1469 -7.9664 -1.3002 6.7782 -6.177 
-4.2468 7.3024 6.4573 -2.1605 2.455 -6.2693 -4.7807 -6.04 -1.0228 -3.8977 
-6.3396 -9.2889 7.5512 -3.6429 -9.4043 -7.6891 -3.56 6.7078 2.3622 -5.28 
9.2244 -5.5347 -7.621 6.5156 -2.8437 -9.2282 9.4296 2.2999 3.1819 -0.19302 
5.1252 -7.2407 2.8235 -7.845 -1.0514 1.8074 9.3 -7.2286 -3.9829 0.24223 
9.0071 -3.9485 1.2485 8.7732 5.6226 9.166 -9.6944 -0.8755 2.5865 -5.85 
3.4253 -4.9162 7.1402 -1.7509 -3.545 -7.6206 -9.7119 6.145 0.1582 1.4426 
-6.2789 4.6237 4.9533 5.5697 9.3445 -4.7426 0.29508 -1.0946 7.2634 5.0919 
-4.2032 2.7537 -9.3831 -1.3122 -2.3737 -0.24108 -4.2192 -2.9925 -1.5007 -6.6765 
-8.8358 9.5049 7.0709 -6.2184 -9.7432 -5.0978 -4.5158 6.4626 0.47359 -6.213 
-9.1187 -3.3784 -0.62528 -8.4135 -1.1102 -5.7982 -8.6036 6.0554 1.9994 6.3368 
-4.4088 -1.5862 -0.28241 8.1993 2.2953 -0.17344 -8.5044 -6.2778 7.6515 -4.7121 
-6.5906 -0.39149 0.3159 -2.7541 -8.1916 -9.0002 7.2831 -0.82264 -7.2603 -8.6864 
3.542 8.1967 -2.2308 7.5708 -5.4756 4.9493 5.786 5.2217 0.029737 -2.8978 
8.0484 1.4425 -2.3141 0.49348 7.3386 0.40192 -2.886 -2.9796 -7.0031 0.028112 
-2.9603 -1.5033 -5.904 -1.5785 -2.0815 -1.8664 -9.0227 -8.2717 9.1547 8.1336 
-7.9968 -0.91164 -7.8248 7.78 -5.6908 1.6645 -3.1224 -1.8856 -3.076 -5.6898 
5.86 9.0242 4.3008 -2.3738 1.967 7.2967 -6.17 0.58296 -6.4996 -7.195 
-0.63135 1.6589 -9.5538 -2.6737 2.6177 -9.3779 3.6237 5.3824 -2.2032 7.425 
3.7468 -2.1713 9.9535 -5.6287 7.9859 5.8499 4.5579 0.7579 6.4041 3.1395 
3.6616 1.1616 -8.4816 7.7236 2.8957 -4.7219 8.4286 8.7247 3.28 2.5088 
-1.5713 9.7311 -2.1537 -2.0437 -0.18782 1.2004 4.6169 8.4019 2.4502 -9.3836 
3.1869 5.6725 -3.3588 -7.1567 -7.7158 5.7588 0.081012 2.6404 -9.9269 -9.4378 
2.6685 -8.2356 3.0729 6.3189 -7.3865 -6.9121 -7.1898 -2.8112 5.8807 5.4206 
0.50292 -2.43 -0.13433 -0.81371 -8.3598 6.2468 4.9577 -1.2085 -9.1656 -0.89177 
-6.1744 5.3901 -9.5336 -4.8172 8.2841 3.6481 -8.2716 -0.44665 -3.7341 -1.2174 
0.23812 -6.0118 -9.1854 4.0723 3.8833 -0.34406 -9.7489 -7.3215 -0.19174 -2.8901 
4.9666 -2.9385 -1.9211 -1.2077 0.80999 -9.2553 -7.1125 -4.6096 -4.8989 -5.1367 
-1.6035 -5.6464 -0.61723 -9.4823 2.0355 7.5379 -2.8767 -9.5376 -3.6724 -1.3745 
4.7496 -9.9339 9.0764 -3.5664 -5.826 0.24565 -3.9024 -7.6117 3.2133 3.8139 
3.7294 -6.1675 -4.2207 -1.418 7.9497 -5.2479 3.4531 -4.4002 -5.96 -6.5743 
9.1145 -0.99523 3.1673 -4.5508 1.2136 -9.3419 7.5847 5.2685 -2.127 1.692 
-3.8419 3.6366 3.343 -6.7976 0.20149 9.0159 -0.42476 -8.4475 2.7482 2.7799 
-3.154 -0.63867 -9.8008 5.8286 -7.771 -7.8772 -7.5101 2.7332 7.7758 3.1136 
-2.2593 -7.4325 4.3218 0.95403 8.6975 -5.3818 0.56086 -2.503 8.093 -0.61612 
-9.4765 6.0737 -0.56484 -3.791 -8.2553 -2.3699 -6.7213 -3.3261 7.8003 3.6508 
2.6709 -8.4805 -8.2383 7.9064 -6.3698 7.1355 4.5116 1.5646 8.4413 -5.7436 
1.305 -7.5384 -0.90698 -2.6749 2.1611 -6.7849 6.9342 9.4306 8.9584 3.0462 
-2.6898 7.4211 -2.6089 -3.4196 -8.189 0.47273 0.80986 6.8739 -4.6888 -7.9421 
-1.5708 3.7088 8.9131 2.2951 -6.1442 4.7259 -0.96075 9.3664 -0.84474 1.138 
-0.75599 0.23815 -5.083 -6.079 -8.8976 7.019 0.38491 -6.0221 0.21378 -1.2101 
-3.7112 2.33 5.8676 -3.4561 7.0748 -3.6564 -6.4905 -9.2042 -1.9196 -9.9283 
-5.4868 6.6509 8.0751 -6.453 6.1915 0.99489 9.1615 -4.6686 1.9942 -4.3355 
-7.6813 -9.7886 8.1489 -0.83337 5.5065 -6.79 -9.7347 -7.2577 4.2796 -8.6626 
-7.3207 0.44014 -5.4885 6.0194 -0.66423 -3.4555 -1.3465 6.7052 1.0786 9.3248 
8.9305 -2.3228 -3.3173 -1.2915 3.8566 2.2821 -5.4712 -3.7862 -2.0962 4.6955 
-0.15134 -8.8249 -9.6628 -8.3394 -4.9056 8.5521 -3.8068 -5.929 6.8754 -4.1677 
4.9643 4.2861 -1.6485 1.6354 3.9925 2.5362 6.101 6.4742 -2.0492 -2.8825 
-3.7813 5.5623 6.3245 1.08 7.5332 9.9765 -0.64695 2.1115 4.781 2.2669 
-9.8459 4.333 6.8208 -9.2846 2.676 -8.1178 4.2402 4.4798 4.9722 4.0476 
2.3124 -7.603 -8.3188 -6.705 -1.7463 -9.2338 5.2355 -3.4145 -6.6619 1.5239 
-2.8485 -3.5274 9.3958 8.4167 -0.76987 -9.5372 -7.4466 -9.4405 -5.3883 6.4118 
2.9766 7.3237 -6.9771 -2.3473 -9.6248 -5.3689 2.1873 6.9478 -3.0868 -6.7903 
6.9195 3.5034 5.52 0.3721 -8.8152 -5.7151 -5.5825 3.2996 7.4361 7.6369 
-7.9729 -5.2137 0.048327 -3.6394 -7.9196 -2.9366 0.6607 -9.4793 -4.7579 -9.3096 
1.766 -9.4305 4.5038 0.66029 3.6404 0.31507 0.32541 -0.2128 -7.528 3.6667 
1.6476 -4.7229 5.6306 3.6383 5.3644 8.5447 -3.4509 1.5602 -7.9353 -3.0108 
0.43608 4.9712 9.0423 -3.375 -6.1084 -6.4193 -2.1645 1.8412 4.5832 -8.1538 
-0.908 -1.3836 2.1719 -5.8929 -8.9628 7.6404 -2.7631 -4.3895 -0.21298 -7.6697 
9.334 9.0037 -3.9142 3.2748 1.2945 3.3617 -6.393 -7.4366 4.1917 4.414 
-6.3539 -8.3103 7.9087 8.8967 1.7872 8.2906 -1.5707 -6.3993 2.2102 -4.0027 
1.1878 -9.6714 -2.8438 -7.3061 8.5981 1.4277 6.8473 8.7872 -3.9629 -0.89561 
2.5295 2.2922 -7.6314 -3.8607 -8.1425 9.2666 -8.6778 -3.0768 5.5353 9.6717 
-9.3974 -5.7297 -2.7765 4.8754 -5.2841 -2.4839 9.826 -5.1378 9.3434 9.6301 
2.8455 5.0732 -1.2675 1.9508 8.1934 0.39388 0.55433 -0.86299 3.7951 7.2312 
6.7632 4.2411 4.1305 -8.954 9.7446 -6.1653 0.11913 -0.98083 -9.9264 -4.9984 
-2.0973 -1.8694 7.8899 2.2579 3.1175 4.6639 -5.4193 -5.4318 0.94829 -8.9858 
-1.2532 -5.1414 -7.8025 -5.0605 -1.453 -1.5379 4.4064 -8.6528 1.6338 8.3103 
-8.3023 0.58623 7.4456 -2.8912 6.9313 0.11654 5.2276 0.094589 -6.3918 0.0018621 
1.6275 5.8475 -8.2535 -9.5412 -2.5237 -0.3854 -5.7674 5.0255 4.6384 -1.7765 
7.4336 5.4308 -5.6861 1.6868 -4.7456 5.2503 2.653 0.34384 -0.49617 0.6611 
-5.8619 -2.541 -9.8491 -8.2469 -7.5694 1.1155 -0.11658 -3.2119 -2.8448 4.1782 
-8.1078 -1.28 -2.1033 3.4024 9.902 -2.2743 -0.45182 8.5149 -5.4836 5.9563 
-6.241 9.7337 3.4801 1.4054 -3.5538 5.2538 5.5601 -8.5776 5.6458 -5.18 
3.3567 7.9238 5.7913 8.3963 2.2512 -6.0676 8.457 -9.1396 -6.6702 -5.2131 
4.6484 4.7093 0.38411 -4.5622 -3.6935 -5.1132 -3.9474 -8.9213 5.4431 2.0272 
2.6202 -5.5858 1.1105 6.2019 2.0069 4.5888 2.9463 -4.0774 9.7478 8.3546 
-0.63588 -8.6173 -0.12929 -7.3227 0.49882 -3.1378 -8.1306 -1.2253 -0.64423 0.48084 
-3.7128 -8.2282 8.707 -7.8632 -1.0797 -0.57963 -6.9539 -4.5786 -3.3442 -5.3868 
2.8293 -4.7514 7.8351 6.0009 -7.6 -1.7343 6.8523 -0.90014 2.0827 -0.37603 
1.2405 -6.9708 1.6713 -3.8269 7.0757 0.69191 -7.214 8.9066 3.7214 -9.8671 
3.2745 -2.7172 0.29239 -8.3688 -1.5766 8.7292 8.9115 6.102 6.5874 7.757 
-7.5025 3.6209 -2.9917 9.5125 -9.0282 9.3365 -2.7806 5.005 -7.5342 3.8686 
3.4805 -7.9574 -6.6199 -5.3209 1.4365 3.0076 4.0381 -1.9043 4.4118 -2.5904 
3.6062 7.7416 2.9452 -6.3545 -7.9541 5.7354 -1.1337 7.1717 -6.7695 -7.8668 
8.6024 -0.65516 -6.9831 6.8226 -6.8797 -9.0178 2.7978 1.2394 1.2146 7.2503 
6.5764 0.69756 -7.3516 -5.079 0.51024 3.5662 3.8381 3.7257 -0.24833 5.1873 
-6.438 -8.3776 -7.9228 -8.1701 5.6696 -5.8634 -5.8811 7.9363 -3.5823 1.6254 
8.9848 -7.2289 6.4124 9.7757 4.9491 -2.2801 -7.0547 7.8882 -9.4754 -8.1983 
-6.0075 -9.3583 -7.861 -0.86293 8.0725 7.0542 -2.1221 2.6743 -6.8244 5.8119 
-5.6464 -4.5316 -2.7924 1.2426 -5.56 -4.2785 -9.533 0.91484 9.1798 1.7471 
-9.8296 5.2123 5.1562 -2.9567 -2.0531 0.57603 -5.5243 6.1113 4.5362 4.6436 
-3.9875 8.7746 7.3592 -8.937 -7.1719 -2.4243 -9.0154 6.9659 8.7177 3.1946 
-4.5106 -9.6937 -8.4656 -9.7411 -5.4163 8.9816 -2.4375 7.1901 7.7907 -8.6363 
1.729 -8.7141 1.3322 8.5958 -2.6461 -2.8836 4.3125 -4.7737 6.205 6.3033 
-2.0689 3.3458 -3.081 -1.1508 -5.2472 -5.5909 4.2216 7.7861 -5.2661 -9.4257 
-6.2719 1.2558 -6.5698 4.033 1.5628 -4.4706 4.0781 -7.0651 3.9443 -8.4735 
-2.1437 -5.2697 6.5553 8.8456 0.62005 4.1796 1.2765 -6.8858 -8.5274 -6.0148 
-6.9081 7.8535 1.8478 -9.6696 -3.3348 -1.0577 -6.1856 -1.0337 5.6365 -1.9512 
6.6461 -0.76783 6.3018 -4.7982 -5.3894 4.6306 5.4465 -2.952 -5.4134 -0.90148 
-7.005 2.1037 -3.1706 -0.45996 -1.1922 -8.3106 -1.2405 -6.49 7.4402 1.9252 
3.5909 -3.71 8.0381 1.3621 -8.553 6.829 -4.6965 -4.7586 -9.0281 7.1125 
5.0018 -7.3026 -7.6731 5.1792 -1.0031 -4.2883 -2.8854 -6.6411 -4.5818 8.6897 
-9.7022 8.5625 1.8303 -4.9717 2.4202 -9.8693 7.4408 -5.3661 7.0848 -7.8401 
-7.1551 9.1582 2.9068 -1.9271 -6.3094 5.1399 -6.107 2.1455 -0.249 7.72 
-9.3869 9.7854 -8.79 -8.4535 9.1963 -3.4533 7.121 -9.5627 -7.0527 7.3326 
6.1739 -5.5465 6.2656 -5.9613 -1.4164 -9.9552 6.3676 1.5194 2.348 7.2608 
-9.0571 -2.6408 9.172 7.7897 7.7854 -6.7587 5.0693 -5.2878 -7.9618 3.31 
3.3236 4.2634 5.174 3.1593 4.4397 7.7181 -2.1191 -1.6276 8.5173 7.1026 
-0.87935 -9.4147 -0.16201 2.6954 9.9267 3.3195 -3.3045 2.7669 8.1457 -5.411 
6.0599 1.9281 1.859 -9.6855 7.8017 -5.6785 1.5086 -8.4958 -2.2838 -6.703 
-2.8312 -3.0469 -2.5441 -6.3082 -4.6046 2.0629 -3.7487 -9.8697 -8.3318 -6.0322 
-9.4933 -1.1001 -7.0388 -9.502 -3.9706 4.7976 3.6887 -6.1425 -9.0784 -0.60796 
-5.6282 -7.0779 -4.1633 5.8925 5.4702 9.1076 2.643 -3.0496 8.7135 -4.5167 
4.2183 -6.4659 2.7386 -3.9721 3.7566 -3.1687 1.8693 6.6869 -0.52298 8.0307 
0.97842 1.6578 -1.0141 -0.27043 -7.255 5.9494 -5.9596 -2.1409 7.9673 7.9853 
7.3939 -1.6178 7.3375 -0.13721 -4.2134 -6.1555 -0.49076 1.1587 1.9965 -0.40342 
4.7767 -3.9477 3.8731 -8.7948 -9.8485 1.7439 -5.2834 -8.037 -9.7993 -4.2362 
-7.9354 -0.90058 2.0756 4.2814 -5.4779 7.9068 -0.92972 -7.2458 -9.5581 8.0741 
9.4287 -1.9222 -2.1883 -9.9913 -5.1273 8.5237 8.0328 8.6631 0.82928 -5.0582 
4.7743 7.8457 -0.56247 4.3578 9.0599 2.1741 1.3319 3.2316 -2.9537 -6.2087 
-9.7228 -1.5882 -4.2212 -0.78476 -9.0968 2.255 -8.5772 -8.5663 5.107 0.47475 
