-0.8123
0.37098
0.97117
0.056864
0.12309
-0.32245
-0.56898
0.10478
0.54685
0.98496
-0.1166
-0.60826
-0.57386
-0.29176
-0.11308
0.5884
0.37956
0.53883
0.92471
0.24154
-0.9413
0.85758
0.64657
0.77416
0.89139
-0.094067
0.44387
0.73556
0.99544
-0.99545
-0.48614
1.0357
0.95164
0.79062
0.34967
1.0933
-0.84649
1.0023
0.58469
-0.27532
-0.21826
0.18517
-0.050078
-1.1041
0.1979
0.55247
0.81843
-0.84087
-0.52241
-0.92553
0.84505
0.38988
0.75272
-0.88782
0.35645
0.12022
0.019324
-0.60094
-0.57478
0.034742
-0.74068
-0.75023
-0.85492
-0.31406
0.8578
-0.39627
0.75922
0.17843
0.91154
-0.66438
0.63506
0.92796
0.55664
0.31674
-0.78653
0.90392
0.93866
0.053612
0.60094
-0.78632
0.97972
1.0746
0.045895
0.99889
-1.0486
-0.49007
-1.0525
-0.61993
-0.30848
0.59176
-0.69005
-0.38183
-0.79156
-0.23244
-0.85224
-0.78338
0.726
0.43298
0.74682
0.50356
-0.37847
-1.0173
-0.88062
-0.55684
-0.67457
0.47482
-0.91074
0.26974
0.7584
-0.54906
-0.073108
-0.60893
0.68329
-0.95809
1.2122
-0.95372
-0.56986
-0.81807
-0.92138
0.40871
0.27853
-0.64795
1.1136
0.39063
-0.17234
1.0504
-0.96857
1.0288
0.73518
-0.71449
-0.97213
0.85036
-0.12521
-0.91549
0.84748
-0.96036
0.44231
-0.43421
-0.19835
0.95305
0.70635
-0.39676
-0.91585
-0.34547
0.066746
-0.74122
0.94704
-0.2434
-0.76738
0.87787
-0.10771
0.8878
0.51845
0.90682
-0.67116
-0.019524
0.60153
-0.085707
0.28626
0.45695
-0.39918
0.83033
0.27026
-0.94803
0.30785
0.59272
0.13177
-0.42865
-0.83999
-0.89729
-0.46031
-1.0478
-0.74876
0.92587
-0.34778
0.64767
-0.62201
0.97802
-0.87649
0.84281
0.9384
0.60877
0.76895
-0.075997
0.86353
0.086165
0.7486
0.21375
0.17277
-0.97291
0.87795
-0.23913
0.56101
-0.38118
0.24791
-0.61451
1.0158
0.85278
-1.0361
0.33546
-0.76562
0.89905
0.8257
-0.25502
0.61651
0.64597
0.14816
-0.7267
-0.59495
-0.71325
-0.15851
-0.36572
0.30465
0.13453
-0.17332
-0.22492
1.062
-0.9138
0.78605
-0.32244
-0.47197
1.0986
0.10803
-0.99255
-0.88136
-0.82564
-0.047237
0.54125
-0.461
-0.3823
-0.70162
0.79528
0.46449
0.84942
-0.75233
-0.69562
-0.80456
-0.71143
-0.46026
0.30391
0.73847
0.10411
-0.53687
0.2777
0.43576
-0.39194
-0.60844
-0.9508
-0.31426
0.65756
0.30171
0.7379
0.5574
-0.52426
-0.71968
0.79184
0.94797
-0.68855
-0.39111
0.80039
0.44135
0.60516
0.4813
-1.0393
0.99938
1.1305
-0.74942
-0.50712
-0.27514
-0.33843
-0.60055
-0.22305
1.0082
0.94263
0.81334
0.17028
-0.042087
0.59356
0.64033
-0.79602
-0.16216
-0.70288
-0.015685
0.2394
-0.050225
0.78733
0.74371
-0.89475
0.3683
0.37558
-0.92289
0.60042
0.13049
-0.64535
-0.78635
0.16951
0.75883
0.86122
-0.3347
-0.92438
-0.91579
0.37291
0.063626
0.13601
-1.1103
0.94911
-0.86941
1.0055
-0.83933
-0.16
1.1384
0.89037
-0.0015528
0.68171
0.95408
0.96506
-0.82177
-0.0089491
-0.65192
0.43223
0.92265
0.017061
0.15758
0.76229
-0.94953
0.27367
-0.87098
0.89156
-1.0761
0.90096
-0.12643
0.42291
-0.60226
-0.11798
0.9468
1.0395
-0.48369
0.24635
-0.17593
0.047419
0.74743
-0.73977
0.025232
1.07
-0.5682
-0.3156
-0.3943
0.75581
-0.24949
0.94688
0.47058
0.31909
-0.1737
0.066828
0.099171
0.8304
-0.41511
-0.39481
-0.39164
0.25994
0.93049
-0.7341
0.75594
1.0659
0.50325
0.95241
-0.62202
0.30631
0.89318
0.049476
-0.99687
0.72995
0.75466
1.0469
0.63169
-0.14059
0.90981
-0.29042
-1.127
0.56111
0.4771
0.77179
0.96362
0.98006
-0.99565
0.71177
1.0092
-0.21892
0.19445
0.70414
-0.84373
-0.60208
0.10034
0.050462
-0.97614
-0.30104
0.80982
0.16053
0.81038
0.50504
-0.94277
0.29295
0.34011
0.56686
0.4815
0.091133
-0.53376
0.30554
-0.52676
0.43045
0.29767
0.77315
-0.32506
-0.1063
-0.56098
-0.97346
-0.3626
0.99825
-0.88858
0.98334
-0.28382
-0.93092
-0.077315
1.0361
0.73201
-0.80052
-0.95112
0.043621
-0.079043
0.48911
-1.0542
0.25632
-0.84514
-0.52132
0.22594
1.0729
0.99101
0.86768
1.0459
0.83251
-0.24402
-0.74481
0.59438
0.056981
-0.23793
0.11652
0.48087
-0.063305
0.74748
-0.26536
0.89262
0.57178
0.11245
-0.70788
0.29017
-0.59763
0.43418
0.98023
-0.58411
0.21474
0.59889
0.30798
-0.11603
-0.45952
0.45254
-0.025817
-0.85652
-0.42137
-0.65559
0.73381
-0.47379
-1.1011
-0.27685
0.61557
-0.15732
1.0101
-0.23783
-0.068983
0.99394
-0.51008
0.80222
0.50568
-0.49781
0.14273
0.16692
0.38069
0.045719
0.38683
-0.87378
0.20647
0.49716
-1.0561
0.91948
0.24826
0.72727
-0.75889
0.38306
-0.93226
-1.0675
-0.60883
0.97518
-1.1072
0.46399
0.84605
0.41686
-0.25561
0.97947
0.58981
-1.0156
-0.094098
-0.092055
-0.11869
0.78347
-0.37534
-0.83344
-0.90608
0.57961
-0.97774
-0.031626
0.78683
0.28831
-0.10653
0.88137
0.29085
-1.204
0.81136
-1.1168
0.83022
-0.61357
-0.69735
1.0605
-0.98943
-0.97292
0.65563
-0.42679
-0.76018
0.70762
0.69634
-0.31331
0.84363
0.082396
-0.36041
-0.029297
-0.59643
0.31848
-0.79387
-0.6632
-0.87425
0.75315
-0.91847
0.15215
-0.80075
-0.52067
0.59495
-0.58797
-0.30113
-0.21647
-0.96455
-0.12498
-0.28988
0.74842
1.1143
0.9305
0.95221
-0.11225
-0.46817
0.42082
-0.98167
0.14197
0.15693
0.29135
0.60513
-0.59019
-0.84751
1.0162
0.11765
0.99789
0.34807
-0.060774
-0.4522
-0.77665
-0.41967
-0.96855
-0.48848
-0.1266
-0.45499
0.39296
-0.86144
-0.76333
0.59259
-0.88962
0.51933
0.93995
0.63401
-0.0032918
-0.47217
0.66405
0.68668
1.0152
-0.99662
-0.59883
-0.12707
0.62009
0.14106
0.91164
-0.92043
-0.88359
0.080037
-0.88566
0.54261
0.73495
-0.94068
0.75112
1.1904
1.0305
1.1375
0.59495
0.74728
1.0272
-0.91436
0.70093
-0.88599
-0.76568
-0.96333
-0.81955
1.1144
0.39795
0.57553
0.3236
0.91505
0.78958
0.38376
-0.6078
-0.90316
0.047461
-0.56463
1.0791
0.10308
1.0586
-0.80155
0.93403
0.77309
1.0957
-0.88782
0.74148
-0.48306
0.33631
-0.035935
0.91538
-0.55737
0.52495
-0.87476
0.27319
0.58824
0.15256
0.64261
0.26349
-1.1238
-0.9337
0.86748
-0.078034
-0.95754
-0.055214
0.37262
0.29547
0.99964
-0.14204
1.0999
0.066708
-0.89069
-0.94095
0.72748
0.72567
0.68696
-0.54986
-0.21753
-0.84773
-0.97331
1.0376
-1.0455
-0.77668
0.81863
0.39884
-0.08664
-0.615
-0.80943
0.90536
-0.88547
-0.867
-1.2065
-1.0318
0.54274
-0.068909
-0.11827
1.1006
-0.57546
0.91189
0.77975
0.24006
-0.071236
0.31218
-0.32851
-0.57458
0.58928
1.1389
-0.16643
0.91177
-0.86385
0.77763
-0.70193
1.0846
0.038274
1.0246
0.31579
-0.86973
-0.66808
0.5751
0.35839
0.88493
0.10913
-0.436
-0.22845
-1.005
-0.86792
1.0883
0.54287
0.057473
0.62244
-0.8094
0.43612
-0.31
-0.21127
-0.39964
0.44
0.99491
0.84018
-0.53245
0.16402
-0.82682
-0.41641
1.0118
0.79066
-0.82303
-0.98095
0.96372
0.71883
-0.35694
1.0338
-0.56943
0.24206
-0.60854
-0.41056
0.90708
0.94723
0.71339
-0.93868
0.54231
-0.14798
-0.87825
0.50504
0.7335
-0.068017
-0.28508
0.68909
0.63358
0.97584
0.42716
0.94931
-0.72186
-0.65423
-0.4278
0.56476
-0.10821
-0.56346
1.0517
-0.42992
0.87446
-0.31802
0.85229
-0.52327
-0.99328
0.64481
-0.88788
0.53445
-0.45812
-0.097993
-0.91114
0.27776
-0.21653
-0.015717
0.90712
0.47205
-0.38174
0.61079
1.1106
1.1531
0.98201
-0.79761
0.66873
0.12099
0.7852
-0.47757
-0.81961
0.85805
-0.40696
-0.64835
-0.0067063
-0.87485
0.77588
-0.39531
-0.89632
0.51799
-0.48902
0.59643
-0.36954
0.80105
0.80391
-0.56051
0.89204
0.37407
1.0693
-0.47868
1.1389
-0.30217
0.96007
0.27471
-0.053497
-1.0478
0.22952
-0.87296
-0.68789
0.50502
-0.0061846
0.86942
0.32901
0.22639
1.0344
0.48321
-0.41653
-0.66595
0.50992
-0.30233
0.97933
0.050617
-0.024863
-0.50312
-0.38205
-0.6767
-0.83272
0.26367
0.031753
-1.0787
-0.99759
-0.12103
-1.1266
1.0326
1.016
0.023265
-0.48752
0.018759
0.91985
-0.015969
-0.92722
-0.93973
0.020406
-1.1363
-0.38625
-0.016171
-0.76711
1.0912
-0.51085
-0.85138
-0.043217
-0.66519
0.26343
-1.0426
0.46669
1.1414
0.35255
-0.36905
-0.67659
0.68828
-0.039222
0.74508
-1.0006
0.30319
0.28078
0.29019
-0.76593
-0.39861
1.0551
0.87373
-0.854
-0.91888
-0.83697
0.42099
-0.48191
0.42856
-0.17218
-1.0752
-0.85386
0.69988
0.58341
0.7461
-0.19758
0.81608
0.78627
0.95783
-0.9071
-0.4995
-0.13747
-1.1841
1.0191
0.37973
0.72869
-0.21619
-0.7015
0.48354
-0.31364
0.79627
0.99263
-0.7325
0.37849
-0.70349
0.13743
0.80183
0.65026
0.96354
0.30857
-1.0699
0.23925
0.024679
-0.65699
0.77079
-0.42149
-0.80794
0.22109
0.51378
1.1589
0.47003
-0.53294
-0.29664
0.94376
-1.0632
0.0092684
0.8735
-0.19016
0.63998
0.98402
0.79989
1.16
-0.95756
-0.71851
0.44671
-0.64263
0.69437
-0.59025
0.80974
0.90175
0.59034
-0.17052
-0.32894
-0.60834
0.46081
0.33262
0.051781
0.95035
-0.90847
0.75412
0.60465
-0.30764
0.31822
-1.0659
0.76603
0.042327
-0.46892
-1.1693
1.0113
-0.39289
-0.4623
-0.48304
0.85527
-0.82036
0.65008
0.0059934
-0.81422
1.0033
-0.78396
0.96464
-0.79988
-0.89551
-1.1476
-1.0486
-0.022051
0.96922
0.79606
-0.71538
-0.39599
-1.0752
-0.50815
-1.0311
-0.45156
-0.92333
-0.9292
1.2844
-0.87614
0.28558
1.0319
-0.49392
0.71696
0.89671
0.26529
0.068829
-0.89966
-0.70401
-0.70072
-0.9799
1.1177
0.3831
0.44452
-0.88585
1.0535
0.65232
0.07558
-1.1118
-0.15066
-0.37094
-1.185
-0.86
-0.872
0.21398
0.91942
0.35874
0.40737
-0.91932
-0.89192
0.27091
0.30764
-0.99186
-0.18445
0.74542
-0.70673
-0.86488
0.086383
0.52131
-1.0442
-0.21116
-0.53244
0.26157
0.85093
-0.75322
-1.0042
-0.70916
-0.34012
-0.31186
0.15101
0.52091
0.42666
0.93721
-0.77337
-0.90683
-0.14397
-0.82067
0.38832
0.8586
0.25272
0.65471
-0.35169
-0.53399
-1.0071
0.19713
-0.81969
-0.11954
-1.0767
0.065462
0.88744
0.51385
0.07501
0.54957
0.99098
-0.64866
0.80501
-0.36475
0.94082
0.079399
-0.37877
1.0078
0.083951
-0.81224
0.72898
-0.72614
-0.77421
-0.68945
0.025169
0.77477
-0.97727
0.85277
1.103
0.65191
-0.1878
1.039
0.27651
-1.0559
0.73774
0.98199
-0.21246
1.1455
-1.0441
-0.20129
0.61724
-0.53906
0.62868
-0.88926
0.64451
0.86745
-0.62256
-0.38181
0.04019
-0.95694
0.77199
-0.64753
-0.61536
-0.80636
-0.3874
-0.20701
-0.84909
0.43231
-0.39226
-0.52196
-0.85753
-0.93825
-0.31579
0.010009
-0.67886
0.57979
0.51475
0.73319
0.29406
0.20278
-0.19644
0.22457
-0.74376
0.87275
1.0766
0.39587
0.97646
0.30148
-0.69788
0.25702
0.14628
0.29226
-0.14653
-0.51944
-0.93262
-0.23651
-0.50976
1.187
0.94414
-0.95172
0.096717
0.4184
-0.30374
0.45562
-0.67849
-0.86504
0.62892
0.6621
0.96821
-0.88133
-0.93247
-0.7322
1.0262
0.14253
0.41177
-0.4663
-0.74657
-0.43151
-0.21378
-1.0139
-0.70737
-1.0412
-0.46566
0.95681
-0.81114
0.59755
1.0026
0.15752
0.22954
-0.73464
-0.92777
0.95756
-0.86912
-0.30675
0.54488
0.036393
-0.36953
-0.97946
-0.92522
0.27354
0.85998
-0.56756
0.31906
-0.39167
0.6425
-0.93134
1.0688
-0.65874
-0.09818
0.6203
-1.2261
-0.062063
-0.92739
-0.60242
0.9036
-0.19981
0.27674
0.21852
0.21439
0.72286
-0.73959
-0.23854
0.087372
-0.16836
0.76447
0.93286
0.34025
-0.91484
1.0392
-1.0219
0.81541
0.65201
0.63067
-0.24154
0.64051
0.51874
-0.97605
0.21694
0.51816
-0.60922
-0.63718
-0.89191
0.66558
0.98959
0.95431
-1.0485
0.27061
-1.0192
0.81848
0.21201
0.99226
