1250 10
-4.2811 7.2276 6.833 1.5571 2.7724 2.0856 -6.6251 -7.6878 6.2313 9.0982 
0.87326 3.1569 -2.8665 -2.8894 2.2164 7.6596 6.4835 0.73277 -2.1937 -1.89 
9.6955 -7.9559 7.029 -0.88894 -3.2007 -1.6423 -2.4688 0.40781 -1.7479 -4.9383 
4.3136 1.6093 7.8213 -2.0623 -9.483 -3.4541 -2.7381 9.1405 0.70129 5.9021 
6.7794 9.2698 2.5639 -7.0396 4.6181 -4.3314 -0.37756 -6.412 6.911 5.1782 
-1.3348 6.8975 -2.0165 -6.8157 -2.6778 -2.6661 -9.144 0.69055 2.7977 4.0758 
-0.58751 5.0621 -4.9804 -9.5853 -1.3409 5.6299 -1.0384 6.7702 -9.8782 6.2554 
1.2143 4.061 9.9258 -0.67234 -7.5285 -4.0373 -4.9768 3.4127 -2.5549 -5.1697 
-4.6182 -5.0675 2.7455 0.6167 8.3055 8.2451 -4.6451 0.76101 2.8378 -8.8715 
4.9804 -9.2012 5.0884 0.9356 -3.5585 -4.8974 -1.2147 -6.2269 -6.0117 8.3529 
0.077755 -0.75774 7.5959 -9.1566 -9.6362 1.5098 4.5335 -7.365 7.8456 -7.7716 
2.9362 -7.6525 -0.73593 6.2312 8.5102 -8.226 -1.855 -7.6016 2.1033 5.282 
-3.8451 -6.7676 -4.5098 3.0749 3.0112 0.34664 -5.5848 2.7536 -9.4951 9.3223 
-7.2255 -1.6049 -0.51928 1.8592 -1.3304 9.1854 -2.6338 -6.6884 -0.25386 8.2304 
-0.48854 3.3223 -9.4015 4.4142 4.9406 -6.0604 9.5441 2.9557 -1.6927 4.0846 
-2.7508 9.4631 -5.4291 -2.0604 -8.7689 7.115 6.9063 -8.5818 6.0031 8.5428 
5.7623 -4.407 0.80722 -5.7012 -5.6634 1.1778 -3.6641 8.9445 -9.7751 -7.0717 
5.6059 0.62786 -2.0088 2.534 5.1 -0.60662 8.0804 -1.774 -8.4223 -6.8473 
3.3702 8.6139 5.1092 6.4019 -5.4531 0.030207 9.5811 2.4503 0.86886 8.0805 
-7.3299 -6.6668 6.6391 1.407 6.9771 7.0338 1.1761 -6.4268 -7.1994 -0.98357 
-9.5689 5.785 1.1997 4.0894 -6.419 -8.0459 -9.5726 2.0135 -7.1563 -0.67135 
1.1968 -7.9407 1.314 4.4674 -4.1886 4.7799 2.7054 1.6321 -7.2035 -6.1739 
-3.9836 7.6725 1.9693 2.7814 9.845 -6.623 6.4911 -9.3854 -2.6246 -6.9033 
8.7882 0.44475 1.3191 0.91792 -1.9989 -6.4481 9.1057 9.6007 -0.61363 8.6765 
9.6181 9.4825 -0.44502 -7.4494 8.777 -3.394 -9.5624 1.6549 -6.8491 4.2885 
-4.2676 5.1221 -3.1837 -9.6649 9.7663 -5.7097 2.9262 2.5511 -1.6225 -2.4158 
6.0164 4.4514 6.2342 1.4888 -4.1982 -9.6626 -0.77607 -4.5886 3.7984 3.769 
7.9222 -9.948 5.9615 -1.9071 8.0108 3.3783 2.3396 -3.5321 -2.3703 3.1769 
1.9505 -5.8877 -4.3551 8.3585 6.6635 -0.17776 -8.312 -0.48504 -3.6226 -0.39483 
7.6803 -4.7926 -5.7559 -7.6742 3.314 -1.6739 -5.4704 5.3902 -0.19262 -1.4173 
8.8746 -8.4009 -4.99 1.0524 3.1095 -2.8509 -3.5719 6.93 6.7423 -9.7065 
0.98316 4.7066 -5.7309 -5.0982 -5.0841 0.12556 5.3514 8.5517 8.5824 -5.3156 
4.5677 6.453 1.0717 -6.4793 -7.7674 -8.1058 -3.2106 4.9598 -4.0156 -0.5664 
1.5352 -3.1322 0.51455 8.5502 9.0641 1.1592 -0.44967 7.1143 6.8736 7.0501 
-9.4829 -7.2772 -3.9031 -7.5293 5.979 1.6152 7.5093 0.29195 -9.9851 -9.5498 
-1.0694 3.3178 6.6769 6.0428 -4.8174 0.26603 2.667 3.1889 3.098 -9.081 
2.926 6.6088 -8.4084 -3.2031 0.012099 -1.5492 -8.6982 -5.7799 -4.464 -4.304 
0.42406 3.4724 -1.9819 -7.8728 -8.955 -0.71269 1.6381 -5.2889 4.4092 -6.0976 
-2.5537 -7.2108 8.0001 -2.8755 -1.7235 -6.6981 -0.91907 2.7535 5.7886 9.3954 
8.7427 -2.4235 7.4935 7.2836 -4.4431 -0.50593 9.817 1.9116 9.1744 -8.2677 
6.5907 3.5673 -5.4958 -2.7955 -4.5307 -2.0139 -7.2488 8.093 2.7292 5.5316 
6.9817 0.3185 -5.3144 8.641 8.4842 9.9989 3.7466 8.3348 -0.45805 9.0119 
-2.5493 9.5611 8.6611 5.0568 -4.7842 -5.6725 6.561 -0.84073 -6.5286 8.4726 
1.8637 -4.6455 3.0095 2.8786 5.0076 -3.521 -2.4341 -0.65762 -4.6486 8.1152 
7.4511 7.3382 -4.3921 8.1585 2.5967 -4.3675 2.2321 -6.5773 -8.089 -7.2343 
8.67 -2.5249 -7.6449 -3.3139 -3.2894 -4.6417 -9.7732 -6.4894 -2.108 -8.9768 
3.3693 -7.2674 4.1708 -2.0123 -6.3703 3.342 -4.0733 6.6159 0.62688 -9.1561 
-5.8645 -8.3462 1.5274 3.9332 -1.4085 -4.8374 5.1238 -7.1501 1.15 -7.3845 
3.077 4.7765 -7.447 -5.1169 9.5124 1.9715 3.4438 6.4138 7.6009 0.69893 
-8.559 -2.5586 -6.7021 -3.6754 3.4801 3.9509 9.8221 3.5444 0.75646 -0.95828 
-1.8655 -2.3897 4.4388 4.1459 4.8578 -1.395 -0.092368 -4.2559 -6.8271 -0.23643 
3.3386 -3.9565 -9.4439 0.58589 -7.0769 -9.3365 9.8366 5.267 -3.4927 4.952 
8.6745 -4.1095 -4.6786 9.601 -2.6762 0.29121 -6.3046 3.221 7.9103 -7.4542 
6.219 -4.8037 9.2313 -2.6904 -9.6835 -6.1299 6.2679 -8.7528 4.1309 -4.1334 
-0.30903 -0.7305 -9.5086 2.3968 -5.1233 2.5422 -5.6033 8.9562 -1.1911 3.9383 
5.135 9.757 5.915 7.6054 6.9423 -3.798 4.8514 9.3749 -9.9328 9.1039 
-1.6591 -2.2985 5.6843 0.65868 8.0773 -5.4357 -9.8704 -5.2227 1.4605 9.7597 
9.4357 8.8647 -8.0562 -7.5057 -3.429 -8.227 -5.0013 -4.7029 0.91473 8.7225 
9.7595 -6.66 4.2874 6.2075 -8.2235 -8.6668 -1.4577 2.4807 -1.95 9.9696 
7.283 8.5001 -9.0703 -1.1536 2.2183 -4.552 6.2511 -5.2892 5.7566 -9.1637 
-2.2223 5.0867 -8.7561 -1.4197 -5.7602 2.4902 6.7626 5.3737 4.7802 6.8979 
-0.90516 7.132 5.7842 -7.0902 -0.73992 -4.6489 -7.2495 -7.1703 6.8328 -4.5313 
-5.0663 2.0477 5.5107 -5.5725 6.2256 7.2541 -3.8315 9.6275 -3.7428 -1.5087 
5.6885 -7.8527 9.7477 -2.427 -9.5328 8.0478 9.4885 -0.45037 -5.4773 -5.1611 
7.6568 -0.89055 8.903 2.5748 9.8046 -0.58262 3.8187 -1.1316 -9.2888 -6.3771 
8.2742 3.0918 4.6577 3.8624 -1.4146 1.9504 5.8396 -5.1219 -3.2032 -4.5053 
1.1657 -8.8493 9.1581 -3.0605 -0.78285 2.7802 1.555 5.2355 0.0077653 -5.9466 
1.9774 -9.5747 -7.4043 4.2482 3.3307 -5.001 5.837 3.8846 5.9061 -5.2958 
-7.0225 -4.204 3.3656 -5.6805 -3.769 -0.088352 2.5958 0.23216 -3.3683 5.6117 
7.9943 8.6296 -2.3982 2.2863 -2.0584 3.0101 8.372 -1.5922 -0.18051 4.0637 
-0.99213 0.28039 0.7807 -0.49075 5.839 -9.8338 3.4462 -8.6622 -7.8529 9.5208 
-5.8866 7.506 8.7459 -3.1831 4.0573 0.49316 7.4414 8.4211 1.7053 8.4568 
7.993 -2.438 7.879 4.8974 4.9228 6.1345 8.455 -3.743 5.1042 4.0175 
5.2517 7.6902 -5.5054 3.3935 1.4845 -4.0742 -6.2288 9.9152 0.75368 9.5115 
7.6497 0.69548 -8.2473 1.143 2.4175 -8.3534 7.9745 2.6356 -5.8123 -3.3787 
-4.301 7.8521 -5.691 4.5563 -6.0091 3.9759 3.5001 -3.5262 9.1283 -2.1336 
3.4645 -7.9447 3.6165 8.7049 8.0049 5.2954 3.7397 -6.7839 -7.4038 2.435 
3.2856 -5.7591 -1.3456 -4.7297 -8.0403 -8.671 3.0889 6.1417 2.684 -7.2247 
-7.5437 4.0321 -0.29437 -6.2143 -4.0922 9.1199 1.3069 7.6432 0.050594 7.3667 
-1.8536 -2.773 4.4073 -4.5926 7.9597 2.273 7.4639 1.8003 0.5635 -3.3497 
-4.4943 -9.9721 -3.6533 -7.0346 5.5471 -0.39025 3.504 -6.2086 9.407 7.686 
4.3334 -2.3138 6.7291 -6.7128 -6.4842 -9.4523 2.2029 -5.2429 -6.9661 -4.0943 
-4.3323 -3.5971 6.3901 5.9872 8.4877 5.2722 6.7953 0.82358 8.4323 9.0407 
7.924 -2.1331 -3.9377 -5.4751 6.8286 8.6113 8.8206 7.8097 7.1564 -2.834 
6.5316 -6.375 6.2809 -8.663 -6.1357 -6.7929 -6.8122 2.1692 3.2311 0.78073 
-2.1995 -5.8125 -9.4764 -5.9969 -0.70365 8.6856 -9.2242 -6.5697 1.8019 2.2643 
-0.041941 1.8745 6.7471 8.3431 -4.1424 -4.2977 -0.055518 -1.1229 -3.7696 6.0424 
3.8961 1.8893 -0.21448 -3.996 3.6105 -4.968 2.54 6.6347 8.8736 3.9072 
6.6874 -6.5506 -7.9465 0.39095 -5.3448 -5.0462 9.8845 6.7028 -5.536 -6.1705 
2.1926 8.66 1.5777 9.6529 3.6506 -6.2841 -3.6529 3.7135 -9.1813 1.0221 
1.4947 -8.8757 -6.9628 0.42201 4.5586 6.3745 -0.53101 7.1548 9.3105 2.9817 
-3.4792 -5.9655 8.3911 1.3517 -8.1668 0.65372 6.6373 2.5168 -3.8787 2.4643 
-0.87151 0.16504 4.5394 -5.5395 1.4925 3.3726 -1.8226 -2.6707 -5.0072 6.4265 
4.2759 5.1843 -7.0846 -2.5872 -5.5594 -7.0877 -0.39323 -4.3195 -9.7906 -4.9449 
7.6881 -7.079 -5.8447 0.11679 -8.2283 6.956 -1.8059 8.0583 8.9296 -7.5711 
4.4171 8.6215 -0.15866 -0.87876 -6.1741 -1.5949 7.7175 4.4711 -2.2281 2.1728 
-9.6277 -1.561 -4.1609 8.5407 9.9043 -9.0909 7.9188 -5.891 4.6028 -2.5719 
3.4955 -8.87 3.2522 4.2721 -9.9329 -9.2131 -5.7271 -5.9426 -8.1948 6.7929 
-1.2298 3.484 -7.9644 3.4191 -3.6658 8.1134 0.43552 -7.1426 -5.4266 9.262 
-1.2436 -4.4038 5.3978 -6.7105 3.9981 -6.6132 4.0421 -1.977 5.3805 5.0415 
-7.6593 5.6017 -4.1082 -7.1736 -4.8939 7.1229 6.4925 -8.3506 4.5425 9.5545 
6.2936 9.2568 -6.7741 -3.1766 -3.7304 -5.5058 -6.9509 4.3304 0.84445 9.4272 
-3.5029 3.7649 -4.8715 -9.7101 -4.1201 0.047083 0.10221 2.8852 0.35769 -1.8408 
-5.0754 -0.031549 9.4122 0.90194 1.5521 6.0428 0.50032 5.0855 -1.4797 3.3139 
-3.1457 -8.0194 -5.9179 -2.5597 -1.4774 7.8146 -1.2475 -6.0838 -5.3308 0.81957 
-2.4862 -4.245 8.1057 8.9373 0.57446 4.6262 2.1746 -4.7107 -8.0437 7.7184 
0.93108 0.76225 -6.7734 4.8649 8.3896 8.2196 0.72687 -8.7155 8.9193 5.781 
1.2384 -9.7734 -0.57399 -7.7096 -9.2401 -5.4724 -9.0272 0.81723 -5.005 -0.87735 
-2.0836 -4.3431 8.7466 -3.5095 -1.4243 -2.0355 1.5409 0.62962 -7.5819 0.03433 
-2.0374 1.7914 -7.285 2.2494 -7.7883 -7.1854 -8.5837 -4.2062 3.4361 -8.1157 
0.30734 -6.559 5.7048 -0.38356 -5.4692 -0.66741 1.0504 0.34329 6.9166 -3.8307 
3.1506 -6.598 3.2836 -6.3722 -6.7079 -2.2007 0.95027 6.6066 2.4698 -3.1005 
9.0183 3.5269 4.6234 -5.7861 -0.74551 5.6051 7.6405 7.1108 -7.6262 -6.5678 
4.447 1.3919 -6.4845 -6.4333 -3.0805 -8.0469 -9.1093 8.5947 -4.903 4.9523 
-1.9984 1.0334 -2.6303 9.7809 5.3092 -5.9524 0.48297 7.1824 3.0574 -1.3213 
6.6374 9.3488 4.1644 0.22464 5.9728 6.1617 -7.886 -2.0424 -5.7164 -5.8458 
-7.3132 2.5684 -1.7359 9.9986 2.7262 -9.9509 9.1916 -6.8657 8.8359 -3.975 
-8.7907 -3.509 -5.0868 -5.4097 -4.8888 7.9612 6.9837 8.8592 4.1696 0.92756 
-8.3151 0.42031 7.6446 9.9025 -9.9693 1.3975 3.488 9.3358 -1.8615 0.17734 
-6.722 7.2987 3.8953 6.3077 6.9901 -7.0172 -3.2357 -4.6138 6.0292 7.471 
-3.5156 9.8822 3.6015 -6.6135 3.4955 4.538 -8.6649 9.0711 -3.8826 -0.34635 
-3.9655 6.7698 -9.3805 5.8868 -9.5894 4.3651 -0.25274 9.1046 8.8129 0.81187 
-9.7664 -3.0521 2.9341 -2.4735 -3.3068 -8.6111 -5.478 5.0599 2.9504 6.5553 
0.7981 4.9882 -8.8747 0.080922 5.3184 0.57515 8.8352 5.6328 -0.64115 -8.45 
-8.0925 8.7883 4.7582 -6.2163 0.31972 -6.2635 3.2641 1.4555 3.7499 9.8766 
-7.0697 3.3616 9.6902 3.4212 -9.6113 -6.0185 -2.2908 -9.6885 -2.8521 9.4375 
2.6228 -0.37595 4.0526 5.5294 -3.6006 3.8648 -5.4905 -1.301 3.6673 -5.6797 
7.1864 -4.2767 4.8988 -7.195 -0.82661 -3.6778 -1.7859 2.6261 5.7531 9.5855 
9.4844 1.9031 1.5885 -9.3622 1.0907 7.292 8.034 6.4831 7.0687 6.2076 
1.4168 -3.2719 8.9786 1.3112 0.16039 1.4777 -0.44813 -5.9875 2.9222 -9.7704 
9.937 9.191 -8.102 3.8993 3.3448 -6.0213 -5.4896 -1.762 6.1771 -9.7411 
1.0708 -1.1585 8.3015 5.0179 1.2325 2.8268 -4.8797 9.2029 -0.30881 -5.9077 
0.30917 9.2399 -0.20127 3.7265 4.2577 -2.012 3.3323 -8.6877 -4.8831 -7.0763 
-3.3864 3.5277 -3.337 -0.040865 9.4151 -9.7014 6.8442 -1.7515 -1.908 3.5621 
-1.4 4.1216 7.1668 -1.1835 8.3206 -2.8934 5.715 5.594 -8.4448 -4.7292 
-0.16387 9.1539 -9.4746 8.463 -2.3326 -2.4826 0.77188 1.0137 -1.5338 6.2124 
-8.5793 8.7975 -5.7044 -3.4252 -4.2031 4.5469 8.1115 3.686 -8.9667 6.8467 
7.7548 6.6752 -0.30573 0.79138 -4.4915 -9.1433 -4.2427 0.99986 -4.031 -4.3541 
-8.7073 -6.8952 7.9752 1.3018 5.5727 8.2961 2.2372 7.1851 -5.2435 -1.7979 
-1.2763 6.6086 4.4658 -3.0308 -2.2431 8.5828 -1.9746 -3.6229 -3.0482 -9.6436 
6.5326 -0.71719 7.3924 9.3168 7.0398 1.1258 0.90308 -5.7662 7.9996 3.3556 
-2.1093 -4.0262 -1.8605 -0.059691 7.0354 -1.4425 -0.58657 -1.978 -5.0349 3.7052 
2.2695 0.46611 -8.1034 7.6305 -5.3351 8.3414 -8.9902 6.2857 -0.58235 -3.0524 
6.3728 6.6326 -9.4113 -0.16467 -4.209 9.6321 -0.63809 2.7867 2.6983 -5.5065 
7.7247 0.78265 0.2814 4.2725 -6.8946 -7.7944 -4.8251 -2.4968 7.4231 7.0818 
8.6222 -4.8034 0.013406 -2.4159 9.6531 4.0456 9.3665 -3.1819 9.8248 6.8106 
-6.1843 -2.9192 5.748 7.7291 6.6269 -6.8166 4.9568 -5.4976 -5.8672 8.7173 
-4.8284 -6.2652 6.3278 4.8889 1.9986 -6.7724 -8.6707 4.7202 8.9016 -3.8222 
7.9573 -2.9869 4.6053 7.3596 -1.7746 2.7612 -1.3945 -9.6167 4.6023 7.9067 
1.8672 -6.2056 5.4203 -5.0261 -6.5272 -5.6074 4.2004 -7.7779 -1.0528 9.5017 
0.076802 6.7138 -3.3482 8.6537 -8.5472 0.69237 1.3973 -4.8233 2.5537 -4.0629 
2.2562 -2.317 1.7547 -9.5124 9.3751 -2.9965 -6.7197 2.2233 -2.1076 -5.1362 
6.3884 -9.81 6.1113 5.6699 -4.2902 0.10778 5.4941 -8.7149 4.1361 -3.4316 
0.63778 -3.8195 -6.7535 -6.9068 6.4858 -0.27429 -8.8457 -8.6579 3.505 4.498 
-5.9585 6.7349 1.9149 -8.5349 7.2088 8.7028 -9.8945 -1.2347 4.8949 -1.5264 
-0.92213 -4.3733 8.9441 7.1118 0.66995 -8.593 7.797 9.9332 1.8861 -8.2648 
-1.4418 5.6269 -1.2828 0.84542 3.0543 7.6219 -8.4139 -1.0775 -9.0564 -7.6429 
9.3211 0.63028 -4.7758 0.38229 9.2401 1.099 -2.9651 -6.2181 2.1781 8.7027 
2.4011 -6.9217 8.6823 -7.1688 -2.8319 -6.4797 5.6467 -7.7664 6.2507 7.9041 
3.9078 0.50507 -6.4324 -8.6621 6.3047 7.3329 -8.4595 -4.5275 3.5518 -4.2094 
4.4033 -4.3352 9.8492 -5.8348 3.5701 3.6159 -0.35189 -9.8777 2.8068 -0.29322 
-3.0621 4.2973 4.4383 -3.1099 -5.1637 6.1019 -2.6553 -4.9564 -8.9585 -3.762 
0.33981 4.6878 0.58964 1.4207 -9.7978 5.4749 5.2845 -8.1445 -0.33163 2.062 
1.1339 -1.0073 -4.3905 6.6729 -7.6593 -1.4374 6.7915 5.6648 -5.2094 6.0084 
-6.8701 -6.3585 -7.4908 8.9606 0.57076 -9.1045 0.71946 9.1317 1.6368 6.4776 
1.2411 -7.2892 -7.3482 0.92387 -1.0832 2.6341 -9.0557 3.8067 -6.1876 4.2837 
3.8961 -4.5446 4.9309 7.8565 -5.278 -8.6825 -4.9201 -7.7938 -9.0568 -8.4321 
-1.4709 2.7129 -3.169 6.0551 5.7561 1.5062 -7.3339 7.8574 3.6771 -5.0428 
6.7254 6.1238 -2.577 -7.1327 1.1145 -6.7544 2.7433 9.2451 -9.5129 -4.4886 
4.6277 3.3575 -1.8154 -1.8121 9.8262 4.2759 1.2999 -2.0709 4.2737 -9.0807 
-2.7994 -4.2682 6.6727 -6.4958 -0.24952 -2.4815 -2.1498 7.0707 -0.59602 -2.9985 
-0.91575 -7.1512 2.3755 0.33324 -2.141 -5.6652 -4.492 1.2406 1.5687 8.5178 
-2.2722 -5.0825 -6.5826 -9.4889 5.8946 8.8207 -0.22908 -7.6583 -2.8817 -8.8707 
5.5111 3.8379 -8.1983 5.6519 9.622 -8.2364 1.5752 0.7597 0.65925 8.778 
4.6854 -8.5651 -5.1044 2.7576 -4.2945 -7.8183 -1.9546 6.7565 7.6835 -6.5242 
-1.3944 -0.026782 -8.2017 0.61645 -1.0447 7.4891 -2.3686 0.98176 5.442 -2.5625 
3.8751 9.72 -6.4585 -7.3388 7.61 5.2083 -8.0484 -1.1091 -8.9252 -4.0128 
8.9043 8.098 -6.335 -4.5276 5.9114 -8.1128 0.9405 8.5077 6.4106 -9.3308 
5.6847 1.5042 -4.0778 9.3303 -9.8372 1.9681 -3.7062 9.7588 2.4216 2.7761 
4.1114 5.3303 2.5665 0.35324 -9.2545 4.1585 -7.5697 -0.9578 4.1393 -3.2707 
-7.8133 4.9353 5.2745 -0.036965 0.89342 -0.4097 9.4075 -1.6222 1.8762 -8.252 
-2.2014 3.9066 0.25525 -4.2931 0.52424 8.1238 6.5623 1.9013 -1.8981 3.3276 
1.8181 3.5463 3.6945 -3.5837 -5.3333 -8.1699 6.1378 -3.211 6.2846 7.7352 
-0.8124 -4.352 -3.8347 8.5385 -2.504 -4.0052 -9.0816 -1.2449 6.0628 9.4337 
-8.9932 1.6374 -4.1557 6.3168 3.2169 1.96 -0.51922 -8.5812 -1.0399 -5.8237 
-5.4262 2.3774 -2.3276 6.6265 -7.5107 9.3735 3.1858 -6.4067 -6.0664 -5.6496 
6.6838 6.2848 -3.8584 8.5479 -0.18677 5.1016 3.2539 9.4264 0.41332 1.471 
-9.6871 -9.6803 -1.752 5.265 -8.2295 3.9114 6.5413 1.066 5.3513 -2.8106 
7.2742 -5.7129 -0.98601 4.2388 -9.9221 -5.2111 1.9969 -0.73346 -2.3406 1.057 
-8.4386 9.7573 -5.3749 -9.7657 -5.5853 -1.4604 1.0285 -2.2792 0.98571 4.9071 
3.3809 6.3467 8.3656 -2.4841 2.8329 1.7007 -2.432 2.1623 -3.6435 0.77537 
0.0042265 2.6416 6.4172 8.7633 1.3878 -1.0114 -8.5063 -0.53065 5.9849 8.417 
-5.6401 3.6429 9.0323 0.23383 1.2117 -3.0234 -8.7602 3.9233 9.3587 -3.4781 
1.4323 6.1643 6.5894 -2.4632 -9.3678 6.7251 4.9171 3.5564 8.9836 -2.7464 
-7.5562 -4.4068 -5.2852 1.6339 2.5217 6.6968 5.5398 3.3505 -7.4049 5.7793 
3.4233 3.2994 2.0543 -8.4585 2.8841 8.5598 -5.809 4.7466 3.4564 -4.8144 
1.9917 -9.4135 0.81177 -1.529 0.91067 -0.043362 -9.2241 -6.3056 6.7368 7.5494 
-8.8805 0.8876 5.5883 5.0635 6.9217 3.9954 2.707 -4.0418 0.05376 -1.5754 
-8.8731 0.5794 7.5409 1.1154 5.9748 -5.3005 1.6596 -3.6523 -6.0735 -5.4613 
-6.95 7.4633 -2.6439 -7.0754 7.5395 -9.0821 8.9956 7.0621 -0.20155 -5.7977 
-9.6076 -6.2478 6.3355 -6.109 4.2248 -5.1888 6.4474 7.2743 8.48 4.6385 
-1.2965 8.6292 4.2041 8.9093 -6.6524 -2.1135 2.6575 -1.3859 0.086655 3.8157 
6.6444 9.527 3.9318 5.4698 8.2586 -4.5378 9.6745 9.5104 3.3863 -1.9514 
2.3478 -3.3759 -5.2652 5.5773 5.4002 -7.6768 -1.0098 5.3308 8.8 8.4981 
0.40259 2.4742 -7.2876 0.97554 -3.2999 -0.27349 8.9724 -2.9985 -2.0142 9.0728 
7.2774 0.54121 -4.0965 3.8204 7.8223 6.0838 -0.43995 -3.1434 0.20823 9.0297 
-8.046 -0.81837 -7.4656 -1.6548 6.8426 9.3661 -0.76926 0.43452 -6.9096 -3.5014 
8.161 -2.8287 -2.3007 4.1653 -5.9701 -2.1256 -8.9942 4.105 -3.988 -5.1298 
-7.8397 -3.3146 9.292 3.2607 5.3267 -7.3773 -8.423 5.4428 5.4251 -3.318 
0.33994 -8.3361 -5.468 -8.9216 0.74022 5.4263 5.1519 9.404 -2.0996 6.5056 
-7.1369 -2.192 -4.3506 5.7914 -2.2226 -7.6054 2.9475 -9.9654 -7.5279 5.7737 
1.1874 -5.2131 4.5143 -4.1868 -7.8346 2.4528 1.7279 6.5781 -6.0801 7.8682 
-9.9084 -0.27456 -7.0959 -7.7977 -6.2954 2.0269 9.1393 4.5518 3.5618 7.445 
5.3336 4.0019 6.9083 7.6919 -9.0637 -5.3401 -6.1862 8.2055 -8.4845 -5.3798 
6.9742 -7.2546 5.3021 1.6397 -0.87769 -3.7114 -9.7668 -0.46715 9.5765 -0.11355 
8.3364 6.5293 6.2126 2.4961 8.7043 8.1568 4.6788 2.9046 -0.83788 -8.3833 
9.7394 8.6011 7.9918 -7.6754 0.64042 0.53999 2.9192 -2.5578 -8.303 8.7149 
0.10266 6.5746 7.7217 -5.2616 -9.4752 6.1558 -6.6219 -1.5395 7.7364 -3.4729 
-4.5716 -0.30094 -9.6877 9.8557 2.5173 1.6705 -8.5038 6.2751 7.6766 2.2631 
-7.985 3.1954 1.1166 7.088 3.0457 -3.2119 -0.70672 -7.1875 -1.9689 6.494 
0.15698 -0.87198 5.5722 8.2046 1.9258 -8.8927 -9.7209 -5.1319 6.3828 -3.2608 
1.7122 -1.6308 -8.4145 3.3696 0.1343 -7.1963 5.865 9.3042 8.2278 -1.9755 
5.2577 -9.3141 -5.1575 5.6314 -8.6385 4.4365 2.7893 -4.1957 6.2818 0.11469 
-8.3407 8.537 -0.8915 8.2456 -7.1105 5.0672 -5.3451 -6.4207 9.9702 1.1914 
3.2319 -9.1324 -0.69612 -6.043 7.562 3.3256 -3.2013 -9.6446 -5.8518 -0.36043 
0.33958 -0.4788 7.7831 4.34 -0.10498 1.6195 -4.6051 5.1355 -7.7936 1.0589 
-6.579 -2.285 -4.6114 -5.732 2.0647 4.8092 -4.8301 -4.7834 -3.0052 -0.97364 
8.7712 0.68117 -7.5029 4.199 0.10292 5.0813 -0.77309 -0.25005 4.231 9.9393 
1.8097 9.9634 -5.272 4.629 -3.5153 -4.6481 -5.9299 9.1553 -3.8751 7.9794 
-1.1873 8.0495 -4.8604 -1.1091 2.8131 8.3944 9.9408 0.70918 7.958 0.53688 
8.8384 -9.7049 -8.4092 7.316 -9.3243 5.7167 -3.1456 -7.8233 4.443 5.5795 
3.1183 5.6103 3.4022 5.4485 -8.7938 9.0728 7.4982 3.881 3.0331 -1.2036 
-0.96109 -0.29421 0.49695 -6.1142 7.8887 6.2428 9.0282 -3.6127 0.77423 -9.1356 
6.7939 -2.1956 3.6778 -1.4193 -2.2632 0.2184 -7.4005 -2.4787 3.6106 0.97677 
0.65247 6.4618 -0.17045 -8.4747 -7.3667 4.4167 -1.5103 -5.572 2.6571 0.55074 
1.0777 7.4884 -4.3514 -6.5498 5.8686 5.0834 -5.654 -2.1032 -1.2238 -6.4339 
3.6013 9.9671 0.48242 1.6861 6.1904 2.6872 -3.6437 7.9715 3.4104 -4.2225 
-2.6562 -6.0868 8.4964 -3.4573 -5.2172 -6.6512 -9.8748 8.4732 -4.8742 4.6593 
-5.2142 7.3994 5.0594 6.5018 -0.51455 -4.2979 1.8428 1.5274 -0.33665 -6.6904 
1.5785 -3.8502 -0.062988 4.8531 -7.4503 -2.1255 0.12984 -8.7292 2.6097 -1.3502 
7.3377 -1.7753 7.847 -9.8497 -9.7514 4.7588 2.091 -5.4321 5.3945 -3.2027 
-1.8645 6.3268 8.3328 5.3763 -1.8218 1.6054 7.5736 1.9184 -8.134 -7.7589 
-7.7477 -2.6349 -0.89902 -6.8168 -5.7431 -9.1871 2.7825 4.4196 -4.1903 -8.3832 
-1.1231 -1.4757 -3.4738 1.6803 5.7458 -9.1271 8.3468 8.2891 4.657 -0.43728 
-3.9963 -8.1757 -3.2642 9.7178 -9.8363 -7.6171 -4.1222 -0.76997 -3.3078 -1.2612 
-1.9723 3.35 -4.8686 -9.8033 6.918 7.6205 3.3514 -6.6839 -0.17274 -4.9113 
6.6673 4.6262 -5.3008 -1.3993 6.4299 -5.4999 2.306 -3.1023 -4.6924 5.6501 
-1.9274 -3.9836 -2.8007 -1.0122 4.0857 7.8414 -2.1166 6.2301 8.3312 9.4756 
-2.1965 -3.2401 -4.3319 -8.5639 5.3026 5.6829 -6.7272 -7.1448 -6.7777 5.4168 
-2.791 4.6864 9.7131 -0.21892 5.3379 4.7199 0.72183 5.0098 5.2674 8.3571 
-7.1949 9.7091 -0.15757 -8.2599 6.4126 -8.4198 8.4939 5.4798 -3.9268 3.4048 
-4.7974 3.9754 3.8156 4.5851 2.0799 -1.7143 5.2382 -1.2218 -6.4453 -5.5147 
-8.2637 -8.2014 -6.9121 -3.3538 -8.3311 5.7758 5.6866 -8.1344 -3.2601 -1.9595 
-1.4121 -0.58525 -1.134 -0.86538 0.26964 0.71675 5.4614 -2.2339 -4.4732 -6.4613 
-4.8543 2.7073 -6.7891 -0.49268 0.61046 7.9776 -3.3501 -9.2887 8.4951 1.0034 
-4.0489 0.50539 -1.9715 -0.46007 0.81415 -9.7729 -8.6219 8.6879 -3.1545 -6.5415 
-1.5028 -7.1732 1.9344 -2.4459 -2.4902 -2.2805 8.2729 5.008 1.8329 2.458 
-7.6159 -4.4897 6.8955 9.9858 5.8732 -7.7142 -9.0022 1.7001 -5.2972 0.60512 
-0.098662 9.7421 8.179 2.9882 -3.0541 4.5159 -4.9021 2.8275 -6.8178 7.3072 
4.1281 5.9 -7.1169 -8.801 0.33679 7.4867 -3.9268 -6.3001 -7.1917 5.9244 
-5.1285 8.6667 1.2059 -6.3851 -3.8497 9.269 -8.9005 -6.1632 -7.8407 -1.4949 
5.7014 -3.0325 -2.2345 -2.3494 9.9824 -4.0409 6.5961 0.31587 9.8398 -6.6257 
-8.5182 -5.8173 -3.9485 0.11854 0.89514 -9.6116 -1.2386 1.5065 8.0136 -9.4361 
-2.1223 3.6073 4.9857 7.9199 0.065923 -9.5924 -9.5994 3.6209 -3.3991 4.2399 
-9.9321 -2.8915 9.5082 -4.3078 -8.6476 -7.5684 -4.9997 -3.197 3.076 7.5423 
-5.5865 -1.2325 -2.87 1.5792 -1.2598 -5.2977 0.849 -3.6492 -0.55434 -0.1103 
-9.974 8.1756 0.11668 9.8541 -6.5391 -9.1166 8.3022 8.4796 1.5475 -4.6941 
-6.2164 6.6718 5.9092 8.6752 -9.1076 9.0678 -9.5379 -2.799 -9.8173 -6.2154 
-7.1503 -2.1723 3.7576 0.83501 -6.2722 4.6388 6.9776 -4.8864 -6.5947 -7.9715 
-4.6385 4.6796 -4.7511 4.6688 -2.0781 -0.79936 8.3965 4.1956 -0.97881 7.8579 
-6.5022 -4.1868 2.5277 8.1524 -6.8926 0.89146 3.0827 2.4256 4.5801 -0.88766 
-7.227 -4.1573 -4.275 8.6363 3.4507 4.4444 9.302 -4.2807 -8.9273 -2.436 
1.9777 -4.0641 -7.3837 -4.3896 -6.3879 -9.429 8.994 4.7684 -8.0772 7.3995 
8.0212 -9.5032 5.1966 4.7264 7.4208 -9.7268 5.1092 4.3612 -0.076987 9.2921 
8.7876 8.3568 2.8233 -2.1671 5.358 4.8357 -8.7731 -9.0081 5.0152 3.8884 
-5.5763 3.7206 0.32202 5.6541 -0.64753 -3.3258 2.6971 -1.3004 -3.9341 -9.3248 
-0.34657 -5.3144 3.9394 -9.5731 -1.5914 -6.9667 -1.127 7.1441 5.3377 5.5295 
-2.4798 -0.052947 -1.1489 -8.3002 8.2623 -5.2728 0.95816 4.2663 -2.7083 9.1973 
0.4756 5.8116 -6.4794 -5.145 -3.9219 1.8303 -4.3185 -6.1033 2.5694 1.3844 
-4.7025 -2.3953 9.0752 -4.3888 -0.60322 6.01 -0.933 9.7997 -6.6957 1.3539 
-8.6329 -5.6283 -9.5708 -4.3933 6.879 2.2556 0.26099 2.5643 -2.5368 -7.9614 
-1.2735 4.4533 1.4559 -3.4561 -6.3555 -2.1953 -5.6123 7.36 -5.8079 -0.29607 
-6.5229 5.4567 9.9073 3.9675 -2.4151 1.5958 5.9385 -7.0241 -9.8965 5.2046 
-9.4779 3.8657 -6.6445 -3.6916 -8.6261 -9.0806 -6.506 3.8998 2.7988 0.0015809 
9.0936 2.3935 0.10533 7.9501 7.469 0.55994 3.715 1.782 8.4083 1.1388 
-1.3881 5.2461 -1.8126 2.209 -8.1141 -9.9058 6.7969 -6.9161 -8.7145 8.1237 
9.2312 0.22961 8.7639 -5.8911 0.42082 -2.7104 8.0454 0.71555 -5.8686 -3.6557 
5.2483 -3.4119 -0.16854 8.9483 0.4396 -4.1475 -8.3284 -6.1257 6.3734 -5.6825 
-9.853 -9.9731 4.0539 1.5092 0.74941 6.7275 2.7994 4.8156 -7.9369 9.9532 
3.6008 1.6129 -2.7264 -7.1731 -0.017766 -6.3912 -0.69896 -4.1793 0.53298 1.3957 
4.119 -6.5632 -3.0054 -3.4639 1.0429 6.2929 -4.3832 9.1642 -5.5275 8.7588 
2.9026 -6.1019 8.7293 -2.9478 -6.1452 6.2307 -8.5633 6.2521 6.6601 -1.3634 
1.0462 -6.9936 4.4897 1.4318 -1.7558 4.2617 -2.8374 -5.5317 -9.8058 -5.2545 
-5.6378 0.10839 6.5788 3.8745 -5.8667 8.9446 9.3866 -5.9236 -8.1978 9.0207 
5.4473 -9.6523 -0.23203 -0.8298 -6.4106 5.2403 -1.0481 8.787 -7.9118 1.3222 
-5.4394 -0.57584 1.3533 -4.0903 3.3019 3.0034 2.9977 -8.9823 -6.843 1.4378 
-2.5827 -9.0785 4.5844 5.1424 2.084 1.6112 -3.0255 6.274 6.8954 -3.6233 
7.8186 -1.1547 3.3415 9.6873 -9.3118 -4.2393 0.56807 -9.7644 4.0304 -7.4966 
7.1275 -6.7288 -5.0161 -0.97279 9.6742 -9.2316 -1.0039 -8.2854 -8.2997 -4.3255 
-1.9513 1.442 -3.9979 -5.754 -5.146 -7.1839 3.6136 4.3268 -1.7393 3.5621 
-3.6396 6.3664 -0.39614 3.1713 -4.7075 -0.82626 9.8299 9.6556 -8.4097 3.6379 
2.1727 -8.2932 9.1532 -6.7815 5.7689 -6.4689 9.3099 1.6103 -7.2005 -4.5631 
8.2039 -5.3433 2.9283 4.0529 -9.2795 -3.4914 -3.8273 -8.9814 -1.7648 0.37908 
8.182 -5.0791 3.6119 1.5548 -8.2415 -6.3561 -6.0749 3.0279 -2.1588 -7.8456 
1.8319 -2.9613 8.8488 -4.3134 5.7885 6.5404 7.0049 -3.3759 -2.6727 -2.0779 
-3.3486 -1.8183 9.9601 -9.3161 -8.7433 7.0307 0.95211 -6.0751 4.4579 -3.4918 
7.0613 -7.7151 -1.6441 -5.0981 -4.6416 -2.6772 7.5672 -7.8479 2.4376 -4.9814 
-1.152 -1.8557 5.3152 3.1396 -4.7166 -7.6512 9.7019 0.69172 0.4225 4.5237 
8.0871 3.5186 -1.0568 -4.9496 -5.8953 -1.4341 -9.3034 -9.8885 -9.3752 -4.2788 
-9.3364 0.86048 3.4809 -0.64866 -3.5218 8.413 -2.4228 -8.634 -4.215 -5.4175 
0.64853 -2.8574 -8.1098 6.26 -9.5274 0.01119 -0.064043 -4.4559 4.7273 -1.8855 
4.3299 3.2319 3.71 -3.7697 -5.7393 -7.3342 6.4446 9.6872 5.1099 -1.308 
-6.414 3.5741 -4.3084 -6.317 9.3112 -0.85457 1.4039 -2.2254 -3.2536 -4.2724 
-3.2693 -7.3688 -5.3121 1.1984 -7.7216 8.459 3.6038 1.8075 0.97338 1.1091 
-6.2457 -1.2076 -4.8151 -5.5892 -5.2158 0.84529 7.9214 1.7324 5.2402 -6.7292 
-3.5615 8.7439 9.3882 -6.097 -5.5461 6.9618 -2.5381 -3.3135 -9.0948 8.6378 
-1.9229 1.4045 5.7156 -3.7715 3.0368 -4.7865 4.1092 2.8244 7.2136 8.512 
0.97133 1.5528 4.1218 3.0556 8.8539 -8.697 5.1696 -6.8897 6.6505 -7.5316 
-9.0252 5.292 9.6465 -2.525 7.5673 2.1159 -5.1875 3.2211 6.0093 -2.6969 
1.0546 -5.061 3.8239 6.5082 -7.4835 -3.5138 0.267 4.3762 9.5047 -2.6739 
-4.5038 3.8771 -5.9122 -0.30819 -8.6107 -5.462 -4.9083 -4.7415 7.7369 6.0806 
-5.17 -4.1027 0.27494 7.3798 -9.2006 -2.1604 -9.5495 -0.91186 0.5875 1.3946 
-5.1371 1.414 -0.56542 2.1764 -2.976 3.212 7.41 6.6709 3.4074 4.6324 
-6.9168 2.6961 -0.61432 6.9196 4.9831 -9.1048 3.2629 0.40353 8.9117 -3.7782 
9.1283 -2.0222 8.9636 -9.279 9.1012 0.42812 7.7468 6.7488 0.39187 9.9978 
8.7132 -5.0223 1.8701 -1.2803 -1.9641 -9.3325 8.7921 3.8903 -7.9806 9.8409 
6.3743 8.7066 -6.7925 7.8634 4.0081 -9.1551 -1.3142 -6.059 -9.6185 0.6993 
4.5652 -1.022 9.3231 -3.9428 0.28779 0.1532 0.5934 -9.0716 -6.3656 -0.86196 
-6.4838 0.63568 2.0957 -3.2501 0.20456 4.0757 -3.6721 6.6775 2.6023 -1.7539 
-2.7926 2.6968 5.5026 -0.01474 -8.1408 -0.34021 3.8931 -8.1064 6.966 5.8673 
-6.2242 3.3624 1.6878 -3.9406 2.0354 4.6956 9.122 -0.48575 1.8637 -7.3632 
-9.976 -1.2197 3.8715 -6.212 -9.7872 8.7105 3.5955 -6.7276 6.2958 -0.22653 
-3.6716 -6.5402 6.5659 2.777 7.8878 8.9648 6.2771 -3.5193 -2.7434 9.8974 
3.9923 3.8877 -5.6191 2.9303 -8.8732 2.2994 7.8742 -8.0368 6.889 -1.4028 
2.5051 8.4985 -4.9991 -9.3974 -6.2401 8.7119 7.4988 9.8 -1.3302 6.094 
0.86124 -2.5879 1.8723 1.7542 -5.2935 -0.24483 -8.6002 7.8786 5.0039 0.34483 
-1.2193 2.7758 -6.6283 3.1764 -8.7084 1.1024 5.3646 -2.5205 3.8627 -6.0364 
-4.2515 7.7936 3.2508 -8.5856 -6.9387 -4.07 -0.71161 -9.4125 5.4423 -3.7989 
0.033182 -0.34115 4.6284 7.6459 -2.3285 6.7922 9.0765 -3.4038 0.2572 1.3486 
5.2309 2.5964 -7.161 4.1786 -6.3945 0.13546 -0.57733 -2.0333 0.24035 -5.97 
5.2482 -0.69965 -1.5843 0.19362 -9.2692 -2.1181 -9.0179 7.419 9.967 2.1869 
1.5211 -7.8165 -5.7368 6.3621 -6.6939 3.1818 -7.7315 0.13282 -0.16461 9.5631 
4.9533 -7.7377 -4.3666 -8.8636 -8.4189 -8.9481 -5.7147 -3.6128 0.57845 6.8386 
2.9107 -7.8422 3.7051 -4.7064 6.3624 -0.0020634 5.8519 4.1382 -4.7331 -4.6523 
-7.5356 -1.0854 5.2547 -5.21 -6.3585 6.3356 -5.2931 -1.1193 1.274 4.7001 
0.087957 8.7769 -2.9004 5.8221 6.9557 7.1251 8.4476 9.933 -2.4228 9.0215 
-3.0548 2.6763 1.9541 -6.1201 -5.2925 5.8261 -2.0974 -5.6495 -5.1547 7.2582 
-8.157 8.5934 -6.5591 7.0374 -4.9253 5.187 0.49937 -2.8143 -7.8852 2.2032 
-7.043 -8.7425 -5.0342 9.9824 6.8175 -5.7707 -2.2363 8.8758 1.4875 -8.5926 
-6.0366 -3.8612 -8.9478 1.2234 -5.0923 6.6968 4.3751 2.288 5.2774 -7.4516 
3.4454 8.9953 -6.67 -2.554 -5.8251 7.0198 8.4971 3.275 1.995 4.9694 
-1.3698 -9.7927 5.8842 9.8844 5.4853 -5.8285 3.3699 -0.54028 -8.1686 2.6057 
3.8881 -6.6434 -8.7512 2.7784 -3.9826 3.3983 -0.32387 -1.1912 9.1126 -0.81777 
-4.8643 5.1054 -8.1127 -0.99699 5.6232 8.3008 5.7919 -1.4099 8.9402 1.171 
-9.8048 6.6764 -1.3199 4.8856 7.8998 -2.5563 -9.8425 -7.875 4.6163 -2.5227 
0.64566 2.1172 -9.7644 -5.0417 -6.2579 -9.0802 8.133 0.78966 -0.8011 3.3692 
-4.4122 0.35834 -6.5617 6.2498 6.7211 -0.71101 -7.106 7.4407 4.2141 -5.7287 
8.9246 8.8572 9.6275 -0.79527 7.3678 4.0623 5.1676 6.3257 5.3015 2.4252 
8.1289 4.8241 0.87011 4.7788 4.6812 8.622 -9.9057 -0.74494 -8.5382 6.7186 
-2.1463 4.0216 8.3089 0.97064 -1.6904 -5.6294 -6.7287 0.30194 8.8481 -3.9907 
-9.5029 4.8944 9.4681 1.3483 -0.58531 -5.1434 -9.409 -0.87086 -6.9722 9.4802 
3.4287 7.4765 -7.5508 7.7631 2.82 -4.6337 -3.4902 -6.1112 5.4625 -9.2203 
6.7434 9.2824 -9.8897 -5.6661 5.1132 -6.3819 6.9237 7.213 -2.8963 1.4747 
9.43 9.6383 -9.7157 2.2493 8.153 -2.0163 5.6078 -9.6512 6.8925 6.6399 
-8.8613 8.3727 9.4629 -5.6233 -4.5039 -8.0948 -0.38013 -3.1588 -0.50249 3.6551 
-0.99352 -4.3304 -2.7955 5.2971 -2.6937 -7.1389 -2.2046 -4.716 -9.2655 5.0447 
1.6494 -8.8275 -1.1128 4.6127 5.4807 7.5946 -1.7194 -7.0562 -6.3542 2.4961 
3.7328 6.4199 -1.3708 3.5363 2.7405 -3.059 7.2733 9.0096 -1.7184 4.2029 
4.3887 -6.4096 -5.8956 -0.66685 -9.0421 7.5643 -1.2064 -3.6255 4.0546 2.4474 
3.0008 -9.3014 -0.58852 -4.923 -4.1565 -3.3938 9.408 6.8367 -1.0148 -5.8883 
4.5383 5.4265 3.8241 -5.8719 0.9812 6.3234 4.1164 3.1702 -1.7156 0.45159 
-2.523 0.81052 -1.0738 1.1918 8.0754 8.4262 7.5783 -3.3073 -5.0587 9.3912 
1.6316 -3.3692 -1.6507 5.4487 4.1263 -9.1265 -6.9241 -9.2675 1.3822 -7.638 
-7.6776 1.5643 -5.3943 1.3803 9.7199 4.4536 -3.7994 0.11759 4.4981 -8.2922 
-8.8469 7.0901 7.2079 0.14274 -2.1359 9.7245 6.7268 2.1852 -0.99292 -0.25568 
9.5953 2.8475 8.8005 8.7076 1.2521 -3.4109 -4.184 3.3073 -3.2389 9.7979 
-4.3035 -1.5979 -3.6728 -1.2774 -4.2054 -1.6434 6.5907 -8.2556 8.0118 -2.5521 
1.8995 0.91826 9.4118 5.1342 -5.2016 8.0994 7.7839 -6.5727 4.4174 -4.5997 
9.2432 -6.354 7.7643 -1.7235 4.3106 -0.80422 -7.2328 9.8941 3.3534 -6.1643 
-6.2844 -5.2745 6.4412 5.5437 0.34137 -9.0979 4.0343 1.4409 -9.4095 -5.2212 
-6.1392 -5.8917 2.8924 -1.8533 -9.4881 -4.4441 -6.8831 9.6558 -6.6222 5.9251 
-3.1671 -4.8063 6.6999 -2.9791 8.1151 -0.6973 -7.9341 -5.2869 4.9595 7.7992 
8.658 8.8526 -9.0523 7.7778 -5.6004 -2.3319 9.1511 1.963 3.0335 -3.903 
-2.1866 2.8314 1.8273 -8.9924 -4.6367 -3.8387 -9.763 8.4516 9.7927 -2.7228 
-4.5357 6.5813 9.8482 -0.3093 6.109 1.1957 -5.9171 -7.6596 2.1629 -7.5935 
-6.9611 -2.2248 -4.8713 6.1994 -8.7249 -8.4512 -6.6397 -2.1132 1.8584 -0.34471 
-2.0578 -6.6318 -7.8764 -1.1065 -6.0976 -3.0947 7.7824 5.8327 -3.0748 -1.7057 
-2.5056 4.8024 -5.1436 0.88085 -1.3973 9.8689 -3.8811 8.1184 -3.1537 -8.8179 
-7.3777 7.4559 -3.5431 -0.6514 -9.4804 -2.9308 8.2695 -6.4577 7.1254 8.8627 
-1.2992 -2.8895 1.1621 -7.5121 2.822 -0.40697 9.863 -7.7025 8.1949 -5.026 
-8.1697 -6.4234 -4.0735 -4.9982 -9.4906 0.57863 -9.2109 -9.3831 -3.676 -7.3448 
2.2925 9.9285 4.1736 -1.0853 1.4012 7.2605 -4.6042 -3.6252 -9.8096 6.4504 
-9.7804 9.1826 -1.2836 -6.2303 -3.4544 0.19089 -9.5877 7.1901 -2.5643 -2.8994 
1.4652 -6.8801 6.9236 2.9297 9.6641 8.9294 -5.4915 -3.3078 -9.4232 -9.4729 
5.7946 8.5787 -5.0184 -5.3414 3.7852 8.8941 6.9466 -0.48532 1.5596 -2.6575 
-5.2927 -1.5085 6.421 -7.2339 -5.4868 4.0381 1.4265 8.8811 9.47 -0.012017 
-1.0396 -5.5383 6.5134 -8.9654 -3.5646 -6.0338 -6.8749 -9.327 1.8185 -5.5404 
1.3872 -7.2721 -4.8982 5.4462 -2.8189 -9.7711 -5.9798 2.6354 -4.3139 8.5583 
-8.772 -4.7965 4.6728 4.1405 6.5769 8.4051 3.3267 6.2589 -8.0759 -0.26393 
-0.074222 0.88931 3.2768 2.3571 -3.9848 -0.061087 -3.8643 0.17838 -4.1435 -2.4159 
2.8463 -8.3558 5.7187 0.87868 1.9293 -5.2992 -3.3247 9.4167 -0.70261 -6.5996 
-5.5747 1.9625 5.0761 -9.3551 0.347 -5.5133 -3.4291 7.3643 -8.5427 8.4059 
6.7411 -9.4163 9.9466 1.4292 0.75433 5.4399 -3.9134 -5.2241 -8.2945 -7.3797 
9.4215 -0.90182 5.408 9.192 -2.7374 -1.6099 -5.1624 -3.1155 2.613 2.3315 
6.9275 -3.35 7.6246 6.5947 0.17018 5.4234 -5.4397 -9.0704 3.3683 9.4938 
0.11999 8.8735 -2.9889 -2.159 0.32507 -5.0133 -5.4594 1.3549 8.0476 -5.2888 
-4.4225 -3.938 6.1968 6.2286 3.8107 5.9609 -0.078266 1.6956 -3.9398 2.8414 
4.9323 -1.4355 9.4065 8.2184 9.7561 -0.68462 3.6773 -9.339 -7.06 -9.402 
-5.2614 3.2207 -5.2586 6.211 4.6907 -7.8336 7.4971 6.7368 3.8151 -4.465 
9.1469 -2.3782 -1.5467 -3.5552 4.1595 7.0264 -6.0006 3.1752 -2.9827 -3.0803 
2.4052 -7.2766 9.9293 3.1493 2.5178 1.155 -2.2073 8.4518 6.1389 -5.2873 
2.0052 -8.0675 2.2355 -7.8009 -1.1043 7.6322 0.9502 8.7445 5.7832 -5.0094 
-6.5479 -3.8968 -9.6301 6.5452 -1.4435 -6.7622 -5.1014 -9.563 6.0054 2.8787 
-8.1931 6.4777 9.1641 1.4363 -0.2401 8.3473 2.2554 -8.223 7.5108 9.2777 
-4.8948 2.5451 -8.9034 -4.5369 -1.0524 3.3346 -4.5178 -6.267 -5.8168 1.4171 
7.1714 -5.8813 9.371 -8.0997 2.3884 -8.0612 -2.3291 8.0677 2.8016 -1.2668 
8.2213 9.6037 -1.6791 -5.5 7.2735 -6.6799 -1.7084 7.1991 -0.2799 -4.2179 
3.9927 -1.2445 7.0204 -7.2419 3.2645 -1.2509 -5.6337 1.1236 -3.9831 -8.7109 
4.5036 6.7039 7.7497 -6.2421 3.2822 0.80885 -0.1865 -5.1405 -9.9718 -7.3042 
-5.4023 0.78361 -0.36477 -6.9426 2.5768 6.1257 0.031257 7.6185 4.6687 8.9376 
1.5211 -9.4975 -8.1951 -4.442 -8.2879 -4.8727 -4.9064 2.908 7.225 -6.9605 
6.2126 -9.8635 -0.1727 3.4255 -0.10856 0.4076 -1.2364 -3.9204 -4.0254 2.6204 
-1.9231 5.7217 2.5447 -7.8638 -2.0006 -5.4306 -7.2788 -0.62376 9.4453 -2.8997 
9.7688 -1.0521 2.1039 -0.12417 -4.6931 6.6042 3.4566 -3.3112 5.6549 -8.4337 
-8.2 -4.2253 1.5888 -8.7442 8.1034 7.2437 0.77221 -2.7446 -1.2111 7.1016 
-3.5812 7.2636 3.4526 0.68388 6.0248 1.5084 1.5409 5.1588 9.7654 -3.2847 
0.22818 3.1246 -2.1843 0.98831 -7.3692 9.2289 -5.1191 -9.2949 4.9995 7.7479 
-8.7879 -4.3061 -9.2009 6.714 -6.4049 -2.0527 -0.42516 7.9861 7.9291 -5.6347 
4.5138 2.8913 -8.2305 -0.86009 -9.9397 7.5822 -6.8569 -6.0218 1.6555 -8.7229 
1.1311 -4.7284 9.8281 3.0962 8.9407 -9.2696 -7.6059 9.5327 7.0972 -5.36 
0.5872 -6.5044 -4.7421 9.5005 -7.3332 -3.9319 5.8182 -8.4622 6.4533 -9.4553 
6.5996 -2.6276 -9.127 4.4393 1.5554 -2.6798 -2.0565 -5.639 7.701 2.7435 
7.1752 0.75084 4.7651 2.9331 2.091 -7.9976 -0.043027 -7.189 -6.1788 -0.2127 
5.7806 8.5281 -2.9262 -9.1295 5.7353 -7.1452 -3.5895 -2.2111 4.254 -4.6698 
-3.6433 4.9824 5.258 1.9434 7.2628 -7.1974 -2.4629 4.2414 2.4378 -3.1775 
-0.95585 -7.0453 5.6822 -0.16527 0.74758 8.4743 -2.0286 -9.3471 -8.9142 -1.513 
5.0446 -9.9422 -9.4342 -6.3551 2.0096 5.1429 4.5546 2.9953 9.2901 -5.6141 
-7.8028 -7.4597 6.0676 7.8759 -7.3123 6.7175 -0.4683 -0.17808 4.3473 1.4461 
-7.8052 8.3384 8.2708 -6.9376 -7.0901 4.089 3.0449 9.3702 -4.8748 -1.3508 
-4.6023 3.4424 9.1063 -0.81551 -0.59476 4.2868 2.1838 8.6736 -4.6042 0.37431 
0.49275 -7.7242 8.7359 9.0183 4.5135 9.0123 4.4004 -4.0641 -6.4861 -6.461 
9.453 9.2045 7.7182 1.8572 4.8667 2.7845 6.9475 -6.0295 -5.946 1.9118 
4.2082 -7.6123 6.7219 -4.9541 -3.0647 -6.4995 -7.5078 -5.6156 -4.5011 -8.7873 
-3.7628 -0.15169 8.2154 5.4051 -8.835 7.095 9.4766 9.6091 -0.90702 -5.2397 
-4.1709 -2.7737 1.3609 8.2577 -1.6667 3.7653 -5.8116 -9.517 0.25172 -5.8001 
7.0071 -0.59999 7.6208 -1.9588 -0.52329 -4.2928 -9.0365 -2.1171 4.1289 -6.55 
8.2329 -8.8244 -5.7876 8.6344 -8.8632 4.2899 7.6436 -5.0626 4.4645 3.2606 
2.7855 -3.3998 5.7156 3.4503 2.56 6.0257 -8.3155 -8.8054 -8.1439 -0.62325 
-4.8926 -4.7096 -1.6098 8.6006 -2.4323 -4.8524 -7.8332 -4.4255 6.3625 3.1575 
-8.2267 -5.0816 2.6197 4.5975 -3.3894 -5.4668 -5.5446 -8.2294 9.262 0.043026 
6.7651 8.9535 9.9024 1.8363 2.4963 -4.7319 6.8516 -9.3592 7.5523 -7.0584 
1.6944 -9.3512 -7.1438 -7.7869 -3.3608 4.2141 -4.6994 8.5588 -4.9054 -1.829 
8.9622 8.123 -2.6226 5.7156 7.9995 6.8456 -9.946 -7.2411 0.9668 -9.8601 
-8.7794 -2.63 -9.6632 2.2661 5.7917 -7.5472 5.8614 4.8489 -5.798 -8.0999 
1.6928 3.2508 0.3138 -2.9481 -9.5074 4.1008 -8.979 3.4361 -3.1174 9.8625 
-4.2978 9.0725 2.3545 2.4663 6.9497 -6.8941 2.2037 8.518 4.9851 -3.646 
6.5546 -8.1174 -7.0595 -0.5103 1.5519 4.1643 -7.954 -5.8136 -6.0497 -0.30967 
-6.1803 3.7063 -7.8515 2.5188 -8.1392 -9.241 -5.0685 0.57466 -0.41048 -7.7455 
-1.1494 -1.7512 9.1509 2.8248 4.4913 7.9701 -2.0331 -5.9424 3.2884 4.4264 
-2.1318 -7.7642 8.0193 7.7537 -0.86936 -5.2547 6.2147 -8.6357 -0.14837 1.8311 
6.5315 -0.1633 6.0319 -8.5152 -0.095488 0.92813 4.2629 6.3643 -6.2539 5.5546 
3.5374 -0.76895 -8.231 2.9675 -6.4258 5.9992 5.1599 -0.97748 9.9552 -1.3729 
-5.8479 7.5412 -9.4964 2.3812 6.3732 8.0445 9.1524 6.2511 9.3255 -6.8932 
-3.6379 3.2048 6.6954 -1.3923 5.9121 7.4211 5.1088 -1.1833 2.154 7.7927 
-7.3238 -4.4407 -7.053 -5.8599 -3.5199 1.9599 9.1524 -3.3478 -1.0341 -7.5749 
3.4293 3.1434 8.5097 2.8002 -4.0548 -3.7268 -4.4781 9.0812 2.3989 -7.6216 
1.4198 2.9083 8.6693 -8.881 5.1318 -9.0589 3.4784 9.4242 7.0492 8.0056 
-6.6047 7.9445 -7.8578 4.3651 2.7482 -1.7972 7.4373 -1.5808 -3.3102 -1.6604 
-7.0469 7.6467 7.5522 3.8098 -2.0384 -7.4951 -8.6294 9.8735 4.9031 3.0381 
-0.47841 -3.2966 -1.8734 -8.7662 8.4969 -6.3702 0.18541 -2.371 2.0749 4.7606 
8.162 -1.46 -7.217 2.5009 9.6552 6.4217 -5.3824 7.3211 -6.5796 -6.5249 
1.0435 6.0753 5.9346 5.6561 3.5192 -9.9349 5.9486 -6.8643 4.1519 4.9579 
-9.3412 8.4619 -7.3418 -0.99277 -0.52832 -9.0219 -3.175 -3.0059 -5.7712 -7.4948 
-8.9227 7.3345 -0.23596 -6.8374 -7.7852 5.4091 -9.3793 -1.7258 9.0652 -9.5041 
6.1013 -0.0069945 5.1745 8.4806 9.4283 -3.9737 7.6111 4.3616 -5.6528 4.8621 
-0.9725 1.6897 9.1336 9.0341 -0.70489 2.4142 4.9253 1.2679 -8.6437 6.585 
-2.3471 8.4951 8.8466 -2.2762 3.3504 -7.6028 -2.0938 -2.9984 0.36297 1.7884 
5.7929 -6.6777 -3.5591 7.4099 -9.1901 7.3769 9.5698 -4.1782 -1.5123 -1.2198 
-2.7143 -2.5128 8.4803 4.7779 2.6822 8.0153 5.752 -0.3089 7.0969 -7.2843 
0.647 -4.8118 2.5354 9.2219 4.2082 -3.9321 -4.3836 7.2205 -8.7092 2.0434 
4.2331 6.6096 2.8935 6.6914 -0.09948 -1.6483 -9.4776 7.8044 7.2397 2.3131 
7.4295 -8.5965 2.2253 -1.9783 5.0359 3.2605 8.2967 0.67195 6.2722 -2.155 
-3.4262 -4.3794 -9.0422 0.10482 -2.8909 -7.5112 2.5583 9.2502 2.4438 -2.1196 
3.0024 1.1009 3.5358 2.9276 1.3414 9.6229 -1.2558 8.1294 7.1464 8.7647 
9.4967 2.3793 9.319 5.4793 0.023468 -4.0012 -9.3713 -2.5203 2.5189 -2.7192 
-8.4807 -1.8043 8.4822 8.276 5.5203 0.83846 -7.9225 -6.7954 -5.9529 3.6215 
1.7404 -4.8314 -1.6749 4.0621 3.1189 -9.7388 6.6758 9.1443 4.3041 0.20372 
-1.7223 -1.6651 -3.5606 2.4714 5.1667 6.9021 -0.76223 1.9064 -8.4711 1.9416 
-3.8173 -2.3589 -7.5175 9.3622 5.8377 -2.2272 3.8779 -2.8911 4.1362 4.9596 
-4.7233 -8.0733 4.9672 -8.4235 -9.6729 0.41953 6.2729 -7.7101 -0.80797 1.9182 
5.1753 -7.3743 -3.6468 -6.0953 4.5513 -7.6416 -3.9944 9.1368 4.5945 1.7722 
9.9043 2.198 -9.4094 5.0518 2.5539 6.468 -3.865 -9.8646 5.9519 5.3012 
-6.2686 3.1239 4.5942 0.61138 6.64 7.305 1.6281 2.9674 3.099 7.5242 
5.6229 6.8199 3.6552 8.044 -6.7216 6.7614 4.4036 -6.1754 -4.84 9.4149 
-6.084 -0.0036424 0.28951 -0.30873 9.654 2.3526 -9.1345 4.6036 5.4288 -6.4485 
9.8472 -3.856 6.1595 9.5333 6.1649 -3.646 -5.3156 -1.7217 -0.39824 -3.7864 
6.0452 -6.6047 7.9071 -5.4712 2.6057 9.9766 0.14253 -4.4299 7.9788 -3.9849 
-1.5155 -9.0247 9.8487 4.3146 4.4726 1.5804 -5.2032 -6.8074 4.6434 6.0961 
4.5773 -5.4837 -1.9095 2.2674 -5.1469 3.9704 -1.5226 -2.5887 -6.378 0.70356 
-0.032928 -2.6606 -5.2376 0.28635 3.8903 9.7611 9.9137 -8.4013 -2.8726 5.841 
6.1798 1.3569 -7.2603 3.4086 2.1498 1.1906 8.9798 -7.0664 -5.0557 -5.3487 
-2.8698 1.3943 -1.3401 8.4004 -9.7451 -1.7919 4.3411 6.4428 -3.779 4.7562 
-8.5351 5.5755 6.8045 -6.6876 9.5305 -9.7342 -0.55508 -0.67008 -7.7441 4.9065 
1.8198 1.8048 3.672 -5.3411 8.2657 9.6781 5.9457 8.2947 1.4068 -9.0857 
8.2038 -7.7867 -3.9254 5.6845 -0.40079 1.4577 -9.3215 -6.4942 3.0891 5.7277 
-6.1247 2.8136 -2.5569 -4.5778 2.1903 -3.7169 1.1069 5.6428 0.27361 9.6618 
-1.3526 -8.5596 -6.4389 4.3928 -3.9676 4.7005 7.2899 -9.0125 7.0118 3.1494 
4.9832 -2.6831 -2.8248 1.6384 5.2504 -6.1008 -1.8716 -4.8364 4.0983 1.032 
-9.2163 -4.2539 -4.8848 7.8731 -3.3548 -4.212 4.5688 4.4377 -4.6443 3.2489 
8.9265 4.8288 -2.3175 2.2611 -5.1348 -3.4823 -9.7589 -4.1337 -3.0709 1.4058 
5.2735 -8.6603 -6.0758 6.6809 -2.3479 3.7522 -4.6815 -1.8208 8.3284 -6.5104 
1.1764 5.1433 -1.0476 5.2943 -8.8206 5.3014 4.6521 -4.2648 -0.45132 -9.5125 
-6.3231 -5.1857 -8.3481 -4.2022 1.8403 2.6887 -4.991 -7.1709 -8.2192 -4.8199 
-0.041024 -5.3818 -4.7736 5.3608 -4.5841 -8.0099 -5.3232 8.9928 1.9629 9.6324 
0.35691 -9.7602 -0.54808 -5.9782 -7.144 3.3597 -5.3343 -1.5747 6.2199 5.147 
9.8849 -7.3505 -1.3448 7.3423 3.0027 -3.2099 -9.1957 8.0085 4.0604 8.7053 
7.097 -5.8123 -9.591 2.0458 8.3883 5.8805 0.57952 5.5792 4.1351 -0.63052 
9.2481 -5.7163 -6.8304 -1.337 8.4847 -2.379 -2.8947 8.4394 4.7523 6.0107 
3.5788 8.1159 3.2324 -3.1095 -3.4786 -4.5203 2.8896 1.2061 -6.8867 3.941 
-1.93 -4.4445 1.6996 -8.9317 8.6231 7.4933 -3.5221 5.5759 -2.2417 -5.4065 
8.6996 -8.058 -6.3761 -3.6275 -1.5922 9.7459 6.9686 -8.8851 0.31677 6.6896 
-0.41031 5.6564 -3.0145 -3.9336 1.7797 9.2915 -1.9924 4.8492 5.9931 5.8938 
-5.3642 3.3504 2.5433 5.4363 -5.6141 4.4212 -5.7457 -4.1687 -7.734 -7.7226 
-2.0742 2.2535 0.23881 9.3776 9.6438 1.278 2.3798 -9.5021 0.18142 4.1983 
4.1015 -3.1242 6.8337 -7.9885 9.6036 0.7811 -2.0641 -9.582 -0.73083 -8.098 
1.1712 3.8068 -7.9545 9.0806 -5.1477 0.46651 -5.3395 -4.4049 -0.46811 -8.3308 
5.1326 -5.3288 9.2276 7.5626 5.2315 -1.9824 -5.7084 0.64255 7.5087 -3.4293 
9.9096 -3.8394 -6.9199 1.233 -9.1947 -6.8114 -9.6363 5.0264 1.9935 1.7693 
9.2486 -2.854 4.6991 -7.0762 1.537 7.1914 -4.096 -6.9263 -6.1552 9.2794 
0.70134 -5.666 9.8484 4.4636 4.0166 -9.9819 5.0132 9.1325 9.1755 9.3227 
9.2774 3.5456 -0.6048 -8.0847 0.6036 1.3907 -2.3412 -6.3955 8.4586 6.138 
-7.6875 4.7203 -0.71726 0.48638 -0.20486 6.0183 -2.5556 -2.0252 4.0277 -2.3151 
-8.971 -9.7996 2.208 -9.6344 -5.2112 -9.2052 -9.7513 0.83289 3.6408 -4.3899 
-3.913 -2.8817 9.1936 -7.5534 -2.397 -2.5209 -3.357 -6.8817 8.4541 6.4827 
1.6038 -5.2009 -4.3609 -8.0316 -5.7026 3.2423 -8.3626 8.5319 -4.2919 2.7568 
0.61929 8.5522 8.6635 -7.1084 1.4675 -2.1974 -0.93022 -6.1179 8.1811 2.9055 
8.0242 5.2597 -4.8971 -3.5535 9.5387 1.5471 -3.6285 -0.0018358 -2.1985 6.3596 
0.81101 -2.4123 5.6437 6.0278 -7.241 -4.0339 8.4697 -6.3629 6.6197 -5.9412 
-1.3604 3.7191 -3.8388 9.4836 -7.826 4.722 1.0519 -1.9787 -8.2165 1.3472 
0.85334 3.9775 -4.5761 -2.6527 1.9899 8.5158 -3.9018 3.5672 2.4006 6.4366 
4.2483 1.808 -7.0675 8.2203 -0.67299 9.5643 -9.0295 -8.7427 -0.19617 3.4484 
-9.6665 9.2411 9.6662 2.8143 8.1456 -9.4869 -9.2657 9.9177 5.5922 -3.8228 
6.0184 5.6269 -8.7448 -8.2778 3.7699 8.2546 4.9505 -4.0414 -7.4738 -4.4568 
-7.1498 0.76855 4.9388 0.4668 -9.6763 -1.9902 -2.8869 3.5262 3.9952 8.8217 
-0.43051 -8.1172 -3.9383 -7.4401 -6.3168 2.8597 -4.6564 7.1148 -3.5095 1.3535 
-4.8633 7.7202 3.7285 -9.0389 5.9601 6.3623 7.6148 -6.2404 9.853 -2.1344 
-2.6182 -4.8501 2.892 -5.5586 7.8164 0.44006 4.774 7.1775 1.5776 3.0329 
3.2353 -0.72986 -7.6292 -5.7045 -4.2887 -9.7953 8.9062 3.9891 2.848 -7.4956 
-6.6078 -3.384 -1.2874 1.4291 5.975 9.9866 -1.6704 -9.8095 9.1237 -0.76197 
-4.4243 5.1355 -4.3954 -1.3615 7.5237 6.067 -8.0364 9.86 7.8233 -0.35132 
-6.0356 6.057 -7.4019 -5.6177 -6.2158 4.1741 -1.9124 -4.589 7.0195 -2.4384 
-6.0986 6.0624 0.88202 -0.2905 -1.9926 2.9378 -7.8426 6.4521 9.1327 -1.5637 
-3.4632 7.5327 -3.3785 -4.3516 3.9777 0.56542 -0.61894 3.9849 9.2945 -3.3011 
7.6068 -8.2505 -8.714 -0.39895 3.0163 -2.8767 4.1458 6.1791 -2.6628 7.3525 
-0.57796 3.3583 -8.2489 3.6833 -7.3176 4.2872 9.8671 -4.4267 2.5713 3.7286 
-1.9206 0.048439 -1.8104 -6.0394 4.3 9.0418 5.2819 -8.3014 6.3634 7.5152 
-6.4154 -3.2888 4.6328 -6.8142 8.0266 5.6492 -2.2956 -9.5518 4.0596 6.3894 
9.3785 1.7712 6.8923 7.5008 2.935 7.417 -6.1889 -5.9714 -2.062 -8.4047 
-1.8509 -2.9613 -1.8352 2.9497 -7.0538 9.9474 -1.6988 -3.4663 8.363 8.1684 
6.8897 -5.8656 3.9685 1.5496 -3.5874 8.1085 2.7368 -1.3477 2.1115 -6.8746 
2.3065 -4.7569 -1.3501 1.4937 -0.33586 0.72985 -8.3972 1.9119 -6.8968 6.2339 
-2.4678 -8.027 -5.6546 -2.4372 5.7744 8.7045 -9.2226 -8.6806 0.58137 3.5056 
7.5436 -6.9987 4.3751 5.2788 9.1866 7.8107 -9.5068 6.7229 -1.7198 -3.5581 
5.697 -3.5796 -1.7891 -8.8923 -0.45402 1.4598 7.0335 -2.0678 1.0383 2.4769 
-0.70091 1.8878 8.3602 -2.3534 0.12933 0.7267 -6.3707 5.5564 8.1758 4.5005 
6.2795 -6.9252 2.8971 1.5447 1.624 0.54716 -3.0494 -9.0387 -7.5666 -4.5638 
7.9689 -8.7475 -2.3351 3.8566 5.1413 4.1466 8.7838 -8.793 -8.3158 4.4446 
-1.4152 -9.8444 -2.8899 1.3685 5.6537 -9.8722 -4.8255 -7.551 8.5471 -2.0803 
-3.3134 5.4852 -6.6515 -1.773 -5.5242 -9.7475 6.0957 -6.0553 -2.927 -3.6912 
1.9329 3.6409 1.5299 -4.2331 -6.8499 4.8319 3.31 -3.6117 -0.75718 2.6178 
8.0398 -7.5899 3.8262 4.3853 1.725 -1.6918 3.8097 4.514 3.4715 4.3684 
4.0413 4.3851 2.1518 5.7844 0.38086 2.8287 9.4746 1.0419 6.9243 0.63141 
-2.4509 -6.7629 8.9287 7.5738 6.9539 -1.8555 2.236 -1.2935 -2.6639 5.3971 
4.6991 -7.5968 5.1479 3.373 1.1591 9.9536 -6.0551 -3.7321 1.7135 9.0073 
9.0821 3.623 -5.8345 -3.7029 -4.8704 -1.5421 8.3166 -9.5105 -6.4296 -0.48634 
0.85626 -7.1035 2.26 -2.6371 0.4757 -8.0537 2.3534 8.382 7.7262 -5.5321 
0.80212 -8.8434 4.0968 -0.96347 -4.9078 0.96966 -6.8177 -6.0955 -8.1635 5.6361 
-3.7778 -7.3012 7.0763 8.2997 -7.1889 -2.9517 -2.8678 3.2733 -0.12489 -4.4774 
-8.5753 -9.7044 -0.17052 3.7455 -9.4017 -4.1272 2.343 -7.0365 -3.9057 -9.2596 
-6.3604 -6.2177 7.2476 5.7989 3.8275 5.0968 -8.0011 -5.537 -7.7367 2.1995 
-8.1402 -8.5828 3.6636 3.3247 1.4508 -2.9498 7.1193 -5.9406 -1.4891 -5.6864 
-0.73022 -9.2428 -7.5605 -8.8597 0.59168 -8.0194 -7.5171 5.5507 -4.7434 5.8636 
-9.8133 -3.8426 8.7678 -8.7088 -6.1108 -3.4635 0.39181 -2.871 2.5558 9.8233 
8.3005 0.31471 -9.8618 -5.8783 -0.93657 5.5812 -6.0595 3.098 6.6036 1.2006 
2.8548 -2.1298 -6.7496 0.35846 -5.8113 -8.0404 -7.7045 -9.0626 -5.972 0.12042 
-9.9716 9.9039 2.6284 -8.2283 -0.45392 -3.4583 -2.2766 -9.1181 2.4872 -1.5129 
-9.3923 -1.208 -5.8807 1.7674 4.4907 5.4531 9.1932 -9.2365 -9.2597 7.4862 
-5.8306 -6.9712 3.6328 3.0356 -9.2226 -3.8559 0.78508 1.7455 9.7733 0.57964 
-0.90068 5.561 1.0071 -2.7907 2.5686 -6.2011 3.7104 3.3116 7.1865 -6.2053 
-7.4547 4.8235 5.6588 3.3336 5.7743 8.5185 8.5323 9.3914 -8.2071 -5.995 
-9.827 -8.2471 -4.5826 -1.4472 9.355 1.3748 -5.1052 -5.992 -9.0675 5.3378 
4.5416 -0.59149 -5.0106 6.9022 -9.7395 -5.866 -7.9964 -3.3294 -7.4748 9.1137 
-2.9177 -4.1434 8.7094 -9.694 8.1193 -5.9864 -1.4706 1.0289 9.2631 -1.4016 
5.6089 -1.863 -7.0009 5.002 8.4863 -3.6782 1.3096 3.7252 -8.2012 -5.6809 
-1.2669 -1.3953 -5.536 6.3996 -5.0146 7.6938 -1.1888 7.3799 -8.0377 -2.9406 
-1.2689 7.4252 1.3901 -7.7648 9.3277 4.3991 -1.5548 -7.5197 8.6232 7.9868 
-9.0157 4.145 3.376 9.2022 0.37462 0.51682 5.6108 -7.1237 -8.088 -9.3579 
-9.0074 -9.7141 -4.2843 -1.616 -5.1832 -8.7394 8.699 -8.3501 1.5054 0.050012 
-8.178 -9.5083 0.48566 0.72877 -5.5415 -8.9089 -2.6675 0.91541 -3.1022 7.3617 
1.8807 -5.2601 -5.5934 -0.66018 -0.93688 -1.2153 -2.5597 -5.8454 2.1469 -9.2433 
-5.1783 1.9653 1.3122 -4.3996 9.406 1.0444 5.1665 -5.3532 -6.5171 6.497 
6.8274 8.524 -2.7042 4.8968 -7.4087 -9.3882 -8.3691 1.2642 -6.8511 2.905 
7.1443 -3.3117 -0.19768 -9.0744 -6.7769 3.4654 6.28 5.5163 6.8319 -9.6625 
9.2722 -1.1393 -1.2129 0.348 -9.8259 4.7768 5.8055 -7.5271 9.7764 -4.528 
-0.222 -8.0172 8.687 -6.7076 3.261 8.8358 -5.5592 -5.6453 -8.3376 -4.6862 
-5.5938 4.303 8.8994 6.4211 -7.0657 2.7554 0.46235 6.6674 0.14388 -9.6884 
-5.4758 4.4328 6.9783 5.3289 -5.9892 -1.6799 -3.6347 -3.1821 -5.7172 -0.0054083 
0.73576 5.6494 -7.9699 -6.9307 -4.5372 -4.9547 0.85117 -4.5852 7.6679 3.1554 
5.2422 8.8409 6.5006 6.9962 -5.6649 -0.15773 3.8693 7.8177 -6.4761 6.7893 
-3.0487 -9.0486 -4.2485 -4.1639 1.7657 7.8634 -9.0422 7.9166 -2.3621 9.5381 
-0.77536 6.007 0.54614 4.4604 -7.1612 2.9902 9.1608 7.3152 4.2927 9.447 
2.7865 -0.66423 -7.9405 0.075233 -3.8467 9.202 9.3373 0.54665 -2.198 -3.2392 
8.3467 -4.4172 -0.9708 4.8439 -0.086206 3.51 -7.4936 -0.7673 -2.0805 -3.0099 
-6.7685 -9.1056 -3.9617 -6.0257 -9.828 5.7916 -2.7029 0.94165 7.477 4.7035 
4.3127 5.751 2.3211 6.2183 0.86181 -1.8946 -2.7544 6.1161 -9.372 1.6451 
1.5548 7.9825 -2.8277 6.9645 -2.1753 -2.9927 5.051 -4.468 -0.77603 2.2734 
-1.334 5.5137 2.2252 -6.8824 1.0312 -3.948 6.8878 -7.366 5.9385 -2.1283 
7.6849 6.749 7.0632 3.9043 3.0204 6.3166 -4.5323 5.1537 -3.0634 -1.7005 
-2.139 -3.1116 7.0775 2.4722 -8.5788 0.4332 8.0537 -7.6602 -3.9112 9.0457 
-6.4205 -6.1761 0.93048 -9.991 6.2217 -5.9794 -9.2833 5.3885 -6.0977 -5.5477 
2.6667 -2.4312 2.7772 -0.091053 -8.5625 -1.9864 -0.67155 8.284 6.5528 -7.3424 
2.48 -4.8733 -3.681 -1.7147 -7.8863 -5.2359 1.8722 9.4931 -2.8868 -0.60819 
-3.4412 -9.5707 -8.4423 -8.904 9.6372 -2.0374 3.0784 1.2408 -3.2259 5.3747 
6.0593 -4.1344 -9.7659 1.3705 1.7584 4.3683 2.7483 -4.5969 3.3947 8.9026 
9.9896 -5.1915 2.7453 7.3376 -3.4864 -1.6762 -0.24359 2.3567 -1.2499 -4.8509 
9.6196 -5.9482 -0.37731 9.1025 9.8798 2.3354 1.3271 -0.67826 7.5784 1.6628 
-7.4593 -3.0356 -9.0722 0.48248 -1.573 -5.9921 5.8601 -7.3645 7.8564 2.1716 
-5.3552 0.74299 1.01 5.6245 -4.7483 -9.1748 6.7503 -1.6538 4.8137 0.80408 
-9.5274 -7.5137 -3.1438 -9.241 7.1529 1.1336 4.4442 3.8767 -3.0565 -8.0062 
2.1487 -6.1452 -9.5958 -7.2443 1.9585 -8.9078 -5.5224 7.8569 9.7788 -5.4494 
-7.7838 -0.22761 2.8917 -9.4263 -9.9564 -1.3847 -8.4104 -9.2176 -9.6977 -6.4901 
-1.8508 -1.8598 0.99204 6.26 7.1295 -1.5226 2.9911 9.8557 -4.6917 2.2891 
7.6815 4.6984 -1.702 -3.4977 -9.8204 0.38382 4.0203 9.3265 3.7345 9.4877 
0.96266 -4.0019 6.0938 8.1995 6.1218 -8.411 0.39959 4.0553 6.688 6.7674 
-2.6199 6.1427 -6.8285 8.4931 -9.7444 6.5688 7.014 3.1695 -2.0487 1.6453 
-5.8331 8.2733 5.0436 8.8405 0.93597 -4.5366 8.5595 1.7612 4.3432 -6.2698 
-1.1811 5.3022 -0.25243 -0.93206 -2.0573 -0.13316 -8.4325 9.7454 4.0301 -6.7958 
9.1239 -3.3158 -1.5935 -6.1413 -4.2293 -7.9705 -2.5043 6.4851 -5.7819 -1.6089 
-7.5195 4.3868 3.6248 -7.2351 0.39939 -2.4912 -6.4803 -4.302 -7.8879 -6.6028 
-0.58474 -9.3281 9.8867 -0.38848 -0.97484 -5.4325 -7.6393 -4.339 -3.4821 2.6681 
7.1379 2.3125 9.6615 -8.7017 8.1669 -0.30233 2.036 7.3003 -5.6321 7.0358 
-9.1322 -7.7563 9.9628 7.3308 -9.0587 -0.31249 4.5637 -0.054072 7.3006 -8.0938 
3.8325 -8.988 0.3981 -6.7395 -2.895 -0.56116 0.79507 -2.0717 -2.5996 -0.67993 
9.5797 -8.8958 3.2932 -1.9769 -5.8235 9.0726 4.7478 1.8741 6.1389 2.0405 
-4.3346 -9.4756 6.2096 4.147 -6.2429 5.504 9.6121 2.8221 -7.4885 -2.2665 
-7.3244 9.1087 -5.4548 -1.8684 -5.8877 -6.9466 -4.4681 -0.82739 -3.8825 -1.3628 
3.7056 0.50428 3.4233 5.1177 -7.6993 0.71878 4.0302 -0.87026 4.8316 9.2185 
8.1891 5.1251 0.3713 7.1785 -3.0349 4.4626 1.6197 8.2435 -6.578 -0.68407 
2.2174 1.7964 -5.1732 6.771 2.4554 -8.291 9.6238 1.0461 6.965 0.03429 
7.9997 4.7781 -1.2328 3.5252 -5.8185 -7.5913 -3.5114 1.2952 -6.1011 9.5789 
-6.1313 -3.6117 2.4527 0.41308 -1.1846 0.77635 9.0869 -4.1298 4.4512 -8.5556 
5.0885 6.9626 3.2657 9.0451 -3.7785 4.101 -9.0999 -7.1015 -5.3566 -3.3554 
-3.0748 -0.12706 3.0629 4.8852 7.9739 -2.6439 -8.7699 -3.5794 -3.2077 -6.762 
-1.6275 -7.7033 8.3937 4.4481 7.3266 -8.0689 -7.6605 2.1913 -6.663 -1.362 
-6.8856 6.2454 2.1431 -7.487 -8.4822 2.6539 -3.3931 4.3841 6.5935 5.289 
6.38 3.3366 -8.8605 1.7607 -1.7522 0.21861 3.8008 7.8793 -2.9941 -1.8373 
2.4985 -2.3643 -1.6944 -5.6663 8.1616 -6.3879 0.049225 -3.8625 9.4417 -0.73342 
4.7712 4.3762 -0.53972 -9.3103 -8.1821 5.3566 8.341 8.181 6.3341 7.9848 
6.1022 -1.6274 -4.3415 9.9762 8.5719 -3.5899 -5.5736 1.0431 -0.52862 -3.2837 
-8.6555 -8.8813 -4.5762 -2.4473 7.5854 -8.1177 -7.6207 -7.6012 -0.069277 8.8761 
9.0158 1.7 1.6638 9.1961 -4.0035 8.0361 0.35634 -9.085 -6.6917 1.7288 
-0.04846 -4.0234 0.70749 -1.5296 -9.8836 4.1031 1.4164 -9.15 -7.6401 -6.1498 
5.1029 -1.8087 -2.8173 -6.7048 9.9279 -2.8102 0.98634 -9.2394 -3.5127 -8.7051 
4.8481 1.7218 0.96399 -4.7676 1.6444 -0.60568 2.7952 -4.4588 -5.8405 -1.794 
6.6226 -3.6876 -8.1815 -3.7434 -4.4938 -6.082 -4.7938 9.0212 0.25013 -6.2947 
-6.87 -7.0528 -4.2645 -6.1082 1.3859 7.37 0.077597 0.18719 4.4416 -6.6783 
-0.85383 9.8306 -0.16385 -7.6645 0.69388 7.9961 -8.4487 6.4298 1.3082 -7.5752 
2.362 -7.8501 1.1982 8.9212 -4.6935 9.3631 -5.4818 5.8053 -8.9009 -0.86868 
8.6437 -3.3149 -1.5743 -1.1979 0.36064 5.7879 3.732 2.9313 -9.3225 -1.547 
6.7018 -9.2408 0.22352 9.9393 7.3208 6.0057 -2.0929 -6.859 -8.485 -2.237 
7.9085 8.4481 -2.0815 -1.7053 9.4293 -9.9766 1.7558 -1.8317 8.2093 -4.1044 
1.6504 -2.5372 -7.0257 0.25376 7.3683 0.30883 -1.7906 4.1054 6.0444 6.3096 
1.6549 9.7832 7.6919 -6.9627 -8.9458 -5.1687 -6.0004 -1.0679 -5.1234 -1.992 
7.0985 0.86912 -2.9069 -0.92392 -5.3331 -9.9654 -4.4191 -4.9671 7.5424 6.3749 
-9.3027 1.2663 1.6465 9.2556 9.6619 -2.3068 5.1266 -9.1071 7.1567 1.2908 
7.7084 -6.242 1.7674 -9.5045 -1.1176 -8.347 -0.72588 9.1722 -8.6904 6.6803 
-1.8454 -5.6901 2.5941 -9.9771 -4.2823 0.20831 2.6741 4.566 -1.2408 4.1904 
-9.2724 -0.29386 2.0942 0.63244 1.5414 0.54216 -5.0238 6.0571 2.4753 3.0147 
4.923 -5.61 4.1715 5.7527 8.0543 7.8772 3.06 -0.56901 -8.9908 5.8019 
-6.9034 8.7375 4.4287 -5.136 -1.9277 -1.3586 -0.60429 5.8554 -6.5242 9.444 
-7.1218 -4.4475 -1.7501 8.3341 -0.88193 0.91843 -0.77962 -8.0802 5.5006 6.6749 
2.1192 9.0621 -6.2882 1.5708 -9.8215 1.7944 -1.8032 -1.6607 0.074108 2.6053 
-4.9104 6.2987 -9.522 6.8132 9.6471 8.6034 5.147 -8.3181 -0.85048 -0.95807 
-3.5169 -3.008 -1.8831 -9.9124 7.9824 -7.1271 -8.0127 5.4096 -1.5736 -3.8767 
-1.9642 -9.5679 7.3185 3.0118 -0.94304 -9.5476 7.7144 -4.8237 -3.582 8.4531 
-1.8725 -3.1797 7.4973 -4.8079 -9.958 -6.7007 5.5446 2.4948 3.2582 9.3208 
-2.2762 -2.312 6.1237 4.5878 1.6292 8.1467 -2.4271 -7.0977 4.3065 -4.4206 
2.196 -8.1342 0.92779 -3.2162 -1.2938 9.7024 -2.61 -4.9677 -5.816 -9.0263 
-6.6622 9.3851 3.7942 -7.0212 4.0909 -5.0075 -1.3232 1.5256 -3.3403 -4.3432 
-6.2382 -6.1991 3.5793 -2.7846 3.0213 9.1314 5.346 -9.8313 4.0504 6.4446 
-8.1074 -6.7076 6.2483 -9.7449 -7.5016 4.3625 5.5885 -9.0769 5.8763 -2.5719 
-3.5363 0.14063 -7.388 -9.8217 -1.8787 8.643 -0.72587 8.4834 -0.19839 1.8545 
5.3919 0.16477 -6.6057 -2.2288 -9.7694 -5.2218 3.787 4.1549 5.9477 -1.3941 
-5.3176 -8.9704 4.034 7.7395 -6.2897 2.7143 8.5898 -1.7574 8.4666 -1.2481 
4.8073 -2.6598 -2.9697 8.8539 5.3297 2.2613 -1.6748 6.0536 -3.1192 -0.58273 
3.8564 1.6959 2.5955 -3.3814 -7.1975 1.7243 5.0581 5.9675 7.9479 -9.9064 
6.4816 9.895 6.5957 -2.3204 -1.0571 7.6978 -9.5491 7.0628 5.3883 -1.5726 
6.5596 -1.2974 -4.8462 -0.24838 -2.8322 2.0042 7.0243 4.9813 -0.33363 8.2116 
-4.1326 3.92 7.3364 2.3103 -3.7085 0.83776 -7.6089 7.277 -8.0543 -0.84212 
-3.8126 -9.6705 9.0217 -7.7308 -1.0484 7.3748 -7.2825 -3.4536 6.8259 -1.1821 
0.4606 -6.9492 -0.88968 -3.85 9.6748 -1.4219 -3.4737 -2.0337 -0.54526 -8.4457 
-3.494 7.9908 -3.4761 5.9035 4.176 -9.558 7.6495 -5.1084 -0.17816 -1.2527 
6.6369 -9.0725 -6.8445 -0.53174 9.8991 -1.5885 0.22185 -0.54317 -7.841 3.8586 
6.2059 -9.4135 6.2019 -4.8988 -7.3287 1.1684 1.8197 5.9424 -3.3417 3.594 
1.14 1.4889 6.1258 1.1075 -9.6687 4.4963 9.4519 -7.3501 -9.9763 3.7622 
-4.7407 -3.1919 3.7581 9.2652 4.8214 2.9458 0.75494 5.8124 -3.6753 -1.4827 
3.6113 -5.614 -5.5242 -6.7463 -6.2044 -4.2416 -0.62686 7.6317 0.86637 4.235 
-5.3269 8.0798 -3.3296 1.3891 -2.897 -4.8004 -1.3078 -8.208 8.2407 -4.4219 
-0.87149 3.6618 -8.9956 4.0092 -4.3565 3.2043 -5.6416 -8.5067 5.4831 1.5143 
-2.3087 -2.567 -6.6772 3.8291 -1.7969 -9.9214 3.66 -0.92041 -0.77547 -5.5245 
0.77203 -1.9776 -2.1553 7.385 6.3376 -7.1323 8.513 0.279 -9.0875 -4.8004 
9.8341 -5.9006 7.8633 -9.3653 -5.8349 4.6045 -4.556 7.4207 -1.8565 7.344 
5.1044 -5.246 3.2688 -8.7909 -7.3445 1.8526 -9.5584 -4.3098 8.1442 -4.9017 
9.6091 7.6872 -3.4163 0.51514 6.7441 -5.3384 2.3427 4.8895 -4.921 5.483 
-5.3043 8.4249 6.4924 -2.7199 3.6223 -1.3799 -9.3628 9.3809 -3.4968 -9.2113 
0.57118 5.633 -5.1564 0.69275 -5.1101 -1.1392 7.7727 7.1355 6.2104 -3.5811 
-8.9713 -5.1617 8.1474 4.0254 2.8474 5.3909 -4.1464 3.9995 6.9512 1.5602 
5.1375 1.6719 -4.1704 -3.2341 -8.7562 9.7182 -9.0033 -5.4439 -1.8994 -9.6438 
2.0396 -5.9629 2.464 9.5316 4.2718 4.4265 -5.6606 -9.1017 5.3357 -4.4468 
7.1434 -7.4586 6.1352 2.993 9.9489 6.8116 -7.786 -3.2976 4.6692 9.8142 
9.7655 3.7534 -9.3603 8.9164 4.2486 -7.6001 2.0256 8.1696 4.7123 -5.1545 
8.5897 8.2148 7.5863 2.7943 9.1994 -6.1646 -6.2502 4.2796 -6.4687 8.2757 
-1.8097 5.0188 9.7709 -8.8414 5.7005 4.8396 6.6554 9.379 8.7217 -4.0798 
-9.9932 6.4582 2.986 -1.4918 -5.0184 -1.9495 -1.3647 -9.6381 -8.9831 -2.1982 
0.81757 -5.4976 -2.4266 -0.5439 -9.8611 -1.5356 4.6454 -3.3907 6.5226 -7.5028 
-5.8454 -2.2651 4.6253 9.1174 0.86772 -0.23259 -6.2123 0.16226 4.1416 -8.6115 
-5.6143 -1.6262 8.3995 1.4278 9.9501 7.1359 -6.0293 -0.2104 -5.0277 -0.43268 
-3.4839 8.7157 -0.092574 -9.2652 2.4309 4.1298 -5.0327 1.3833 5.1992 -0.66804 
-8.081 -7.8889 -6.3841 6.0698 -4.6945 -9.0094 -9.7581 9.1361 8.711 3.4961 
4.9507 0.62579 -0.53173 -3.2603 2.1389 -0.53349 -1.1064 8.8036 -1.4759 -2.334 
4.9702 2.4238 -8.5717 -3.7882 8.6842 6.8657 1.0417 -9.7398 4.237 -4.3795 
0.86599 -4.3932 8.3261 0.41903 1.1538 8.9407 -1.5486 0.90456 -4.3601 -9.5014 
-3.2374 -6.0447 0.23599 1.633 -3.1214 7.7826 3.3431 -6.1773 -7.7038 -8.787 
6.6467 -1.8323 -4.9086 2.8198 -1.2755 8.8812 -4.3628 -0.27852 -7.1232 0.52129 
1.0514 -2.7479 -1.9087 1.0532 4.7717 -6.7148 7.8021 -9.5817 -3.7791 6.0987 
9.1509 -6.762 9.1833 -9.524 -5.3118 -6.1591 6.3245 3.3806 -1.3778 -4.6113 
7.8567 7.8705 3.142 -1.2565 -6.4515 -1.3406 4.7978 -9.0782 -9.3375 -7.8034 
-2.8699 -1.1905 5.3862 -5.5828 -6.8552 -1.8529 5.21 -6.3885 6.0771 -7.3496 
0.92804 3.4062 -7.7091 3.862 4.5581 -4.0039 -1.1928 -2.9222 -3.9797 -9.2969 
-3.0664 -5.7915 -4.7201 2.935 3.5201 -8.1097 1.8093 7.5419 -3.2233 -8.3777 
2.4561 -0.57708 6.225 -1.6138 -9.0386 -5.3483 -8.7173 -5.1513 -9.3938 4.9614 
5.9325 -9.0017 5.1737 7.7754 3.9494 4.5801 -3.9927 7.947 8.7556 -7.2454 
4.9175 -0.08137 -1.5363 1.4949 -9.6188 4.4561 -3.1105 7.5825 -4.5036 4.5543 
-7.4893 -4.6056 3.7929 -5.0111 6.225 -7.8352 -7.1451 4.1096 -5.9229 3.4904 
6.4479 3.6835 3.7524 -1.2255 1.5663 -1.9373 4.2276 -6.9295 4.1588 5.526 
-9.497 4.9599 -6.3447 -1.9853 7.6618 9.4819 -7.7661 9.7918 -4.7415 2.1305 
-1.7114 -2.1672 -9.7554 -0.11546 -6.8781 7.9094 8.1846 -8.5286 7.4351 -9.3754 
4.6281 1.1765 -9.4332 -1.8388 0.88592 9.9265 7.4753 -5.3508 -6.9471 8.4202 
5.6275 4.6449 -7.9704 7.2259 -2.2535 -2.0352 9.4512 9.7847 2.8649 2.7141 
-2.6543 2.2324 6.8612 8.1762 -2.2102 -7.8288 0.80062 2.0976 -6.1127 7.2645 
4.8974 1.6246 -7.9294 3.5229 -5.6743 8.818 2.771 -4.1438 -5.8502 1.8669 
7.8453 -8.5879 -3.5862 -2.3305 -0.12208 -2.3995 9.8593 -8.1009 0.30601 -3.1811 
-5.1479 -2.5151 4.5982 7.4339 4.3284 -6.1145 0.84699 -9.7719 9.9779 5.8535 
-7.4081 -9.3282 -2.6822 -6.4416 -1.2719 -0.88145 -0.74664 1.8515 3.2155 -4.641 
-5.4986 -1.8771 0.20375 -7.8899 8.1882 -7.7112 -9.5878 -8.761 -9.8611 9.757 
-2.9997 3.1592 -4.8232 -7.0924 -0.93818 -3.1063 -8.8539 9.5538 7.7612 5.766 
-4.2583 1.5048 1.5416 -3.4346 -1.4256 7.4909 4.403 4.1662 6.6623 -2.4969 
8.5498 9.5191 -0.64891 6.3232 -0.053518 -5.8943 0.26392 -4.2055 0.0059237 4.9213 
-8.9737 -1.1672 4.6215 3.2093 -0.54038 -9.2301 0.99108 0.11411 -3.9238 -7.4061 
1.8533 5.5567 -7.9015 -5.2578 2.985 -2.1553 -9.8553 5.8458 -2.8225 6.2529 
-6.742 1.3892 9.5944 4.0961 -0.5263 -9.7521 2.1648 7.0854 -0.99592 7.0164 
6.7681 -9.578 -1.6923 5.3245 0.0041088 -3.3587 8.538 -4.462 -3.5587 -3.8723 
-6.6488 0.24547 5.8968 0.74886 2.3479 -3.2504 3.0483 7.8104 1.1965 5.5522 
0.044012 -1.849 -1.3828 -6.8611 4.7055 -8.6806 3.6677 0.37928 6.5542 7.1137 
9.9866 -5.6033 6.2128 -5.256 -0.50565 8.5658 -0.15939 5.0329 4.6945 7.9397 
-2.8919 -5.3908 -0.30587 -6.1401 5.8214 1.8223 -9.4912 0.98521 -4.6076 -9.8875 
-9.0584 -1.229 0.77959 5.5795 0.44033 4.3372 -8.6281 -7.7642 -0.36622 9.4164 
-5.7268 8.3979 -9.781 9.4053 9.8442 4.4052 5.1936 8.0966 9.0743 -6.0941 
-2.0432 -3.6192 2.105 -2.8275 3.0682 -8.8409 -9.1633 -8.5806 -1.9994 2.7774 
-3.3266 -4.3133 -5.4065 7.4748 0.7093 5.2159 2.6629 4.5276 3.4761 7.0104 
-5.4079 -2.7244 3.8015 -6.8381 5.4988 9.7593 8.2241 5.6812 1.7552 5.7206 
8.7224 -0.013649 0.34001 6.3014 -1.9315 -3.9183 4.354 4.7739 9.2697 3.0118 
3.6638 6.2705 -6.073 -4.2297 -9.4405 -8.5462 6.201 4.2368 -0.73272 -4.4559 
9.2423 -5.3036 6.7802 -8.9642 7.1836 1.6259 9.366 9.9773 -7.1437 -3.7659 
-1.2405 -9.5547 -8.0507 -6.2324 7.4427 9.0773 -1.4563 4.0163 2.6182 -1.7842 
8.8067 -3.9776 -4.5818 3.5115 8.609 9.6933 5.8755 4.7662 9.6701 -1.4807 
-9.8833 -4.0388 -1.0901 3.4782 2.0505 -8.2198 6.088 -7.9046 3.5961 1.5167 
2.2061 6.5186 1.477 1.6423 -5.9799 -3.0859 -9.8406 3.0555 -5.2419 1.9374 
6.0215 -7.2721 -7.8531 -7.348 -4.7665 -0.22284 -0.34779 8.4178 8.9168 -2.7266 
-5.3404 6.2916 -7.791 3.8156 -7.8903 7.9127 -9.6566 3.7754 -1.2948 -3.2761 
8.6494 7.2218 -9.6805 -9.6213 -8.1337 -0.69339 4.7484 -6.6403 7.6421 -1.2941 
5.2653 1.0588 -1.4917 -7.7647 4.3313 8.5757 -4.149 5.8907 -2.1835 -5.0465 
6.529 -9.6294 -3.9903 9.01 -5.4597 -9.4837 -9.1364 5.407 2.8243 -4.2053 
1.4693 0.15643 -4.5603 -4.8888 5.8378 -8.7499 2.3411 -3.0139 1.4575 5.1832 
5.8516 4.2729 3.1147 9.0673 -3.679 -6.2212 2.0171 -2.7627 -0.92239 0.031157 
-3.4192 3.955 5.322 0.14943 6.5678 -7.3818 9.156 -2.1965 0.9953 8.8454 
-5.5308 7.8691 8.2109 -1.2328 7.4157 -6.5103 -3.1333 6.517 5.4115 -4.4091 
-3.7523 4.0237 -0.41977 -5.0695 2.9787 -2.3718 3.2697 1.796 8.1837 0.706 
1.6905 8.7458 7.4802 7.3503 7.8556 -0.86601 -9.5779 -7.0919 -5.8584 1.7857 
6.5983 -9.7821 -8.3385 -2.2131 2.2261 4.5938 -3.9722 -8.3581 -1.6222 -4.0028 
-4.1908 6.3948 3.4827 -8.1846 -8.7522 6.8173 -3.5621 -7.8404 -7.9733 8.8736 
-1.9489 -9.3146 4.7976 -3.3723 4.5272 -7.2437 6.3849 9.2429 -8.3901 -1.9216 
7.2411 0.32321 -2.3003 5.5258 5.8989 9.0691 0.92664 -3.525 -5.954 -4.5136 
2.2948 3.0666 3.1785 6.5566 -4.7995 3.602 -2.0536 1.0994 8.8827 -5.5061 
9.8238 5.0825 -9.611 -8.8805 -1.7362 0.77213 -4.8252 7.3984 1.3068 -4.6161 
-5.926 -4.4001 1.9658 -3.885 8.7971 8.7727 1.8602 -1.4821 -1.1931 -5.3616 
6.5442 2.061 -3.3114 6.43 -2.8417 -1.5938 -9.86 1.7712 -1.0903 7.2895 
3.5172 7.7756 -7.7189 0.4051 -8.7252 2.6799 7.2193 3.5675 -6.0914 -0.93877 
-5.021 2.8647 3.3594 4.7189 5.4543 -1.4915 1.2743 -9.3092 -7.5284 7.5701 
-0.48429 5.7213 0.8611 -1.7104 -6.2837 3.0479 -0.48112 -8.1021 -3.3905 -3.0529 
-2.0185 -0.17718 -6.4522 -5.3314 8.2306 -6.4703 -3.7137 5.2446 8.5415 7.5599 
1.9888 -1.9308 -2.0814 -7.0984 0.41126 8.4215 -9.0283 3.0173 0.34206 -7.0291 
6.0105 7.5488 -0.15672 -4.4315 4.417 -2.5829 5.4725 -6.7613 -9.3554 1.9488 
-7.8986 4.1637 -1.2423 -4.3728 8.2572 6.6911 -9.2834 9.0751 -5.4041 -4.7509 
6.4288 6.5298 2.7073 -1.6329 8.5275 7.2997 -0.22342 -3.0913 -2.2249 -3.7361 
6.8217 -9.7866 -6.9454 -9.3657 -2.4925 7.681 -0.42457 9.4119 5.0567 -6.175 
-2.9099 -8.0889 8.5862 -1.4622 2.0846 1.2681 0.14957 -8.83 -7.8618 -0.50982 
-1.3986 0.86569 7.4033 -8.9309 2.0487 5.1083 0.40356 -6.6781 -3.1865 2.4005 
1.4448 7.1243 -4.6882 8.7518 -4.0193 -9.3975 -3.9876 -9.5022 9.5029 -2.8716 
4.0165 -4.7129 0.18103 8.8722 -2.3926 -8.4132 -0.82119 3.709 -9.503 -9.1121 
4.8494 5.5109 -0.19109 1.4303 -4.3403 1.5283 -1.0938 0.36374 3.2126 -9.9503 
5.1577 2.7584 -9.1693 5.4106 -0.69421 -2.8668 3.4907 6.1723 2.4343 -0.7593 
-2.2174 4.5012 -1.9068 -4.182 -4.1969 -3.6768 -3.7849 9.7065 -9.4628 -8.5025 
-1.414 7.893 -2.4307 -8.1337 6.5811 -5.2675 -6.2148 5.4975 4.239 6.2699 
9.1269 5.3597 -6.6622 7.429 -8.6096 -5.0729 -6.5606 4.6055 -1.2301 8.7569 
1.4594 -5.8631 6.99 -3.0041 -2.3606 -6.9874 -9.8814 -9.0824 -7.8404 -8.2955 
6.9944 -9.1339 3.0555 3.2416 -1.8776 -7.5056 9.2965 9.3152 3.2303 9.8825 
-4.4731 -6.9287 0.37537 -2.8149 -0.44197 1.2651 -7.5261 1.8413 8.4352 0.85036 
2.4465 4.3663 4.4198 -6.7001 -5.6797 0.52449 -3.7188 9.5032 -6.8936 -5.609 
1.7672 -7.4271 -8.3751 2.2573 6.3679 4.9991 -5.2918 -6.1506 1.7823 -7.8937 
9.2694 -5.5842 8.5537 -8.3751 8.6921 -6.7838 -3.0442 8.5978 -6.6909 2.792 
-8.2819 -0.92881 -9.3196 8.9569 7.4173 -7.1757 -5.433 0.74768 -2.6354 -4.4641 
0.0099778 -0.69478 -5.47 2.5081 -0.43933 -7.8695 6.3639 7.8949 -2.738 -2.3684 
0.43179 -8.2043 -0.0031014 -4.4085 9.5022 8.7186 -2.3072 5.2501 -0.074842 2.397 
-8.1967 0.13459 -7.1543 -0.0092373 -6.2935 -9.7802 5.6689 -7.9804 0.60597 0.71638 
8.0933 -8.4698 -4.9569 3.9859 2.1308 -5.9244 -2.5457 -1.9956 8.001 0.71367 
7.6878 -6.6695 8.163 5.869 -0.8493 2.8397 -1.6281 -8.2987 5.9692 9.7849 
-1.2202 4.9542 0.75404 0.20885 -6.0885 -1.5404 4.1752 -7.3295 -9.5118 4.3552 
5.6345 -3.3087 7.17 -8.2707 -3.9042 9.1557 9.7983 -9.0071 -4.4356 -9.6401 
-7.0307 -3.8989 0.46505 3.4304 -3.643 -4.3233 3.6448 1.3722 -6.8826 7.413 
2.3963 6.3776 6.9912 -3.9084 2.1046 7.7463 7.1583 -6.9433 -6.5704 7.8415 
-4.7875 9.641 -5.2319 9.0264 -0.69298 -8.6871 -0.43089 -8.9112 -2.6857 6.7431 
-1.0869 9.3794 -7.6836 0.82517 -2.5809 6.8677 -9.0532 -1.9905 -8.5325 6.7478 
6.88 1.5324 2.9433 -7.1895 8.7732 -4.4694 1.3226 -0.57117 0.017677 6.3275 
-6.0759 -5.3303 -7.8487 8.2709 8.249 1.4311 -5.3396 -5.916 4.1885 -7.1747 
-3.923 -4.158 -4.2891 -8.8552 9.3364 2.9929 5.6235 -6.3406 -1.1244 -3.0788 
-0.33411 3.4753 -8.0317 -3.7408 1.5027 7.4944 -7.1254 5.4688 6.631 9.8739 
-3.2438 1.4748 -4.2742 -5.4342 -1.4282 -0.24897 1.1021 2.1341 4.1914 2.884 
5.9697 -6.006 8.2479 7.3285 -9.8899 -6.2781 -1.9455 8.2189 -5.6522 -3.3667 
9.7498 9.164 0.27666 7.4245 -9.4949 -3.0148 0.040597 2.2059 8.9821 -6.265 
-6.819 -3.2769 -4.7034 7.2435 1.9348 -1.3069 7.5427 -1.4665 -9.7667 9.0745 
-5.2624 -7.0067 -3.1508 -5.3022 -7.3626 2.0935 7.234 -2.407 1.5918 -3.5609 
4.0447 -3.4323 -0.17169 -2.8185 8.7439 1.5439 0.43809 8.8843 -4.054 -1.4683 
-2.4906 -7.7381 5.837 0.029022 -3.7904 0.12701 4.7766 9.9474 6.0682 -9.2805 
9.4741 5.4383 -4.864 0.95585 6.6251 -5.0233 2.4416 -6.0335 9.0253 -5.1162 
9.4461 5.8513 2.3732 -0.39845 -9.3325 0.67491 1.9487 9.8234 -2.4634 -3.4859 
2.874 1.7414 9.9204 6.7224 7.1953 5.4571 2.6767 8.9695 -6.577 7.9334 
7.202 -8.4162 -9.7295 -6.0371 8.1023 1.0209 -2.6868 -4.671 -5.0662 -6.9447 
-1.9623 -6.142 -0.82475 -7.2734 -6.2174 4.7948 2.0424 -7.8991 9.1882 0.97225 
2.6386 5.5081 0.41784 -9.3305 0.29531 8.954 -2.3881 -2.1687 -9.8091 -1.8723 
9.7047 -2.9322 7.5463 5.6765 -4.6084 5.9137 -6.4136 3.3996 3.8153 -3.4429 
1.1895 6.779 -6.9748 5.8776 -7.1011 -4.7854 -3.551 -2.3729 -9.7718 -1.0777 
8.6718 -7.3223 -6.2964 3.0661 -4.0223 9.9683 -5.2349 5.2022 3.8926 -3.2117 
4.4069 3.963 8.5971 3.8404 7.1545 -3.5918 9.9914 -1.2786 5.723 5.5175 
-0.31923 -6.1931 5.6832 -9.1571 7.1531 6.1683 5.0493 1.5126 1.2156 -4.0369 
2.7806 -2.0639 -6.8075 8.6926 -7.2161 4.7117 4.5404 -3.7242 -4.3789 -8.1035 
7.7527 -3.2211 8.7346 1.9751 -4.1276 4.4596 -6.3154 0.71166 0.060921 -3.5727 
-6.0253 8.4539 -8.6922 -7.2116 7.3946 -8.5123 7.4886 6.4657 -0.47052 -4.7559 
-2.0927 6.7681 -2.3897 5.3417 0.7533 3.3437 4.5059 -7.3708 0.52966 -3.9069 
9.8435 2.5905 3.8407 2.3183 -6.0702 -1.4134 -2.015 3.1564 -6.1617 -0.032102 
-1.953 7.3098 -9.4425 1.5478 6.8733 4.9282 -3.4675 5.1634 -4.9515 0.0023191 
3.1771 -5.6742 7.7471 0.13971 -3.5675 -3.7327 -2.9065 0.53081 -6.6098 -6.2322 
8.027 -8.702 8.3313 6.6273 7.7016 7.328 -6.5612 -6.3025 5.6541 -9.7778 
9.9076 3.56 -1.2301 -3.1553 0.85488 -7.2829 4.9623 -8.9537 4.228 6.8541 
3.0633 0.7024 -5.4361 7.5701 -0.54473 4.7248 5.4352 -1.5253 -7.2693 9.0017 
-7.8313 0.34698 2.1829 -3.7979 -8.3169 1.4923 -0.42185 -4.3383 -4.5356 4.2589 
-9.2777 -4.8856 8.5072 3.6564 -7.9049 0.7213 6.6002 -4.0022 -6.4246 -9.407 
2.3618 7.0566 2.7122 -9.9007 6.8543 1.9086 1.3266 -1.0078 8.9107 0.92346 
1.3429 6.464 -8.9037 -3.2593 7.7412 4.8023 8.5616 -4.2104 1.6397 5.3673 
9.2393 -9.6686 9.8436 -0.85227 -0.27587 3.52 -2.1799 3.9412 -7.0888 -7.0691 
4.9221 -0.5058 -4.0877 -4.2102 -0.31554 7.2957 -2.7091 9.1469 -1.5895 -3.1364 
3.2503 8.8824 -5.1982 5.3803 -8.8548 -7.3445 -7.9042 4.4779 6.7948 -3.556 
0.46627 -0.82759 -2.2826 -7.2993 -8.7838 -0.082354 -7.6082 -7.3819 -8.8854 7.5977 
-4.8021 6.9994 -4.7777 7.0408 -6.1388 8.4954 -4.8525 -0.53419 -3.8403 -0.33611 
9.2399 0.71105 -5.5061 5.7675 -2.8769 -5.8522 -3.6547 1.6644 1.1885 -9.3383 
0.80408 -1.318 -2.6371 3.6394 8.6747 6.332 -1.2557 0.87013 -7.9935 5.7874 
-9.3946 -9.5113 -6.5139 -2.2274 1.5653 -0.67214 -5.2083 -8.5231 -3.9677 9.8747 
3.9263 0.087196 5.3624 7.3441 -8.8855 -5.4823 7.1175 1.8638 -4.8439 -7.568 
0.39432 7.5297 1.6738 -6.3728 -4.9418 -8.0735 -3.9742 1.4556 1.4128 -9.4863 
-8.8194 8.165 -3.7015 -5.7493 5.1501 1.3318 -5.7843 5.0604 8.0352 5.0628 
7.8007 -4.2959 8.0863 9.2481 -5.0832 -0.34623 7.6385 -8.3527 5.7836 5.9239 
-3.396 -7.3459 7.9612 -1.3244 9.7325 3.9592 -1.2035 -2.9542 9.1793 7.3847 
-5.406 -9.9973 -1.3043 1.9112 -2.9052 -9.6089 1.6346 -8.4361 4.1844 -8.0085 
-7.721 -3.6408 -8.5873 5.091 8.375 4.3254 8.7102 7.6404 0.38438 2.7272 
-3.7815 0.60216 2.8995 3.846 9.1969 1.5035 -6.648 -7.0893 -6.3613 3.6288 
-5.4314 6.5835 6.7665 -1.1215 9.0339 1.3087 8.464 6.7131 3.2072 -8.867 
3.0399 3.4717 8.0746 2.315 2.0747 9.8803 -6.5829 -3.721 9.9868 -8.5813 
-8.6768 8.2603 2.4024 -6.656 -5.1441 -6.215 8.7472 -1.0516 -8.0251 7.4433 
-4.4914 5.1228 -1.5001 2.9755 -6.3222 -2.3844 -5.1995 3.6667 6.4043 -5.9963 
-4.3636 -6.6298 -9.8821 -5.0431 -6.8154 2.733 -0.097885 7.393 0.83937 0.94787 
7.6013 9.2803 9.4017 0.31336 4.9085 -7.4756 7.0009 -4.3092 -0.74271 -2.0393 
-1.1134 -3.0347 0.61435 1.3265 -1.7792 4.8749 -3.6874 -5.4056 2.8145 -0.22408 
5.1183 1.9698 -3.185 4.4329 -5.5386 5.686 -8.9171 0.78301 0.42584 -8.7934 
2.0659 4.6278 1.8376 -3.3753 3.8518 -9.7764 2.3097 -2.4021 9.2402 -6.0829 
5.6653 7.4163 7.8258 9.8118 -1.0276 6.1711 1.4827 -7.984 7.8227 0.38578 
-7.7214 -3.332 -0.93068 -3.6289 2.8837 8.9878 -6.3717 7.344 1.386 -2.5243 
9.5713 -0.73915 3.8844 -6.5702 6.3483 -0.74036 -6.542 -1.5088 0.084604 8.1997 
6.9719 -6.6623 8.2975 5.839 7.9328 4.6321 7.5374 -7.1897 -5.3043 9.1655 
-8.9871 -0.67221 -7.7715 -8.9609 7.7227 -3.9413 3.0063 -1.6788 -3.9369 -9.4484 
-0.67596 -0.87259 -5.5313 5.838 -3.519 -8.921 0.38298 -1.2842 -0.87347 -5.5027 
-3.4869 -7.4436 -0.23628 7.2327 -5.9416 7.6083 3.7815 -5.9806 -5.1982 1.662 
2.6041 2.7986 5.9656 -7.8715 -8.9148 2.2882 3.1142 -8.6406 0.036656 -0.5305 
-5.394 7.9298 -1.1785 -6.5226 7.1076 -9.9315 4.3575 9.5453 -9.2852 -1.662 
1.5977 -1.4514 -6.6085 -9.7033 6.4247 9.2681 5.6683 4.8932 8.354 5.2271 
2.0631 -6.4831 7.662 -4.2871 -7.7361 2.8914 3.2722 0.9703 6.417 -7.4121 
1.9976 -4.102 -9.4251 -9.8526 9.2776 -0.22275 -8.2008 8.2064 -2.5664 8.7596 
-1.0314 -8.8252 -2.8239 5.2402 6.0396 -6.4258 -2.4509 -6.4041 -1.532 2.7907 
-9.2915 -8.7965 7.2846 7.5985 -8.422 -2.2215 3.4714 -1.97 9.5836 -9.593 
0.2763 -9.4668 4.7042 5.9082 4.0346 2.2077 -5.3689 -5.6141 -0.70711 -3.4056 
-1.8454 1.0093 3.12 -4.687 6.0024 3.0408 -7.1815 6.141 -9.0145 2.4913 
-7.8391 1.261 -0.077718 2.4677 -3.7384 7.0658 7.0668 -2.7775 -5.5487 -5.7223 
-0.80249 -3.9081 -8.0311 -8.9465 2.5204 -0.39383 4.5863 -3.1476 -1.8008 7.2861 
-0.98234 5.0902 -4.7418 4.7429 -7.6742 0.96839 -3.4259 4.9243 -9.6273 -8.1423 
1.0228 3.4221 -0.71769 -3.2488 -8.352 -9.7466 -8.3952 4.127 7.0166 -5.2143 
6.1081 8.7968 0.23748 3.6369 -5.803 9.7544 4.8998 1.8478 -4.5889 6.4623 
4.017 -0.29691 1.9297 -3.5602 -6.9227 -9.2512 4.2416 -4.0988 -7.2865 -4.0446 
7.4447 0.36176 -0.58766 -5.7254 7.5678 -6.117 -1.221 -1.4354 7.6153 0.97174 
-8.9562 5.7841 -1.7265 3.253 -2.1097 -1.1851 -5.8148 -5.3385 -3.277 0.86586 
-5.6064 1.4234 0.2637 -9.9766 3.628 -5.1303 7.6996 -4.0569 2.2381 4.8265 
-0.80716 5.3299 -6.864 5.0343 3.112 3.2536 8.8145 -1.9882 -9.5231 -1.1845 
9.1707 8.4033 -5.1528 4.7433 -4.3899 0.39742 -5.0508 8.7852 6.048 4.8676 
5.8009 -5.7939 -6.0868 1.0912 6.5536 4.4118 2.0511 2.6109 2.2257 -4.6884 
-0.96251 2.1623 3.9997 9.9216 7.4793 -7.9005 2.719 8.088 -3.8602 -5.0633 
-3.3314 -0.6855 0.9506 -2.3643 -4.2187 -5.9871 -8.9909 6.4391 -8.2913 4.2066 
-8.8181 2.334 -7.9722 7.0318 -1.952 8.9398 1.73 -4.8835 -9.1473 -0.74775 
4.8181 -5.9382 -3.0496 9.127 6.2731 8.9874 1.8166 -2.2852 7.3133 -7.259 
0.13589 3.552 7.6764 -6.3166 -9.0013 2.9507 -2.3438 -7.4932 2.8934 6.6367 
-6.0015 -9.6537 -7.6873 -4.4595 -8.0676 -9.2348 8.0023 6.2147 -6.1841 6.3067 
-1.4561 -5.4678 7.3942 -6.3696 -3.6864 -7.5329 3.6394 9.1755 -1.8615 2.2163 
-6.6262 8.2893 4.2998 8.7132 8.0667 -4.1205 6.839 -0.11517 1.7153 1.2275 
5.0339 5.3687 -6.6462 3.5862 1.5217 3.62 7.4141 -9.6505 -8.5295 -9.0254 
-2.633 0.66625 7.6564 -3.1229 -6.585 2.8857 0.23629 7.7835 7.4013 8.4178 
8.8364 -8.6324 -8.4549 -0.38472 -8.3945 -6.247 -8.1692 9.3121 -0.11316 4.9119 
-9.6565 -6.0083 4.0615 -0.11318 0.93781 -1.6639 5.266 2.5225 -5.4552 6.6742 
6.5811 -9.7596 3.3902 -2.4379 6.67 5.647 1.3752 -0.89224 8.4178 -5.8725 
2.5318 9.3314 3.7618 -1.3329 -7.1503 -7.7542 0.35217 0.75965 -8.7391 9.8801 
0.77493 6.644 9.7712 7.9532 8.0581 -1.7239 9.0786 -2.5343 8.5092 9.6512 
3.0102 -1.0938 -8.7933 -3.6716 -2.1666 5.5232 4.749 7.7333 -5.4835 3.9042 
4.5326 9.8099 2.4324 4.1961 -7.7951 -1.217 -1.7038 9.1234 8.2093 9.7219 
-8.1102 5.8857 -0.2647 5.9662 -3.938 -2.2305 8.4182 7.004 1.2821 9.3228 
7.5515 -0.22778 -3.9055 9.4023 8.6034 -9.0027 2.3897 6.3544 -2.6573 4.1333 
-9.7128 -7.3882 -7.0799 0.63755 -7.9759 -8.2224 1.0935 1.7649 -4.6803 -6.0999 
-4.1139 -5.7551 9.1101 -1.9791 4.8679 -8.2497 -8.6043 -5.5066 -4.3642 4.319 
-6.4017 6.6222 9.2098 6.8133 -1.4627 -6.4922 6.5292 -5.6227 8.3305 7.7003 
8.5259 -3.5243 7.4767 -6.675 -4.1965 2.301 -8.6724 -3.6743 4.8686 -3.6211 
-8.6364 4.7754 5.0017 -0.51488 -4.6253 3.152 -1.4089 4.7519 -9.0622 -4.7725 
1.6219 -6.8025 -2.4022 -6.641 9.8344 -7.2018 6.7669 -0.68263 6.7706 9.8212 
2.743 4.6294 2.3572 -5.7283 -3.7017 4.2138 -3.1811 -4.7244 8.9793 2.2513 
3.0254 -8.9261 4.208 -1.095 -4.9629 9.5032 -6.1919 -2.8483 -3.9685 -8.2793 
7.2924 4.2878 -8.8342 -0.21094 -1.1039 -6.9521 7.0601 -4.7425 -1.8341 9.4732 
-8.8809 -7.5653 1.301 9.4562 7.8003 -8.1425 -8.7145 -4.8312 9.3569 -4.765 
6.3371 9.6809 0.90099 2.9267 -8.4636 -5.4484 -2.9023 -8.9142 -5.8003 2.0249 
0.57845 1.862 9.4786 9.2486 -3.6866 -8.2284 0.82901 2.8181 -2.5524 -7.6092 
3.887 -4.6091 -7.6343 5.4433 8.3846 4.1484 -5.8193 7.7771 -4.265 6.1171 
-5.7519 -1.3599 2.6911 8.0985 -4.4678 9.4227 9.885 5.2563 9.8727 7.2346 
0.8656 8.6102 -7.051 -9.5057 2.475 -2.1071 -4.2735 7.6853 -1.6383 -8.2944 
4.0504 0.15771 -5.7129 8.6334 -0.16456 -1.1428 7.4996 8.9276 -7.3294 -6.5921 
9.1287 -8.718 -9.31 -5.1919 0.12856 6.2872 -2.6097 -4.0725 -9.3403 -2.8293 
-1.1092 3.1822 5.482 -6.7747 -3.4142 9.074 -2.1989 -6.9266 7.649 0.79817 
-8.292 -1.0166 -4.8467 9.2263 -9.6907 6.7179 -5.5633 -8.221 3.5135 -5.7578 
-8.8532 -7.0566 5.714 -0.72463 2.3233 -4.2211 -4.7253 0.11587 4.3798 -5.5112 
2.589 5.5046 2.1941 -8.3715 9.6602 6.4833 7.1752 7.7213 -0.77294 5.4008 
5.9236 0.62524 -9.4084 7.245 2.0559 9.8809 -9.6264 -9.3404 6.5258 7.9226 
3.8238 -8.2421 8.1945 -9.4734 0.22296 4.6974 4.3605 1.8451 -6.8626 -9.617 
-3.0938 8.0092 -2.5197 7.7999 -0.12071 -5.8973 -6.4836 -1.5668 -5.6996 6.4733 
8.9363 7.363 -1.7207 6.1193 -5.8007 4.3235 -2.6307 8.1828 -7.3558 1.7898 
0.40381 -8.874 8.4915 -2.2703 2.7709 -6.5812 6.7907 -2.3581 -4.0605 9.6575 
9.0763 2.8011 -0.87196 3.1361 4.7544 -4.3065 6.7759 -9.8366 8.4858 -8.9368 
-8.5281 7.7853 9.3544 -3.1609 -4.9694 -6.0868 9.8712 -0.75969 6.6334 -2.3769 
-5.8594 -3.0455 -6.0501 -5.6485 3.095 -8.3021 3.1157 3.8956 3.6612 -6.0556 
5.5006 3.3344 5.7077 6.9693 1.9045 -5.0515 -4.0448 -9.2382 -3.3937 2.1228 
8.2838 -0.91079 6.7654 -8.2775 0.781 -5.9835 -9.2286 -8.5165 4.031 -7.7982 
5.651 -1.0624 5.4346 8.0547 -8.2671 -4.3815 1.2244 -4.2895 -6.7314 6.2599 
-4.0893 -9.6594 -2.2702 3.3331 9.7805 9.0901 3.6223 5.2652 3.863 -9.5102 
-6.9631 7.2284 8.9663 -6.4713 -8.4365 -2.6377 6.8936 -7.6206 3.5107 4.745 
6.9582 8.7564 0.80744 2.2297 -8.2291 -5.5318 9.3129 -9.9057 4.2265 -8.7451 
5.6971 -0.42452 0.94069 9.8822 -9.6896 5.7275 8.7538 8.8664 -9.4834 7.4109 
-4.5834 1.3966 -4.0635 -3.3311 9.085 -1.9272 2.2407 6.4204 -7.7674 -3.4082 
-5.4438 9.8559 4.9823 -1.0374 0.962 -4.2414 8.3535 -0.77439 6.0585 -4.3651 
-3.5795 -1.9173 -7.6352 0.066025 2.119 -1.5627 4.9072 9.9394 6.8151 -9.113 
6.5912 -5.6032 -6.6933 -8.9008 -9.7448 2.9242 -1.0268 -3.1949 6.4234 -1.8871 
6.4436 7.3299 9.829 1.0428 0.9826 -6.5922 -7.9804 -4.1591 3.563 -2.7796 
1.4137 3.7805 -8.6532 -1.0549 0.11748 7.4639 -2.3592 -6.5721 7.1252 5.291 
1.4366 -6.5706 5.1679 -6.3 6.0613 4.2815 -6.7514 -6.2099 6.0186 -6.136 
-4.2796 -9.8195 -1.3472 -7.6916 0.18264 -6.8011 -2.9541 2.5114 4.5923 4.2286 
3.9827 -6.6185 -7.1699 -7.2898 5.1581 -8.2523 3.1228 3.1678 4.8157 4.922 
5.9252 -5.8722 -8.9986 8.9872 9.5796 -7.6154 -1.8884 7.3792 -8.8303 9.7447 
-1.1682 8.0324 9.3166 0.95824 8.2665 9.927 5.5756 6.5177 -7.8024 4.0729 
-1.0757 4.1828 -5.4328 -8.1995 -3.5013 2.2757 -7.844 -9.3911 9.4053 -5.9196 
-0.68675 -7.3614 -2.2581 6.5305 0.99014 -4.6524 9.032 -5.0917 -6.0186 -8.7038 
-4.4192 -1.4959 -7.04 -0.4791 7.0161 -4.9887 -5.8388 5.7605 -6.8243 0.53835 
3.5075 3.2289 1.6246 8.1779 4.4751 4.9871 9.506 -2.0384 -4.1076 3.8916 
8.0733 -3.5523 -1.344 -6.1003 4.6598 -3.1122 0.08762 -8.0086 8.8464 1.7502 
8.1705 1.9487 -7.9392 -1.2974 8.8281 4.4319 0.14256 -2.975 -9.9018 1.6164 
4.9439 -5.7871 -9.8973 3.7669 3.4648 5.3831 7.0663 5.4929 1.0464 -8.571 
-4.7898 -6.2076 -2.1126 7.656 -0.23244 9.878 -9.1558 3.0878 6.6339 8.9652 
3.7928 -5.8337 7.62 -0.68577 -3.137 -3.6339 -4.5612 -9.6373 0.90839 7.1374 
-7.3634 4.2669 -4.1409 -8.3653 7.3667 -0.52113 3.3446 -6.9618 -1.4959 6.629 
-7.53 -4.9461 3.75 3.6133 -3.161 -5.8644 9.1301 4.4962 6.0624 -3.0227 
-6.1819 -4.5997 4.7634 -8.1778 -2.9894 5.692 9.55 -3.3142 4.3207 9.4285 
-7.0854 -0.36485 8.0717 -8.8761 -5.5226 -2.3562 2.4153 -1.9844 -6.8409 -6.0669 
1.7009 -5.5865 4.4173 9.7552 -8.6423 -5.2969 5.3279 4.6336 9.4749 -5.1573 
-8.5328 -2.9067 2.8774 -5.3237 8.7501 -1.1604 -3.8831 -1.8983 -7.1583 -3.5719 
6.4465 2.7547 3.5475 6.2457 -3.9977 -9.3572 -1.9498 6.0097 5.0318 -7.9785 
4.4581 4.9951 4.6385 -7.1659 8.4372 6.5959 0.69061 -4.8792 -8.6282 4.4984 
8.5172 -0.15157 7.9727 5.7609 -5.5693 7.5521 8.6686 -4.6185 8.8163 9.9011 
-0.14723 2.3478 8.6753 0.7449 -0.97807 8.9185 -5.9271 -7.2027 -2.52 -7.3288 
3.0977 -3.6109 -1.1784 -5.2879 -5.4021 -2.042 2.3715 1.4604 6.9932 -5.9874 
7.8025 -3.95 -2.9775 -1.8166 -0.48436 -2.8294 4.2696 1.8289 -5.1689 -1.2008 
0.77051 -7.1642 8.6173 -6.7314 -4.572 7.565 -9.0555 -4.3021 -6.4675 3.5034 
-4.3559 6.8868 9.0794 -1.1784 -2.9251 9.9852 1.808 -2.4669 9.4005 -4.7955 
9.5192 -4.2369 -8.6272 -1.4634 -2.7269 -6.6286 2.1703 -2.0403 -4.3021 -6.7049 
-9.2715 8.1766 -3.1647 -3.7178 3.1414 8.2642 -6.3588 4.8916 3.7766 9.5484 
-3.4751 -7.7358 -9.7247 8.8376 -4.407 9.7193 -0.26625 -1.3785 -2.3684 -1.063 
9.4603 2.2772 -2.0778 -5.0764 -8.8004 5.8174 -4.9469 7.9057 -5.782 -4.2656 
-2.6993 -4.3219 2.1017 9.9625 -2.6203 6.3903 -8.5342 0.0056733 1.4468 -1.3546 
-3.817 0.16264 -7.0779 -8.8755 -4.7502 1.2548 1.8302 8.1607 5.1705 -4.5027 
-7.5818 0.7775 -1.8756 7.2721 -1.5886 3.3609 6.5723 -9.9004 -2.2329 -6.3728 
8.3153 -8.957 -8.4894 1.7231 -6.0007 2.1918 -4.0912 -5.1258 1.0993 5.7568 
-7.2904 -1.2584 2.3144 1.7354 5.6365 6.6427 -5.3478 5.1708 3.7195 6.7588 
-3.3576 -5.6254 -3.3513 -2.1243 -7.338 8.0992 -8.9553 -1.7921 4.1858 6.6611 
7.9496 8.3668 -8.2974 -0.2907 -3.1559 6.2716 -7.9225 -8.299 -3.6343 -3.6568 
-0.0070244 3.8291 5.0231 -0.063627 -3.7217 7.4364 5.0597 -4.2162 -0.57504 1.3136 
2.3058 -7.6815 4.9347 6.0246 7.578 9.1857 4.5017 -3.6037 9.6412 -4.6147 
1.6627 -2.8075 -5.3712 -1.4206 0.96829 -2.2667 -1.3833 -9.6206 -5.8353 9.2995 
3.9651 -3.8789 -3.7078 2.1205 -8.8665 2.2002 -7.5894 -1.4419 -3.3523 2.239 
-9.4134 -3.955 -6.763 2.6525 6.2546 -5.8445 -1.9951 -2.0244 -2.5048 -9.1767 
0.55765 1.2289 -9.1538 0.51385 3.18 1.6276 -0.14015 5.8398 -5.6885 -5.0583 
-9.3585 5.922 1.0759 -1.9189 -7.6563 -6.3296 -0.13581 -3.0154 -0.49501 1.9253 
6.5428 -0.60103 3.4327 3.7917 -4.4111 3.9373 -3.5397 -2.1068 1.541 -0.22104 
-3.2003 5.8234 9.7511 -1.4954 0.61423 4.5621 -6.6231 -8.367 -4.8168 0.29072 
6.9342 -1.6246 7.9737 -5.226 4.6455 1.2766 9.0207 5.9772 -1.6989 4.9117 
-5.0786 4.7906 -7.029 5.4888 6.5271 -8.6527 0.65665 -0.43795 0.58419 8.2946 
1.6298 -2.8495 -8.2313 -6.0013 -5.4117 -8.922 4.7874 -9.1307 -0.060793 -7.4903 
8.7535 8.9964 -2.948 -3.3322 8.4517 -0.55313 0.19597 4.063 0.77349 0.6014 
-9.0443 5.0029 7.0132 -3.0785 -2.6509 -4.3697 7.4748 8.5566 -4.0804 7.2094 
-8.9204 -9.6085 4.0652 -1.2144 -9.239 6.934 1.851 -0.67252 8.7626 6.8764 
-9.5876 5.1033 -6.7381 6.8099 2.9778 3.1476 1.6781 3.2522 -3.1214 4.1621 
3.6296 8.236 -6.0422 5.9626 6.3559 9.3117 9.7944 7.7151 7.1769 6.1461 
1.9726 -3.0449 8.7509 3.3153 -1.5789 4.4087 -5.9529 -6.4943 6.4896 -4.6167 
-7.7194 -8.5743 -4.7523 -4.9329 6.1 -3.6141 -0.31512 5.9967 1.3119 -4.8625 
5.9249 7.1018 -9.1849 -3.0149 -5.8627 9.4977 -9.0153 1.0959 8.3554 -3.6789 
2.357 -8.1129 2.9765 -0.89581 -3.7765 0.94256 -2.1863 5.7371 6.4099 -0.85485 
-8.5957 0.99136 -2.2657 4.1345 7.4521 0.76322 -3.4892 9.4389 -3.7638 -3.5763 
-8.6144 8.3105 4.0909 -0.01875 1.7347 6.4319 2.9795 -7.536 5.6526 -2.3218 
-7.2799 0.44023 -8.6156 -3.0318 5.0361 -1.4269 -2.383 -8.2219 -7.1108 2.0655 
5.7778 -8.9607 8.6207 6.1294 5.1002 9.8909 3.7467 1.5838 7.1202 9.7618 
-8.152 -1.1818 -4.9013 -6.5375 -9.4395 -6.8255 -3.6277 7.6166 -0.075254 -8.8544 
-5.2426 3.8238 3.45 -5.7018 2.8449 1.8599 -7.8244 -1.2897 8.6788 7.2661 
-5.127 -4.7724 -4.9516 6.9076 3.8578 1.3485 7.6108 1.7995 6.2747 -2.4533 
-7.9036 7.9182 8.889 -1.3355 -5.3564 -4.3054 8.7495 8.3271 0.7806 -8.7532 
7.1671 -0.80575 -3.4732 8.8007 -4.1905 7.8536 6.7234 -6.6776 7.6879 -7.6632 
3.964 -5.3596 8.7352 5.6477 -5.8879 0.38398 8.6728 8.5027 -0.024076 -9.2128 
4.6748 -6.0811 -4.7706 6.5616 6.8632 -3.0132 9.6495 1.3206 1.3135 7.9792 
3.0106 6.9939 6.8455 -4.4941 -8.094 -4.6416 -3.8818 1.8616 1.9314 -9.7912 
0.32541 4.8322 3.0124 -2.237 -6.1859 -7.4327 6.9693 4.389 -3.5224 8.5427 
-3.4722 3.2443 2.6907 8.6719 5.2616 1.3118 2.2795 8.1305 2.2199 -4.1991 
3.2355 -7.8582 -4.0369 -1.0813 -5.7028 9.5216 -0.033669 7.7818 8.9033 5.4571 
-7.6487 6.7235 3.0645 -4.7365 -9.0628 -8.7655 7.5968 -7.2853 -2.2613 -3.9146 
-7.0437 -0.90169 9.5844 4.742 -6.4276 5.089 6.0939 -5.0833 -1.6557 7.5905 
-9.6047 3.0126 4.026 1.1102 -1.2572 -3.9467 6.1138 -2.6843 -8.966 -5.007 
9.2858 8.0885 -2.9221 0.15444 4.0313 -8.8685 -8.4536 -3.1258 5.7837 -4.0089 
9.4075 -7.7859 4.8056 -3.0667 -1.2668 -0.28184 2.6339 7.103 -1.3671 -5.2088 
-7.5228 2.0766 -4.098 -9.9098 -3.3457 9.6371 -8.1451 4.0847 3.8074 -1.1222 
-0.6518 -9.6724 -0.59717 -4.346 -0.28077 2.0445 -6.5335 3.3137 3.0256 -5.6539 
3.1339 -8.1758 5.1694 6.9052 -9.7804 6.3889 -4.2363 0.4835 4.3803 -0.60985 
-4.1963 8.1134 0.81429 -3.7037 -8.9228 -1.6211 1.2792 6.9286 -2.4117 0.56979 
5.0907 0.95238 6.1615 8.8264 -2.8541 6.9824 -5.1035 -7.1565 2.1394 -7.7408 
1.1624 2.8841 -6.9844 3.3653 5.3793 -7.1788 6.3412 -1.3509 2.9066 -6.126 
-1.4441 -5.2825 -5.9838 -9.7949 2.2869 1.135 -8.602 -7.3219 -3.6052 -7.1229 
-4.6561 2.4115 5.2864 4.7322 1.6786 9.2218 8.095 -7.8526 9.9907 5.6883 
5.0747 -8.4204 -4.0556 -2.385 4.0915 7.4965 4.6388 -1.9311 1.5469 6.5951 
7.9675 2.915 -0.053272 9.9798 0.20365 -4.2416 -6.0006 -2.5912 4.7812 -0.25864 
4.5689 -6.474 2.6026 -5.9464 1.526 -2.7011 3.3648 -2.9605 -9.2755 6.135 
-1.8634 2.3785 -1.5152 -7.0048 9.3128 -0.44912 0.72007 4.7063 -5.8699 -3.6672 
8.7663 9.4065 -6.1278 6.0222 -7.0513 -3.0107 -7.0606 -3.862 6.4034 -0.23795 
-4.8915 3.3839 -8.6336 9.3076 5.5084 -2.4041 -1.4381 -3.7067 -7.1932 9.8347 
0.66326 -3.3638 -7.8272 8.4277 3.7919 -3.8652 8.6438 -9.085 -2.7785 9.1387 
9.0951 -0.84226 -1.2314 5.3828 -7.6351 -8.6227 -6.2258 -6.1843 -3.5285 7.5877 
-4.645 -9.501 -2.225 -1.3382 5.1815 -1.2023 -5.8457 6.2933 -9.3697 5.3006 
-4.9983 0.46209 -4.9624 -8.9423 -3.3298 1.1966 1.6635 9.5943 -4.1148 -0.69534 
8.5535 9.7838 2.8399 9.2006 3.5343 6.1143 -4.4377 -2.2902 9.4726 9.3964 
-8.6284 4.4673 2.9473 -6.8837 -2.0457 0.27532 5.5872 4.6583 -6.8808 -8.5691 
-4.012 -2.0611 2.443 -7.1913 -7.3296 -6.129 -5.3235 7.638 -0.22224 5.3347 
1.8317 1.8146 -9.3952 4.3014 2.3329 -1.6219 -7.2906 -9.7303 2.6148 3.6774 
-5.934 1.4636 -5.0241 8.912 5.9303 -0.50109 5.4141 4.5565 1.1932 -8.7749 
2.7177 0.15349 4.262 4.8985 1.7724 -3.1365 -9.9629 3.6905 -1.0411 -1.2982 
5.9674 -7.0891 4.6696 1.2227 1.2951 -0.93358 7.8354 1.2888 -1.8113 -4.0538 
0.034021 -4.181 7.7687 -7.0928 -6.3825 -8.4513 -8.1738 2.3454 -7.4245 1.8619 
3.0162 0.022881 0.77835 2.6818 0.23058 5.9521 -9.8034 7.6428 1.1406 3.19 
5.9191 -7.1626 -6.1686 2.5513 9.295 -5.7437 5.862 5.8559 -3.148 4.1357 
-5.3325 -1.8723 5.4498 6.9654 0.94568 -6.8605 -0.69709 5.0554 1.0249 4.2496 
2.0168 1.8621 2.3671 8.0559 1.0872 -2.7182 0.00049767 -8.8432 -9.6621 -9.2366 
-7.7508 6.1876 8.7699 -7.5721 -6.1237 1.171 -9.4227 9.9069 5.7199 2.4094 
0.31531 -0.58802 -0.16217 -8.4071 -4.6092 -3.8375 5.7348 -5.7093 3.4581 5.3019 
6.7568 3.4824 -2.9141 0.83107 8.5902 -0.64981 -1.0344 5.3452 7.8461 1.5157 
8.4158 5.1436 6.2848 6.869 -7.9399 0.43582 4.3521 9.6831 -8.5163 2.2067 
-0.035441 -6.358 -3.5753 -8.9015 -6.328 -8.941 -8.1466 -6.9193 7.451 1.6446 
-4.4478 2.3928 9.5236 5.9531 -5.1385 -7.7414 9.2629 -6.9126 5.5633 -2.6071 
3.0504 5.3985 -2.4333 -9.7625 4.8931 -6.2734 -5.1447 -3.7635 -2.861 -8.4525 
8.346 -1.5783 -8.1451 -4.0923 -5.1215 2.2434 0.99078 -7.0343 6.863 5.9381 
0.19679 -1.2202 -9.5793 -5.6043 -1.7709 9.7155 -7.4139 6.0876 2.9438 -0.72691 
9.4838 -0.2244 0.58494 9.6017 -4.7056 7.2159 -9.8556 0.34745 -3.7586 1.7887 
-6.0544 -5.6633 -8.062 -8.1469 -0.59517 -3.9222 8.8426 -2.879 1.4301 -0.21375 
-7.7763 6.6582 8.2967 4.4329 -2.3147 -6.256 0.39656 -4.5807 5.7849 -9.7616 
-4.0529 0.030878 4.4713 6.1153 -5.8242 8.2554 -6.5359 1.8708 -9.3704 -0.79023 
-2.0716 -7.9454 -0.83969 -3.1113 -8.4523 -4.7678 -0.78079 1.9045 -5.0346 1.5874 
-1.5849 -2.7128 -4.5823 9.2208 8.8173 3.4134 -2.4289 -6.3529 -7.4607 3.1325 
-3.7705 6.416 6.6273 5.7506 0.4416 -4.4506 1.4242 6.4092 -2.5625 3.1523 
3.8769 -7.5431 -8.8522 -0.73532 -4.3951 -7.3137 -7.9128 -4.3359 5.7744 2.9494 
-8.1626 2.9872 1.1066 -1.7522 -1.6616 -8.3727 -3.2272 -3.3492 3.1696 9.3799 
-1.9582 4.7325 1.8958 -9.7809 -4.7083 -1.303 -6.0725 -7.8655 4.2746 -7.9271 
-4.0964 4.2133 -3.8599 -2.3613 0.49252 -3.5994 -5.2455 -4.9895 -2.3406 -6.1044 
-3.8701 -7.8933 -2.6807 -9.1023 -1.884 -5.1692 -4.6676 -7.4306 3.004 7.2158 
-7.8888 9.1721 9.8742 6.8506 1.0719 8.4282 -0.53886 4.8116 4.2339 9.7115 
1.8766 -1.5261 2.3435 -8.7887 -4.5857 -6.3434 9.5764 0.49057 9.0369 -3.0907 
-4.3454 1.2023 6.3341 -6.5388 5.8463 0.05709 -9.8953 -8.1081 -2.4873 4.1828 
-6.8956 -8.0243 2.0172 9.7757 -9.3622 1.984 5.0104 1.4637 6.1246 5.3301 
-9.9868 -0.33765 -8.9155 -3.1597 3.6125 -1.0772 8.121 2.9441 -9.8671 6.1467 
-4.3281 -6.9275 -8.81 0.67812 7.4517 -4.6832 -8.5414 8.8254 7.2612 -0.68986 
1.0162 -3.8306 -1.3139 8.8153 9.8358 -3.3713 3.2078 -8.4512 -7.4539 -0.59954 
7.418 -7.3817 3.7429 -9.2332 5.9352 -5.6367 -1.7722 1.079 -8.6372 -3.657 
-9.1549 -3.1296 3.4668 -6.5185 3.0135 -5.426 -9.8764 8.6947 5.8021 -3.7393 
8.0944 3.2612 -2.8157 -6.6026 0.70199 -2.4576 2.1243 -9.6444 9.2411 8.4804 
-7.3805 0.32405 -0.17357 5.5431 -4.252 5.5798 -5.6521 5.329 7.1478 6.6234 
6.6746 5.9333 -6.5392 -9.3202 -8.0315 0.39698 -6.273 8.9564 9.4014 1.1559 
6.0094 1.5319 -7.7613 -0.19259 1.7978 -7.2153 -9.3654 6.1903 9.946 6.7908 
8.3576 -8.6625 1.4865 4.9393 8.2863 2.6391 2.1548 7.2454 3.6357 7.8173 
-7.2539 -5.0304 -2.5695 5.3339 -2.5757 5.309 3.8753 -9.7448 -9.8472 7.6263 
0.094646 8.1736 -2.8511 -3.8709 -4.317 -0.94164 -4.0358 -2.0231 7.1727 1.9177 
-1.9008 7.7902 -8.092 -6.0596 -5.5453 2.8577 -1.9111 3.2847 -4.6058 -2.9395 
-6.5286 9.7961 9.6996 0.027256 -8.9373 7.2849 -9.7733 -7.4173 -5.9621 -0.27114 
1.5037 -3.5269 -1.5367 -9.4115 7.9647 -6.6402 0.28336 9.0675 -1.8247 5.9713 
2.1244 9.7484 5.3114 -1.4231 -6.0117 2.3757 2.9006 5.7961 5.0914 -8.2276 
-5.7111 2.2773 4.9056 1.6455 4.2854 1.4427 6.5566 -1.7509 0.34604 -9.6022 
0.39865 3.0416 7.3231 -8.5879 4.6271 -6.7902 -1.599 -2.4472 8.767 1.3719 
9.7837 2.0269 6.1878 3.6422 -5.4215 5.7321 0.97311 -3.694 -8.6491 -2.2535 
-0.2017 5.9559 0.43232 7.4443 3.7674 -2.2169 -4.5317 -4.7867 -7.8348 3.476 
3.8975 2.2089 -4.8766 -9.0235 5.2416 7.0985 3.0908 2.0289 -5.7946 -6.5738 
-1.7716 -2.4552 7.661 -8.5911 -2.9989 7.6342 -8.4425 -8.0617 3.7957 -7.1824 
-9.3045 -6.5071 6.9581 -2.5934 -5.0884 1.0515 3.8008 5.4696 -2.7043 -8.6629 
-4.1434 -8.8017 -9.5844 -6.3555 -5.536 3.9754 -3.4403 2.542 -3.4694 -8.9956 
6.0288 -6.9529 -8.7992 -8.7369 -5.0638 9.9793 -0.37473 7.044 -5.7416 -7.288 
-3.07 -2.3316 3.7856 -3.4673 4.6173 -4.2592 3.1957 7.9385 3.3993 -3.6211 
-8.3337 -9.7383 -4.7858 7.2113 6.0873 4.1997 0.14135 3.1162 7.4976 5.1589 
0.22213 9.3075 -9.5814 1.9039 5.5365 -2.0997 -4.7088 -1.5163 -6.0193 -4.7108 
-2.6633 -3.6363 1.8347 -1.5919 -6.7518 4.0014 0.58396 -1.41 1.2852 -2.3008 
4.7896 9.1121 -9.2081 0.040383 -3.0565 4.5526 2.6426 -0.80209 -7.7958 -5.5034 
0.4948 -9.4208 -7.9463 -2.9959 -9.386 -9.5779 4.3589 -1.6523 -2.5179 2.8408 
6.0904 -2.0564 -2.7763 -7.4225 -9.3003 1.794 -6.2595 -4.083 2.4938 1.6645 
6.3382 -4.4438 -9.8413 0.70495 -0.4 -1.1992 -8.2266 6.1406 -5.2343 -9.6511 
-6.2106 -2.7629 -0.70662 -2.05 -9.5189 1.6828 6.1005 -9.8317 1.1022 4.1401 
-7.5261 5.6091 -7.6649 1.9485 7.5371 -4.2105 -4.2599 7.0761 5.9398 -4.8899 
6.4199 -1.0867 4.3707 -3.1366 3.5672 5.8193 1.73 -1.6115 3.3508 -5.3696 
2.758 -8.8538 3.3513 -6.1714 6.3861 -8.292 -8.6225 -5.9466 8.2373 5.3747 
-9.6776 -9.0401 1.1841 -9.8988 -6.0815 2.0014 0.79795 0.68684 -8.4143 2.7462 
7.9191 0.6163 1.3446 -7.338 -0.85977 -0.75651 7.9603 -6.4569 6.1098 0.422 
0.3075 5.3354 -0.66741 0.73421 -1.0206 -0.56511 -1.7727 2.5634 -0.42628 -2.4058 
0.89044 2.2926 -2.5844 -6.8596 -5.4226 7.6141 -2.036 -3.8147 -3.6451 4.0685 
2.1288 8.6487 -9.2991 -1.448 -7.7829 5.1476 5.2572 7.92 4.5476 -3.9384 
5.2087 5.6315 7.2969 8.4316 1.6907 -8.9687 6.224 -2.6422 -5.0076 -7.8113 
7.1069 5.0981 9.2139 6.5391 1.576 2.7749 0.68547 7.06 -5.4711 -2.3733 
-2.3426 -3.4757 8.1994 9.7223 4.8576 5.7946 5.7311 1.1065 4.194 6.3309 
-8.307 0.43963 5.1035 7.123 5.4548 -8.3162 9.9823 3.6535 9.9021 4.0751 
4.6775 2.9116 -4.2838 -5.9776 0.55216 8.9249 9.5342 -4.3601 7.8204 -6.7279 
-3.3602 0.22477 -3.4022 -3.4787 -2.8386 5.6842 -0.33189 -1.6603 8.1283 5.2845 
6.795 3.242 -0.58344 6.86 -3.2031 -5.4639 -7.5928 1.1969 -5.6771 8.5114 
-2.5655 -5.3738 1.3844 -8.6528 8.037 -2.479 -1.6639 6.6847 0.98608 -5.7677 
6.5643 9.6514 2.0547 5.9417 3.4814 7.1964 2.71 -8.5505 -3.5122 -5.8803 
-6.4696 -8.2816 -5.2389 4.2248 -3.485 5.0587 0.85927 9.3233 6.8335 -3.6535 
-7.4096 -1.7464 1.528 -2.8629 7.1883 -3.1369 -0.14892 -6.1506 -6.4463 2.0297 
7.5977 9.7057 -2.6324 -1.8048 4.0703 6.0581 -0.95348 9.2823 -4.5745 8.0724 
-9.1184 -0.29482 -4.5677 -8.6793 8.3887 1.9312 2.1758 9.4358 9.4914 -5.0879 
3.7344 2.2374 9.7101 6.7371 2.1563 -7.9495 -2.2721 5.3549 9.4105 -8.7785 
4.6755 -9.7756 2.9584 -4.0601 -3.651 4.7493 -9.6351 -1.0012 -6.7264 2.5877 
-1.2566 5.371 -2.1795 7.9379 0.17082 -9.7408 -0.82649 7.8951 -3.0225 6.8933 
-2.4032 4.8312 -7.6826 -3.87 7.2532 8.6777 -6.3855 4.9986 4.9351 -0.15414 
9.5931 -5.6531 -3.8325 -1.8689 -9.8437 -5.4193 4.1899 -6.6798 -4.0328 7.1103 
-2.0201 -2.0536 -9.172 7.1351 1.748 3.0016 -4.0052 6.8785 2.1741 -4.657 
-1.1963 -4.7487 -2.3952 -0.4664 6.9758 2.7071 -9.5616 -6.8058 7.241 -6.1521 
-6.8638 -8.4272 4.474 0.077881 -6.9854 2.484 -7.5082 -8.2445 -4.2986 0.12565 
-3.4793 -5.5976 5.5391 3.6361 -3.2913 -6.5914 0.091582 3.4734 4.6122 3.2933 
-3.7188 -0.3003 -7.9904 -4.4239 -5.8416 9.5133 8.9285 3.1991 -4.5841 -6.349 
7.89 0.30592 8.3984 6.4126 0.12725 3.7958 5.1897 1.2836 5.6272 -4.7713 
-5.0595 6.7802 3.7431 9.958 6.1592 -4.5082 2.098 4.6154 8.8029 -6.2169 
-3.7864 -1.737 -7.7104 5.0356 -9.5458 -6.1837 3.9335 5.0486 -3.3041 7.0894 
-1.8226 -1.9565 5.1768 8.6529 9.3012 0.29864 9.1462 -8.5178 6.8071 -2.0596 
4.1602 9.0537 4.9381 4.2409 -3.0693 8.2183 8.8669 2.8193 -6.5044 5.8052 
-7.1272 -3.298 6.3544 2.8784 1.7382 6.3041 -4.3165 -7.256 -2.0042 -4.488 
7.4264 -7.325 1.9973 8.5194 -4.1215 3.5984 -5.6749 4.4321 -9.7813 -3.452 
-8.3369 3.9087 1.3574 5.2136 -7.442 7.0231 -0.79421 -4.2738 9.751 -6.1466 
-0.76524 8.4555 6.494 -6.8399 -9.9656 5.0712 -5.5933 6.384 -4.2696 -9.6821 
-9.3922 -0.24951 9.3164 6.9406 -6.3668 3.2204 4.3646 4.736 -7.7743 8.9907 
5.064 0.11385 -9.041 9.6271 -4.5823 -3.3954 -2.5061 2.8736 8.8619 0.24903 
4.0009 -9.9075 -6.7627 -0.26308 -7.5228 -0.52087 -2.5426 8.361 -7.9334 4.7066 
-5.7098 -6.2306 6.6121 8.6527 4.7639 -8.8972 -6.9113 4.7406 -8.5421 0.41747 
3.5981 5.5928 -9.7909 0.65308 6.1825 -5.0213 -6.7572 3.6921 2.8341 -3.7612 
1.1459 2.2165 3.1526 3.9967 0.6786 4.8249 -2.2404 -1.3855 -5.716 9.8488 
7.0136 5.8491 7.0614 3.6881 8.0217 -8.3398 -5.5006 5.2871 3.9683 7.7552 
1.1713 6.758 -2.6098 9.2389 -8.1344 1.1908 6.731 -2.3942 -7.2851 6.4661 
8.0355 3.7472 4.4347 4.2909 -8.1376 9.137 6.8809 -6.2429 -4.5605 5.4425 
-1.6096 -8.3713 -2.2584 4.8403 1.952 8.8706 6.5337 -1.4715 -0.2789 -2.2751 
-2.8374 6.1228 8.6198 -4.3552 5.5074 -2.6374 5.2314 4.4227 -9.7981 -3.4355 
-0.22025 -7.3045 -0.55771 7.4036 7.111 -6.7875 6.0919 9.5108 -9.6265 7.0158 
-4.8808 1.3983 0.48982 -7.5459 6.458 -8.1954 7.5849 -5.2362 -5.159 4.6059 
8.5834 1.4938 -9.2904 -2.1721 -4.1069 6.2375 -7.4265 6.1949 -4.8337 -0.5796 
-0.66486 -9.6779 -5.5656 5.4503 3.7136 3.6219 7.9241 2.6953 -0.11264 7.9918 
-4.9198 8.6966 6.1633 6.6839 -7.4936 -0.91502 -2.1413 -8.9718 -7.2519 1.8515 
-1.3756 2.2956 -7.7861 0.16759 3.0465 1.4852 -5.4872 7.1687 -8.9783 2.3887 
4.0506 3.3715 -1.1868 9.9653 -4.5435 8.1855 -0.14234 2.7141 8.5417 5.3372 
-1.9534 -1.5645 3.5302 3.2853 9.1342 8.0783 0.35483 -4.0767 1.858 2.2389 
-6.3632 4.0553 -0.79227 -8.092 -1.6942 -7.5259 -5.0194 5.6775 8.8543 7.6733 
7.125 -0.58607 -9.5916 3.8974 1.6538 -8.169 3.3745 3.3853 7.2693 9.6151 
1.684 -1.8221 3.8092 2.1505 4.0314 -4.497 -8.9098 -0.2423 2.8635 -9.4033 
-2.5284 9.7727 -5.4559 -2.5658 -4.2459 0.38817 -1.2757 9.6542 1.8688 2.9271 
-5.5661 -0.29499 -5.6461 -9.6149 -7.3163 -2.9812 6.7442 4.349 8.29 0.032589 
-5.6201 -7.6547 -8.3981 8.6273 7.2335 2.3762 -2.7237 -7.4742 -8.0273 -7.9811 
0.44465 7.1617 0.81084 -5.5885 -3.8517 7.4744 4.8535 7.678 7.0904 -6.2932 
-1.3315 -3.1605 1.8827 -8.1934 6.8086 -9.7763 -9.1143 -0.12006 1.1802 -6.9565 
4.8261 -3.6724 -8.512 0.93254 0.85411 9.2758 -8.9924 9.9906 -2.0654 3.6216 
-8.591 -2.4495 -6.3559 -1.3381 -6.812 6.8827 -1.489 -0.40826 -6.6705 -7.0629 
6.9467 7.3976 -1.7478 0.58513 -2.082 -8.1499 6.6547 -2.4858 -8.49 -6.457 
3.5976 0.62867 -6.6445 7.9104 -8.5602 7.73 -1.2866 -0.33857 8.2026 -7.9044 
-7.267 -9.4969 7.648 -8.5982 -7.1631 0.18199 8.5105 -7.5972 -0.42117 0.040902 
7.168 -5.0329 8.2093 -8.4573 2.5002 8.4036 -7.0927 3.7702 -1.078 -8.9586 
-6.0033 4.4736 -1.3866 -6.057 -9.0204 -6.0589 -0.31782 4.9517 -3.763 -0.31852 
2.1468 -1.3524 -7.3849 2.8095 -7.9051 4.3849 -8.7481 -2.2113 -2.0527 -1.1464 
0.8609 -4.771 0.13868 -3.5935 -5.964 3.4917 2.0278 4.5781 -2.1493 5.8428 
-6.7535 -6.2118 5.9164 -7.9395 1.1061 3.6057 9.6996 7.0619 -2.6329 0.78697 
-9.8869 -5.7104 1.9861 1.2093 0.9677 -9.2567 -8.3251 7.9289 -6.8903 7.9843 
5.4297 -0.10211 3.6079 -1.4235 -1.7234 6.1882 5.7196 -4.8875 -5.2416 2.9946 
5.2958 -9.34 -0.66377 4.201 -2.3448 -3.353 9.9842 1.0591 -7.4612 2.4998 
-1.5786 -2.5475 4.2406 3.1503 -3.9082 -9.0996 2.5795 3.2146 1.4277 -7.5553 
-8.8637 -2.8665 -4.216 8.9963 9.412 -8.4285 -1.4129 3.8906 -6.3448 0.29565 
1.7149 -4.5059 -9.4295 1.1002 6.6536 2.2937 8.5573 9.209 -1.9719 -7.4266 
-6.5169 -4.712 -0.023084 -8.1054 5.3346 -2.0087 -2.7517 -1.6858 -6.2669 5.5607 
4.5722 4.8903 -6.0938 -1.4144 -6.5328 9.2239 7.3919 5.2414 7.8546 -0.10599 
0.68582 -7.3663 9.2765 -3.8 -9.6626 9.6672 -4.9408 -8.199 -0.72774 1.7538 
-4.9387 6.0617 5.2619 4.5936 -6.5309 -3.3825 -4.2629 1.6524 2.1844 2.1022 
8.3411 -3.9119 2.2559 -6.0548 -1.2521 -8.237 -1.6747 -8.0934 -0.94835 -6.6477 
5.1639 -3.1431 -2.274 -6.8579 -7.3525 5.2622 5.9146 4.017 0.25716 -8.1671 
7.7406 3.1868 8.228 -5.4563 5.9082 -1.9596 0.31942 6.8758 6.3826 8.5433 
-8.624 -9.2207 0.71702 -5.8019 4.4977 -9.9556 -2.0016 6.1939 -8.1447 1.0226 
-6.3294 5.4429 4.9919 -2.0561 -8.2252 6.7065 1.1058 -2.0635 5.286 -3.7067 
4.7415 3.8017 -1.8426 -9.9337 -8.5486 -4.0857 -9.337 -2.9739 2.6403 -8.5719 
3.9343 8.5449 -3.1773 2.8823 -9.5981 -1.6046 -1.0052 3.7334 -3.3354 -4.3217 
5.5399 -8.7596 4.938 1.0973 -0.76202 -7.0359 4.4036 -5.4635 0.14506 3.4674 
0.038068 3.7493 6.1009 8.3865 -7.4807 -6.8249 7.8881 -6.8525 8.1818 -9.1833 
-1.4901 4.5139 -2.1201 0.68102 5.0046 2.1252 -0.32661 -4.5334 5.8749 -4.9253 
2.2247 6.9306 5.5018 -6.8892 2.8849 1.322 -2.7561 -3.9198 -2.8654 5.5664 
