-0.15697
1.0301
-0.90353
0.90574
0.6335
-1.0678
0.90796
0.89895
0.26632
0.2314
-0.43385
-0.2131
0.20724
-0.32553
-0.28036
-0.77147
-0.91514
0.87517
-0.45695
0.19501
0.19475
-0.11481
0.60241
0.72436
-0.30065
-0.76125
-1.0667
-0.86763
0.038604
-0.32395
-0.92908
-0.036462
0.84146
-0.20516
-1.0476
0.071723
-0.74842
0.61174
0.48571
-0.044503
-0.8036
-0.52756
-0.68841
-0.40447
0.016614
-0.25397
-1.0626
0.13798
-0.89958
-0.89967
0.90742
-0.36824
0.10256
-0.32926
-0.89246
0.1402
0.23395
0.17396
1.0116
0.89333
-0.89567
1.0863
0.064505
-0.7654
1.2377
0.18135
0.79115
-0.81453
-0.62518
0.8638
0.23622
1.0447
-0.037919
1.0593
0.50329
-0.058238
0.24
1.0507
0.66854
-0.61823
-0.26409
0.36235
0.90492
0.84392
1.0625
0.94155
-0.68973
-0.97227
-0.77437
0.90483
-0.7854
-0.56056
0.52319
-0.68439
0.62231
-0.99331
0.84304
-0.78832
0.3819
0.17241
-0.52447
-0.34199
0.52587
0.62194
-0.49315
1.0238
0.9257
0.0065902
-0.50488
-0.93686
-0.96316
-0.79326
0.78654
0.88843
-0.73946
0.27653
0.63265
-0.54728
-0.90263
-0.86378
-0.95794
0.20552
0.57828
-0.82796
0.10831
0.72776
-0.828
-0.88438
1.0591
-0.40301
-0.82494
0.90375
-0.064513
1.1247
-0.73194
-0.9481
0.80118
0.89935
0.92091
-0.71922
0.64635
0.53113
-0.24055
0.23997
-1.0021
-0.71659
0.78344
-1.1291
-0.021369
1.0151
-0.96858
-0.204
0.83909
0.34372
-0.14533
-0.077124
0.19173
1.0423
-0.69046
-0.95947
-0.78553
-0.77079
0.8822
-0.84721
-0.96579
-0.88845
0.57346
0.36808
0.97725
-0.80985
0.60081
-0.2158
0.20052
0.17591
-0.088256
-0.46865
0.10519
-0.94927
0.27509
-0.9608
0.88854
0.7892
-1.0767
0.13641
-0.49906
-0.16142
-0.54194
0.69946
-0.59609
-0.69029
0.76572
-0.6453
-0.1635
-0.73862
-0.88647
0.77195
0.32839
0.14328
0.20066
-0.29711
0.24772
-0.74776
-0.095043
0.40734
-0.18257
0.6168
0.90734
0.81976
0.6745
0.9928
0.5101
0.77506
-0.69895
0.75335
0.77465
0.41375
0.75029
-0.33769
0.74991
-0.99457
0.68496
0.89919
-0.97569
0.090463
1.2068
-0.23861
-1.0815
-1.0901
0.86263
-0.9041
0.89308
1.0453
0.94067
-1.0282
0.63115
-0.83066
0.72855
0.60765
-0.9299
0.14668
-0.91525
1.1993
-0.22197
0.017595
0.58009
-0.97127
-0.15955
0.9928
0.93106
-0.67365
0.15665
0.70708
0.36635
0.79002
-0.26566
0.58103
-0.23443
-0.84241
-0.43026
-0.17945
-0.05368
0.91571
1.036
-0.47075
-0.97921
1.0817
0.32629
-0.6273
-0.55661
-0.8075
-0.86302
0.045777
0.15056
-0.66126
-0.80474
1.0278
1.0672
0.13314
-0.78276
0.32946
-0.15633
-0.81098
-0.0724
-0.33092
0.83762
0.7643
0.68313
0.77438
0.014681
0.70631
-0.014285
0.84445
0.88337
0.03868
-0.18675
-0.24221
-0.2292
-0.76488
-0.04492
-0.64811
-0.58638
-0.52916
-0.22494
-0.93144
0.44056
-0.76482
0.15374
-0.018333
-1.0289
-0.51416
-0.070648
0.12163
-0.019551
0.0456
-0.24329
-0.68574
-1.1035
0.43608
-0.86846
-0.98608
-0.23907
-0.7349
0.47905
-0.40508
-0.69328
-0.84739
0.51436
-0.94325
0.18161
0.58856
0.76226
-1.2138
0.18014
-0.2342
-0.45333
-1.1654
-0.4771
0.12251
-0.085468
0.13863
0.4216
0.88683
-0.44295
-1.2474
1.0518
-0.87981
0.73693
0.54773
-0.87739
-0.17735
0.63509
-0.83604
-0.13237
0.68171
-0.73124
-0.17788
-0.11489
-1.042
-0.59828
-0.34341
-0.1286
0.85312
0.88193
-0.18314
0.14693
-0.48646
-0.75936
-0.16408
-0.61168
0.60863
0.27179
-0.46717
0.068836
-1.0947
-0.15488
-0.96777
0.89928
0.85056
-0.74828
1.0137
0.98959
0.96193
0.75923
1.0243
0.074697
-0.1101
-0.98243
0.035031
0.9615
-0.93023
0.94362
0.92888
0.15462
0.9141
1.1196
0.20055
-0.91509
0.31574
-0.50167
-0.19046
-0.89837
-0.9445
1.0123
-0.56889
-0.73055
-0.70343
0.30575
-0.30183
-0.81921
0.34077
0.64683
0.078012
-0.93189
0.014512
-0.81219
0.075849
0.5716
0.28312
-1.0114
0.69229
-0.60444
-1.0333
-0.96892
1.0999
-0.56556
1.0533
-0.92838
0.49823
-0.84461
0.95612
0.24454
0.59442
0.29029
0.26073
0.86027
-0.2981
0.89801
-0.32679
-0.71188
-0.85826
1.1132
0.61785
-0.14596
0.66786
0.017078
-0.59908
-0.38145
0.6169
0.78096
-0.816
0.85436
0.5277
-0.54025
-1.1269
-0.54222
-0.72827
0.29848
-0.40404
-0.48859
-0.15776
-0.22644
-1.1121
-0.55214
-0.49848
0.014896
0.8455
0.053658
-1.0211
0.76374
0.74944
1.0785
-0.89495
0.040473
0.87598
-0.91549
1.0818
-0.59225
0.73451
-1.0774
0.24476
0.13823
-0.34944
0.46477
0.46999
0.29738
-0.92239
0.93738
-0.94498
0.84192
-0.86217
-0.63643
-0.1876
-0.8603
-0.13482
-0.011377
-1.0118
0.67969
0.3793
1.0479
0.78925
0.98754
0.57053
0.93951
1.0374
0.58394
-1.0606
0.49554
0.29458
-0.40099
0.41914
0.64109
0.095932
0.58328
-0.91545
0.361
-0.55058
0.51232
-1.0402
-0.89541
-0.37361
-1.0706
-0.84555
-0.66156
-0.86559
0.58251
-0.82154
0.83008
0.066869
0.099199
-0.7459
-0.74379
-0.7528
0.42766
0.53366
0.74107
-0.26664
-0.78068
-0.36285
-0.83673
0.41141
-0.067398
-0.83342
0.85898
0.99804
-0.30641
-0.97027
0.95794
-1.007
-0.57448
-0.27497
-1.0518
-0.75345
-0.46613
-0.73982
-0.81575
0.21637
0.1242
-1.2487
1.0523
0.018342
0.032045
-1.1127
0.84041
-0.92233
-0.82508
-0.9483
0.028105
-1.0073
-0.49788
0.51298
-0.38302
0.54418
0.32216
-0.3474
-0.99133
0.33762
-0.90211
-0.29107
0.77617
-0.38843
-0.016542
1.0012
0.91601
-0.48402
0.31737
-0.94768
-0.98563
0.22283
-0.38461
0.33796
0.66548
-0.8745
-0.79802
-0.7494
-0.52103
-0.1012
-0.016838
-0.1909
-0.69395
-0.37473
0.66255
0.91015
0.7106
-0.51823
0.9369
0.095964
1.2259
-0.45685
0.76024
0.86682
0.63814
-0.32089
0.59408
-0.35505
-0.27733
0.64652
-0.035898
0.92192
1.2243
0.58594
-0.9389
0.84646
1.1206
-0.14598
-0.83632
0.72825
-0.24182
-0.99246
1.0935
-0.26817
-0.88238
0.8756
0.75259
1.0971
0.32737
-0.99439
0.80474
-0.38431
0.55365
0.50486
1.0911
0.55424
0.11322
0.66577
-0.31052
-0.44865
-0.19392
0.19148
-0.87602
0.28837
-0.73401
-0.0045602
-0.049126
0.57172
0.92577
0.73532
-0.76061
-0.017237
0.65877
-0.80736
-0.95377
-0.13967
0.75888
0.81821
0.84982
0.47609
1.1082
0.35225
-1.1226
0.48378
0.42726
-0.94656
-0.73397
-0.78769
-0.2823
0.70945
0.9581
-0.36834
0.69443
-0.86723
-1.0504
-0.67365
0.54554
0.71411
-0.086557
0.82523
-0.64864
0.26207
-0.11381
-1.0426
-0.81053
-0.21758
0.72321
0.67557
0.87834
0.23062
-0.56442
0.28885
0.16042
0.53894
0.92828
0.77498
-0.017121
-0.93333
-0.39691
-0.029952
0.048663
0.18374
1.1561
-0.82943
-0.30675
0.75802
-0.70819
-0.6744
0.81761
-1.0591
-0.69709
-0.61251
0.086302
-1.0033
-0.3368
-0.3355
-0.5699
0.42722
0.1278
-0.40392
0.42858
0.87074
-0.50164
-0.64935
0.78738
-1.0256
-0.94954
-1.0587
0.97197
-0.15899
0.87163
0.71226
-0.90416
0.33181
0.9104
-0.66525
0.87635
-0.40663
-0.98053
0.48998
1.0586
-0.027606
-0.91074
0.51155
-0.76702
-0.98127
-0.45302
0.16405
0.72452
-0.62646
0.59685
-0.30756
0.21627
-0.88784
0.50204
-0.95947
-0.94007
-0.89074
1.0599
0.60769
-1.048
0.057348
0.019298
0.73525
-1.005
0.49436
-0.2603
-0.1768
0.98205
0.4488
-0.91231
-0.81847
-0.61018
0.90748
-0.57952
0.76177
-0.83299
-0.58519
-0.54429
0.19326
0.83879
-1.0035
-0.89783
-1.0626
0.91507
-0.51466
1.0631
-0.12405
-1.019
-0.1541
-0.77653
-1.0658
-0.20965
0.5181
-0.52967
-0.7662
-0.9181
-1.0016
-1.0085
0.15424
0.40385
0.13733
-0.97248
0.99923
-0.98579
1.029
-0.85266
-0.078882
0.9635
-0.79253
-0.42166
-0.42184
-0.62102
1.0488
-0.51001
-0.45753
0.47096
-1.0175
-0.58167
0.58955
-0.73218
1.1467
0.59606
0.25879
-0.21833
-0.6757
-0.81152
-0.98077
0.71403
0.91542
0.5367
-1.056
-0.96648
-0.95701
-0.97972
-0.46028
0.84759
0.81467
0.23923
-0.90566
-0.78734
-1.0263
-0.9298
0.0847
-1.054
0.68562
0.019291
1.0634
-0.28485
-0.17013
-0.77049
-0.74105
0.97512
-0.039773
-0.23679
-1.0059
-0.82499
0.71888
-0.59209
0.72976
-0.80967
-0.73062
-0.80455
-0.864
-0.79273
0.41733
-0.9576
0.15277
-0.92314
0.63995
-1.1753
0.46699
-0.80947
-1.0323
-0.87365
-0.77189
-0.45415
0.082207
0.36538
0.46848
0.57096
1.0479
1.1088
-0.82272
0.75992
-0.0071178
0.63642
-0.75271
1.0101
-0.76488
0.79842
0.54242
-0.37323
0.72976
-0.34195
-0.4588
0.73233
-0.8014
-0.62796
-0.56476
-0.81363
-0.11778
-0.96065
0.68848
-0.49
-0.64407
-0.56551
-0.97983
0.88742
-0.21416
-0.3927
0.77619
0.83714
0.33138
0.93624
0.23293
0.57775
-0.74962
-0.99748
-0.36663
1.123
-0.99278
-1.1264
-1.0349
-0.75872
0.18815
0.93589
0.60761
0.15578
0.32061
0.6628
-0.71091
0.8709
-0.72573
-0.87428
-0.87127
-1.1123
-0.91221
-0.60324
-0.7526
0.65402
-1.1594
0.40044
-0.26136
-0.43102
-0.27429
1.0461
0.27657
-0.85277
-0.6123
0.45246
0.69473
-0.36341
0.042084
-0.13528
-0.97548
-1.0322
0.47996
0.48667
0.72445
-0.89979
-1.0446
-0.042638
1.0451
0.12791
0.78029
0.101
0.55774
-0.38364
0.80034
-0.43064
1.0511
-0.98484
0.95299
-0.96464
0.88273
-0.70442
-0.85744
-0.39919
-0.83022
0.39168
-0.96059
-0.84347
0.050906
0.67975
-0.041685
-0.50292
0.90148
0.060613
0.56959
0.50244
-0.96222
-0.54896
0.74413
0.34557
-0.14389
-0.47629
0.75375
0.027579
0.81329
-0.78907
-0.76693
-0.03423
-0.9287
0.039826
-0.9221
-0.5558
0.51638
-0.96957
1.036
-0.2335
0.4149
1.1559
0.833
0.64089
-0.5834
-0.88919
0.3551
0.010662
-0.14843
-0.88551
-0.14421
-0.16402
-0.65021
0.40818
0.30541
0.90776
-0.27854
-0.98025
-0.1205
-0.68133
0.71749
0.95509
0.74246
1.0598
1.1327
-0.89483
0.84575
-0.24042
-0.30385
0.12528
0.67281
-0.74116
0.11705
-0.4118
-0.82195
0.71774
0.24591
-0.52316
-0.45118
0.67179
1.1117
0.91797
0.72839
-0.60783
0.54765
-0.25754
-0.25859
-0.88174
0.80182
0.53254
-0.45446
-0.82651
-0.30797
0.53487
-0.28479
-0.46633
-0.62523
0.062335
0.0034155
1.0213
0.96114
-0.63997
0.42375
-0.81266
0.82547
-1.0202
1.051
0.88824
1.0198
0.21269
-0.8511
-0.90925
-0.4122
-0.27844
0.029365
-0.14446
1.0707
-0.7417
-1.2114
0.73015
-1.0072
0.77334
-0.94613
-0.45714
-0.81645
0.40087
0.52475
0.9391
-0.72842
-0.13971
-0.723
-0.84559
-0.9605
0.68344
0.97505
-0.15247
-0.47778
0.7176
0.78839
-0.041786
0.32077
-0.46781
0.59995
-0.96928
0.0030683
-0.95691
-0.14186
0.099128
0.9657
-0.97471
-0.25888
0.61048
-0.42698
0.6463
-0.25495
0.026304
0.54807
0.1685
1.0098
0.61358
-0.98344
-0.95739
-0.46694
-0.03916
-1.0771
-0.56694
-0.035015
-0.42842
0.85879
-0.90874
-0.71893
0.66433
0.94682
-0.80719
0.80758
-0.017179
0.66583
-0.72528
-0.86089
0.3106
0.353
-0.83576
-0.74643
0.54747
0.53704
0.81328
-0.21161
0.75915
0.26142
0.6864
-0.32277
-0.9297
-0.97378
-0.14556
-0.69265
0.11195
0.43648
0.44672
-1.0154
0.40227
0.021088
-0.31349
0.090823
0.73327
0.70686
-1.0057
0.59347
1.085
-0.0043755
-0.26337
-0.038414
-0.91812
0.7904
-0.95754
0.68141
1.1046
-1.1792
-0.77963
0.39092
-1.0147
0.8854
-0.50726
-0.0326
0.092141
-0.23856
1.0195
-0.55233
-0.64087
0.16629
-0.37706
0.061215
0.1724
-0.16675
0.94787
-0.23748
-0.51218
0.69414
-0.049139
0.17408
-0.88559
0.026148
0.11567
0.78958
-1.0036
-1.0305
0.83736
0.83925
0.12935
-0.74074
-0.1778
-1.0136
1.0007
-0.87383
0.80761
-0.92522
-0.33911
0.10588
-1.0569
-0.30028
0.67836
-0.46517
1.004
-0.40409
0.73026
-0.43495
0.13492
-0.97206
-0.91268
0.90819
0.82174
-0.63524
0.82456
-0.3109
0.85197
0.91302
-0.305
-0.89912
0.57329
-1.1426
-0.58551
1.0416
0.8431
-1.0785
0.14055
0.22477
0.73079
-0.93626
-0.48395
-0.43849
-0.56256
-0.65753
-0.30171
-0.78557
0.16594
0.76129
0.88926
0.52911
-0.11101
0.84399
-0.15333
1.0723
0.91904
0.99806
0.32974
1.0278
-0.88136
0.9948
0.16543
-0.81576
0.3541
0.27373
-0.62397
0.57979
0.27939
0.65741
-0.64237
0.96884
0.98455
0.70912
-0.15573
0.40025
0.08793
-0.80401
-0.81335
-0.17073
0.63006
-0.12713
-0.25316
-0.87772
-1.091
0.20693
-0.48397
0.592
-0.89199
-0.8429
0.88048
-0.53636
0.85811
1.0741
0.85637
0.91936
-0.54163
0.93462
-0.85311
0.2802
0.86431
-0.90803
1.0363
0.91337
-0.31152
-0.28868
-0.80515
-0.91204
0.94165
-0.90932
0.97731
0.96648
0.35386
-0.82599
-0.091928
-0.50981
0.47488
0.95532
1.1304
0.33665
-0.70312
-1.0041
0.80613
-0.97004
-0.020986
-0.32667
-0.79797
-0.92709
-0.92828
0.1225
0.30885
0.85453
0.1683
-0.64734
0.69599
0.95728
-1.0361
-0.82836
0.30895
0.039728
0.33714
-1.2186
-0.79261
0.25016
-0.89985
-0.66452
-0.57245
-0.39463
0.35012
0.6656
0.21063
0.6213
-0.95269
-0.75477
0.30859
0.85372
-0.12605
0.99597
-0.32707
0.93149
0.32606
0.15651
-0.96037
-0.070091
-0.85279
1.0025
-0.69972
-0.93676
0.17527
-0.80152
0.76588
0.14864
0.97649
0.73046
0.21311
0.88447
0.98952
0.99584
0.22237
0.97449
0.072983
0.4953
0.35574
-0.80243
-1.0284
0.014676
0.73542
-0.80788
-1.019
-0.073971
0.37769
0.83164
-0.52383
0.96971
-0.77723
-0.96326
0.29939
-1.1297
-0.32375
-1.0245
-0.69978
-0.74082
-0.92396
-0.87016
-0.73057
0.40412
-0.58145
-1.0334
-1.0861
-0.70516
0.95172
-0.65005
-0.45219
0.78256
0.50691
0.38679
0.86462
-1.016
-0.39091
-0.091512
0.77725
1.1284
-1.0457
-0.27275
0.99399
-0.57575
-0.54251
-0.51849
0.11438
-1.0079
0.26446
0.56156
0.3394
0.74057
-0.84743
0.86572
-0.94019
0.42968
-0.82829
1.0828
0.45852
-0.70522
0.57989
0.84979
-0.31092
0.081033
0.98669
-0.97212
0.24145
0.94556
-0.94493
-0.88543
-0.17221
0.3806
-0.35553
0.53525
0.96476
-0.95528
0.52785
0.066752
-0.95365
0.29515
0.64663
0.94243
-0.42092
-0.51472
0.86788
1.0131
0.89059
-0.91928
-1.1041
-0.77754
0.74839
-0.9959
0.32606
-0.90514
-0.63549
-0.20302
-0.75706
0.99758
-0.93033
-1.0021
1.058
0.81914
-0.92536
-0.83396
-0.09452
-0.78074
0.94275
-0.56841
-0.85789
-0.85936
0.38413
0.64017
0.68733
0.04999
-0.85958
0.96784
-0.25249
-0.83178
0.93632
0.86982
0.57308
0.63915
-0.54507
-0.73221
0.27009
1.1967
-0.8316
-0.96404
-0.33196
-0.10858
0.33029
-0.9853
0.17588
-0.64666
0.4385
-0.41037
-0.90589
0.27833
0.8639
0.46975
-0.75296
0.79864
-0.63912
0.90518
0.8062
-0.98477
0.4212
0.76795
0.91326
1.0046
0.79857
0.14396
0.75059
-0.74209
0.90229
-0.0069461
0.55669
-0.88156
0.029601
0.17229
0.028165
0.42592
-1.0141
0.81238
-0.30912
0.82595
0.87546
0.88318
0.81073
-0.62291
0.047784
0.69652
0.049093
-0.97998
-0.1443
-0.35833
0.17081
0.4268
0.40257
-0.83549
0.61784
0.7966
-0.8696
0.92753
0.03956
-0.69935
-0.91617
1.2131
-0.91635
0.30613
-0.97157
0.048812
0.080924
-0.90899
-0.85008
0.12414
-0.28127
-1.0621
-0.69061
1.066
0.62427
0.82503
0.97725
0.405
1.0914
-0.88977
0.21072
-0.32603
0.31485
-0.11522
-0.6285
-0.97376
0.88189
-0.49136
-0.86504
0.1987
-1.0755
-0.47207
0.92873
-0.8905
-0.59686
-0.13345
1.0146
1.029
0.068308
-0.035301
0.027318
-0.10212
0.48997
-0.61059
0.8705
-0.70189
-0.75433
-0.49236
-0.85141
-1.1916
-0.86758
0.66899
0.22328
1.0659
-0.4341
1.0016
-0.6567
0.99908
-0.56232
-0.017643
0.31311
0.70453
0.47872
-0.099318
0.68151
0.20061
0.86914
-1.1371
0.76056
0.26124
0.76797
0.84849
-0.11565
-1.1052
0.89175
0.69926
1.0388
-0.65651
-1.136
0.72484
0.9448
-0.22686
-0.93906
-0.38422
-0.82198
0.49696
0.18474
-0.43753
-0.91906
0.80093
0.71037
0.2698
0.81144
-0.53206
0.61269
-0.86343
-0.97481
-0.94022
-1.0262
1.0475
0.45307
0.0020983
-0.85807
0.52633
0.83208
0.54324
1.0692
0.43553
1.1638
-0.78309
0.51651
0.98195
0.40043
-0.64088
0.92792
0.75284
0.28034
0.14971
-0.74077
-0.74734
0.42468
-0.41316
0.49807
0.46852
-1.0208
-0.185
0.88258
-0.27564
-0.75711
-0.401
0.97988
0.80997
-0.0099091
-0.41674
-0.33841
-0.84115
-0.69178
-0.52317
-0.44246
0.80188
-0.95669
0.98206
0.31938
0.07185
0.071856
-0.66352
1.0308
-1.0326
0.60844
0.90159
-0.99257
-0.36967
-0.027196
-0.65574
0.24147
-0.55518
-0.15795
-1.1114
-0.8696
0.066475
-0.12108
-0.12571
-0.74165
0.96903
1.0407
0.3492
-0.83158
-0.70853
-0.39592
0.33539
-0.79283
1.0856
-0.0082019
-0.14885
0.49644
-0.36126
0.69369
0.10065
-0.39321
-0.98144
0.48261
-0.45842
1.0055
-0.85736
-0.57087
0.84191
-0.75034
-0.4932
0.24472
0.35348
0.187
-0.96714
-0.4173
0.75707
1.0314
0.58988
0.94468
0.68887
-1.0383
0.72804
-1.1011
0.10262
-0.30467
-0.85762
-0.48448
1.0671
-0.40831
-0.18398
-0.27145
1.0855
0.27817
0.14566
0.34026
0.85465
-0.54669
-0.83935
0.012598
0.29517
-0.99924
0.72918
0.72946
-0.68717
0.81974
-0.64671
-0.49282
-0.01993
1.0177
-0.98239
0.21824
0.8349
0.99157
-0.75187
-0.57241
-0.83386
0.193
0.70622
0.72563
0.48072
-0.79876
-0.17288
-0.77475
-0.59909
0.25212
1.0806
0.2855
0.57124
-0.011852
0.28525
-0.73967
-0.9345
0.35302
-1.244
-0.23744
-0.72345
-1.0524
-1.0553
-0.59944
-0.58865
-1.0006
0.99132
0.71833
0.4445
0.93951
0.059035
-0.31123
0.71697
0.65071
0.58365
-1.1209
-0.11106
-0.64796
0.41492
0.94132
-0.48645
-0.911
1.0245
-1.0978
0.892
-0.80463
-0.18346
0.43828
0.76965
0.52639
-0.22692
-0.62631
-0.33613
-0.96983
0.87037
0.28924
0.70096
-1.0599
-1.0285
1.0151
0.84917
-0.60883
0.2285
-1.0467
0.40508
-1.1153
-0.69008
0.79918
-0.42519
-0.55839
-0.18963
0.9852
-0.65761
-0.49217
0.97732
0.8207
0.84861
0.11007
-0.96828
0.1684
-0.79939
-0.71083
0.078232
0.49636
-1.1496
-0.11111
-0.74997
0.38909
0.070259
-0.99708
-0.97096
0.35741
-0.67371
-0.8808
0.67486
0.68277
0.39901
0.94554
1.0424
0.91008
0.78893
-0.1265
0.96906
-0.99776
-0.2697
-0.97722
-0.50802
-0.86599
0.75987
0.88794
0.30774
-0.82852
-0.82452
-0.70618
0.65878
-0.39533
0.04564
-0.94366
0.49399
-0.75656
0.82217
-1.11
-0.65221
0.084177
0.13752
0.78168
0.44804
0.48054
0.36089
0.28595
-0.19782
0.92577
1.0772
-0.59264
0.89678
-1.0011
-0.63809
0.60012
-0.29788
-0.91755
-0.23799
0.85415
0.57301
-0.5488
-1.0475
1.1204
0.73683
-0.42869
0.63459
-1.0113
0.43828
0.6539
0.50964
0.766
0.33525
-1.3179
-0.983
-0.97692
0.95704
0.01235
0.29547
0.825
0.22818
1.0469
-0.29471
0.80201
-0.053741
0.53391
-0.41382
-0.99498
-0.94131
0.12392
0.22579
-0.96149
-1.0283
-0.57817
-0.33718
-1.0003
1.0318
1.061
-0.75584
0.67334
-0.2396
0.81963
0.84131
-0.62588
0.88163
-0.29656
0.40182
-0.36833
-0.20405
-0.47037
-0.29059
-0.35085
0.32771
-0.85504
-0.0045979
0.61579
0.70545
-0.38703
0.15618
-0.88528
0.69874
0.52528
0.78298
-0.38847
0.818
0.84475
-0.69802
0.25497
1.0047
-0.3602
0.30218
0.70508
0.45544
0.91504
0.33143
0.96847
-0.87419
1.0064
0.85468
-0.42117
0.31557
0.24888
-0.41123
0.76979
-0.24731
-0.97579
0.88204
-0.297
-0.96586
0.22686
0.39615
-0.2155
-1.0295
0.90435
-0.75036
-0.92988
-0.72181
-0.73435
-1.0752
0.31245
0.90689
0.66146
0.98883
0.61884
0.89393
0.24416
-0.98261
-0.12212
0.43388
-0.8982
1.124
0.93029
-1.0032
-0.57666
-0.65395
0.78188
1.1787
-0.85666
0.67149
0.25888
0.74425
-0.31744
0.18428
-0.29392
-0.28725
-0.48786
0.73898
-0.84162
-0.49726
-0.15188
0.090355
0.36182
1.0744
-0.8801
0.40279
-0.18142
1.1602
0.75145
-0.84857
-0.35637
0.31658
0.95064
0.28925
-0.87025
-0.26535
-1.0862
0.0057893
0.85227
-0.43665
0.17138
-1.0285
-0.25403
0.59866
0.81004
0.27214
-0.84359
-0.1336
0.38785
0.95654
0.091527
0.65755
-0.14954
-0.82684
0.33095
-0.54519
0.87862
0.44018
0.80433
-1.1376
0.67163
0.64535
-0.0022107
-0.6944
0.93155
0.83452
0.94524
-0.86467
-1.0174
0.7879
-0.57629
-0.98123
-0.10954
0.63277
-0.5234
-0.64095
0.35455
0.37458
0.81807
1.1104
0.82798
1.0322
-0.7892
-0.12589
0.37319
-1.1739
-0.8492
-0.69223
-0.85753
0.71552
-0.31236
-0.76682
0.93725
-0.47269
0.51296
-0.73582
0.29012
-0.31443
-0.9619
0.080443
-0.67884
-0.92385
0.082984
0.17628
-1.2293
-0.27352
-0.9663
-0.57473
0.49864
0.34645
0.28275
0.83527
0.71583
0.011225
-0.70814
-0.81703
0.77109
0.2547
0.73906
-0.13218
0.68286
-0.67548
1.0343
0.31563
0.19787
1.0411
-0.52479
0.066547
0.44804
-0.70907
0.63625
0.7965
-0.80953
0.14146
-0.75504
-1.0386
-0.58638
0.65298
-0.2659
-0.5524
0.10065
0.63782
0.44052
0.030804
-0.70068
0.29976
-0.60528
0.8529
-0.56726
0.8687
-0.55106
0.6779
-0.44336
1.0562
0.77558
0.54648
0.21613
0.050325
0.82384
0.89437
0.86676
-0.48598
-0.19391
-0.86183
-0.89952
-0.42962
0.91744
-0.2449
1.0591
0.92062
-0.93358
1.0265
-0.70115
-0.79271
-0.73691
0.25811
-0.68047
1.0302
-0.93423
0.22456
-0.86131
0.87516
-0.27626
0.047047
0.90124
0.54164
0.92884
-0.15534
-0.12681
0.25536
-0.018446
-0.36163
0.5036
-0.93114
1.0105
-0.76678
0.2917
0.70202
-0.12292
0.77584
0.92136
-0.7547
0.11369
0.41322
-0.053827
0.24813
0.050592
0.56448
0.88549
1.013
0.65281
-0.46735
-0.38793
0.022108
-0.5412
1.0245
-1.0602
-0.32156
0.86014
-0.65709
-0.4301
-0.78409
-0.59294
-0.97972
0.87507
0.89066
-1.0445
0.89337
-0.76184
-0.93231
0.28866
0.28842
0.39128
-0.19411
-1.1644
-0.64577
0.23687
0.23306
-0.13335
-0.73089
-0.68002
-0.090328
0.82612
-0.9325
0.91047
-0.93367
1.2182
-0.89501
1.1467
-0.85628
-0.89988
0.74208
0.93791
0.65719
0.21595
0.98291
0.93662
0.90377
-0.84538
0.95096
1.0505
0.31887
0.34483
-0.41235
0.13919
0.18123
-0.27433
0.71907
0.73833
-0.84774
0.32533
0.36318
0.89675
-0.028805
1.2291
0.15905
0.80802
0.25685
0.0010643
0.15711
-1.1907
0.71996
-0.85039
-1.0873
0.57331
-0.63693
-1.0535
-1.0132
0.76624
0.50354
-1.1149
0.98271
0.9382
-0.59967
0.61513
1.0972
0.93455
0.81193
-0.17179
0.9449
-0.80291
0.26224
-0.27749
1.1568
-0.91124
0.11498
-1.0786
-0.24238
1.1198
0.73676
0.46767
0.48401
-0.26908
-0.23523
-0.81423
-1.054
-0.16775
0.99881
-0.24446
0.0019818
-0.99142
0.1978
-0.25124
-0.76649
0.4444
-0.41388
-0.058008
-0.10259
-0.96983
0.23125
0.26277
0.37379
1.1185
0.39448
0.86891
0.93791
-0.94613
0.78926
-0.61615
-0.93235
-0.88766
0.15263
0.59712
-0.50606
0.21306
-0.29915
-0.9121
0.9758
-0.22742
-0.51602
-0.79127
-0.91727
-0.66268
-0.045825
-0.8998
-0.78661
-0.41366
0.23883
0.36178
0.99839
1.0642
0.62794
-1.0098
-1.0001
-0.6709
0.82194
-0.90329
-0.69783
-0.17552
-0.9847
-0.67527
0.52915
-0.56379
0.83696
0.82873
1.0754
0.92855
-0.97814
-0.40247
-0.2287
0.87975
0.97396
-0.67323
0.91545
-0.96313
-0.81315
-1.116
-0.21922
0.82086
0.9887
-0.58972
0.46222
0.82918
0.60494
-1.0426
-1.0985
-0.9285
0.82356
-0.36508
-0.81013
0.79511
0.1775
0.72335
0.70715
-0.41368
0.51515
-0.6538
-0.77213
-0.99635
-0.42618
1.0156
-0.25457
-1.0187
0.54623
1.0601
0.90438
-0.60241
1.0367
-0.52182
-0.0311
-1.072
-0.6724
-0.59485
0.16255
-1.2326
0.81756
0.77534
-0.26645
0.52882
0.77473
-0.79186
-0.68678
0.80759
0.95314
0.54912
1.1924
0.60041
0.036349
0.40831
0.63131
-0.8665
1.0565
0.12984
-0.94302
0.16327
0.76591
0.75732
0.79248
0.097857
0.74519
0.13964
-0.93444
-0.032402
0.7729
-0.68972
-0.51714
0.78885
-0.82188
-0.50551
0.20785
-0.84037
1.0974
-0.71637
0.95362
1.1219
-0.51331
-0.94878
-0.88589
-0.75601
0.88897
-0.64045
0.027807
-0.11254
0.77483
-1.027
-0.77742
1.03
0.71979
0.77801
-0.8152
0.65267
0.65756
-0.92088
-0.61603
-0.15789
0.096601
0.99009
-0.32781
0.19895
0.65605
0.78426
0.43825
-1.0904
0.87618
0.98561
-1.1284
0.90562
-1.1423
0.24674
0.92957
0.17928
-0.92357
-0.087556
1.1439
0.87903
0.3755
-0.00084145
-0.88359
1.0825
-1.2462
-0.33351
1.0351
0.9718
-0.39472
0.1254
-0.79457
-0.73053
-0.84543
0.8969
-0.047506
0.78624
-0.78705
-0.013204
-0.13941
0.27244
0.3102
-0.53826
0.85464
0.58772
0.40844
-0.13685
0.86385
-0.56172
-0.25884
-0.43831
1.097
-0.028978
-0.25491
-0.18786
-0.97068
0.90834
0.73515
0.91748
0.7999
-0.91772
-0.010441
-1.0447
0.73431
-0.18614
1.1326
0.9632
0.36112
-1.0536
0.039907
-0.90037
0.25882
-0.27021
-0.91511
0.061185
0.021356
0.47063
0.028897
0.50901
-0.63151
-0.74061
1.0295
0.89888
-0.93153
-1.0281
0.18749
-0.21564
1.0517
-0.015245
0.82995
-0.21696
-1.0144
-0.73735
0.1832
-0.050343
-1.0337
-1.2011
-0.31926
0.17624
0.85232
1.0254
0.95881
0.64388
-0.78629
-0.40181
0.3122
-0.58204
0.82741
0.44341
-0.60643
0.94844
-0.21962
-0.8254
-0.43717
-0.44328
-1.0565
-0.75767
0.30854
-0.77873
-0.11489
-0.53531
0.18022
-0.24981
0.83448
0.699
-1.0557
-0.47711
0.1502
-0.35801
0.52182
0.5908
-1.1821
1.0521
-0.067856
0.14349
0.2178
0.19426
-0.58896
-0.46564
0.83805
0.34158
-0.60736
-0.55645
0.84688
-0.70101
0.087748
1.1072
-1.0894
-0.97629
0.96845
-0.40403
0.8807
1.0851
-0.72095
0.68586
0.44721
0.3232
0.39785
0.39088
0.74156
0.75019
-0.87994
0.68108
0.86674
0.53845
-0.90534
-0.55702
0.3453
-0.59691
-0.81135
0.023239
-1.0928
-0.68584
0.92388
0.94284
0.94042
0.79315
-0.45746
-0.88043
-1.0953
-0.026453
-0.90172
0.50749
1.0127
-0.5539
-0.72492
1.0078
-0.75514
0.88529
-0.94956
0.93564
0.96912
-0.42115
0.83997
0.73118
0.10737
-0.7435
-0.95761
1.1888
-0.75905
0.14516
0.34237
0.22641
0.21249
-0.47966
0.66808
0.77354
0.91373
-0.74073
-0.68465
-0.74879
-0.9213
-0.97587
-0.87207
1.0637
-0.25025
-1.0292
1.131
0.93977
-0.20855
-0.25949
-0.86161
-0.87456
-1.0308
-0.61849
-0.20029
-0.71526
1.1063
0.51096
0.75487
-0.19042
1.0736
-0.53394
-0.78972
-0.65885
-0.94853
0.53403
-0.26012
0.15469
0.48417
-1.0471
0.05786
-0.42825
-0.18701
0.66594
-0.93196
-1.0619
0.80887
-0.8034
0.35484
-0.0052301
0.45754
-0.95204
1.0172
-0.81258
0.29753
-0.12997
0.17975
-1.1623
0.69742
-0.94918
0.017516
-0.93255
-0.91441
-0.024593
-0.88384
1.1274
0.91053
-0.53575
0.9549
-0.14956
0.98537
-0.48676
0.35289
0.96085
-0.67439
-0.19025
0.96581
0.9213
-0.87118
0.10344
-0.98159
0.11025
-0.4997
0.8446
0.8844
-0.43845
-0.105
0.53752
0.43639
-0.19916
0.40225
-0.38747
-0.7245
-1.0805
0.41396
0.1702
0.36712
-1.2025
0.63284
0.18634
0.22933
0.70544
0.51659
0.89673
-0.76522
-0.44394
-0.62053
0.86279
0.62123
-0.7748
0.43569
0.86752
-0.96721
-0.37208
0.65742
-0.88962
-0.23324
-0.6358
-0.15538
0.14021
-0.97218
0.36698
0.035002
0.062224
-0.23366
0.62642
0.89501
0.26685
0.037516
0.6058
0.44478
-0.55222
0.95432
-0.2766
-0.66607
0.57294
0.99345
1.1013
-0.16393
0.63277
0.98583
-0.51624
-0.12029
-0.36105
-0.99355
0.98792
-0.18415
-0.78412
0.48858
-0.14886
-1.0751
-0.90132
-0.89423
-0.24723
-0.47683
0.8892
-0.81671
0.83841
0.28091
-0.32127
1.0209
0.78314
-0.58398
-0.28982
-0.69423
1.1212
1.018
0.93369
0.5852
0.82762
0.93481
-0.65286
0.80197
-0.11244
0.48598
0.69242
0.92454
-0.15372
-0.72282
-1.0063
0.10654
0.71176
-0.98139
0.88586
-0.44657
0.62249
-1.1152
-0.76184
-0.043419
0.71947
1.021
-1.0084
-0.51203
0.98573
0.88762
-0.72
-0.4993
-0.66374
0.65618
-0.74846
-0.067597
-0.82105
0.86892
0.88856
-0.11455
-0.6887
-1.0389
0.84224
0.16191
0.44499
-0.32262
0.52418
-1.056
0.25839
-0.30695
0.24002
-0.43106
-0.65266
-0.21566
-0.37182
0.60868
-1.0055
0.90456
0.11266
0.72458
0.46933
-0.908
0.63256
-0.74945
-0.65682
0.56894
-0.69966
0.55548
-0.29574
0.64433
-0.95579
-0.57436
-0.88906
-1.0285
-1.086
0.0097836
-0.51861
0.38215
-0.06704
-0.92021
-0.99927
-0.95758
-1.0327
0.37083
-0.6689
-0.939
-0.2074
-0.18232
0.12794
-0.38927
-0.65099
1.0808
-0.78756
0.76222
-0.11646
-0.57993
0.85256
1.1176
0.90773
0.98928
-0.34194
-0.49135
0.085583
0.73128
0.65128
0.92119
0.43223
-0.85425
-0.048579
1.0163
0.77896
0.48511
0.54875
-0.64521
0.66326
-0.92093
0.93063
0.83162
-0.54116
-0.46685
-0.71565
-0.64681
-0.4131
-1.0751
-0.2744
0.48096
-0.98655
0.66806
0.30481
1.0244
0.85887
-0.77596
-0.45212
-0.23373
-1.0375
-0.86097
0.92229
-1.0721
-0.99288
0.85721
-0.94261
-0.91311
0.3113
-0.96105
-0.73654
0.029065
0.11014
0.66845
-1.1829
1.1256
-0.79861
0.88023
-0.89633
0.96977
1.0467
0.44851
-0.76297
-0.9914
0.62752
0.76804
0.98199
0.58139
0.65467
-0.88763
-0.37296
1.1054
-0.16715
1.0584
-0.38082
-0.082123
0.77549
-0.18331
0.062886
-0.95755
0.068045
-0.43011
0.51224
0.93015
0.95612
0.84271
0.90244
1.0858
-0.30821
-0.92066
0.42812
-0.48165
-0.93461
-0.93622
-0.065834
-0.9461
1.079
0.1664
0.53589
0.91785
0.90051
-0.37403
-1.1508
0.20934
0.68736
-0.013768
0.90395
0.71232
0.066885
1.0019
0.056227
0.607
-0.99908
0.85854
-1.0146
-0.25906
1.0449
1.0838
0.42362
0.41506
-0.64046
0.52578
0.99985
-0.88599
-0.13586
1.0467
1.0855
0.66552
0.61705
-0.079742
-0.34963
-0.72661
-0.11956
-0.44263
-0.89832
-0.45128
-0.49121
-1.0672
0.80657
-0.38343
0.52844
-0.33865
-0.15046
1.0734
-0.42917
0.72536
-0.85688
0.25279
-0.087971
-0.31361
0.039844
0.34042
-0.28523
0.49192
1.047
-0.98093
-0.68459
-0.34618
-0.87526
0.64044
0.017423
1.0929
0.28776
-0.486
0.17043
0.62283
1.0727
-0.93373
-0.20377
-0.27824
0.8018
0.16875
0.8626
-0.20357
-0.34457
1.0526
0.6428
-0.158
-0.90653
0.3081
-0.65224
0.49287
0.94036
-0.88557
-1.0453
0.31719
0.16981
-0.87918
-0.74998
0.86597
-1.1268
-1.0305
0.4687
0.13355
-0.29589
-0.77738
0.48423
-0.8472
-1.0128
-0.21281
0.46755
-1.0335
0.4451
0.55842
-0.86832
-0.51255
0.11015
-0.05788
0.1628
0.54912
0.42697
-0.78062
-0.87566
0.64664
-0.066745
0.14114
0.97009
0.67606
0.41294
-0.33326
0.95452
0.19401
0.85398
0.10641
1.0424
-0.094509
1.0505
0.71025
0.92688
-1.0864
0.37607
-0.9483
0.32085
-0.77379
-0.74697
-0.15089
0.81616
0.37632
0.032073
-0.84765
-0.49913
-0.39432
-0.83781
-0.51696
0.75549
0.54497
0.2969
0.46712
-0.81504
-0.6021
0.37321
-0.30695
0.84305
-0.40885
-0.92292
0.27467
-0.76849
0.77299
-0.80064
-1.1434
-1.0823
1.0111
0.37803
0.65439
0.53602
0.050755
0.10966
-0.3988
-0.50964
0.66901
-0.68214
-0.35286
-0.74108
0.38342
-0.80596
0.79454
-0.90567
0.056287
0.91164
-0.81616
-0.025096
-1.0058
0.82769
-0.75246
-0.97753
-0.90065
0.76703
-0.50734
0.94028
-0.033545
0.89197
0.57941
1.0989
0.33764
-0.23571
-0.36651
0.17009
0.48115
0.092567
0.84896
-0.74111
-1.0632
0.27208
0.75142
0.40562
-0.15755
0.70809
-0.7205
0.19752
0.55619
-0.8769
-0.93305
0.73919
-0.77152
0.86768
0.46654
-0.57682
0.22749
-0.87667
0.75875
-0.47495
0.9601
-0.86754
0.36528
-0.27721
-0.9517
-0.54685
-0.60994
0.0034187
0.90287
0.34941
0.111
0.86052
-0.46529
1.1727
1.0442
0.95438
-0.64123
-0.85174
-0.94393
1.032
0.78387
-0.79879
0.78276
0.80896
-0.71179
0.74375
-0.072278
-0.31879
-0.097661
1.1066
0.3183
0.74137
-0.42026
-0.24164
-0.97098
-0.80939
-0.99058
0.42145
-0.35194
1.06
0.67183
1.0785
0.76535
-1.1205
-0.74025
0.096931
-0.079578
0.79297
-0.89441
0.19057
0.76147
0.60841
-0.16458
0.76922
-0.79243
0.62049
-0.34466
1.0435
-0.96058
-0.99036
-0.91532
-0.87003
-0.88823
-0.76424
0.31404
0.50638
0.66753
-0.48032
-0.23904
0.38419
0.28889
-0.6555
0.67917
1.1019
-0.42823
-0.55066
0.50637
0.90865
0.41882
1.0016
-0.77257
-1.0447
0.44123
-0.50775
-0.75964
-0.55826
-0.91082
-0.7305
0.058538
0.29407
-0.54959
-0.93709
-0.59371
-0.8814
0.22697
-0.080832
0.88244
-0.41406
0.88497
0.70817
-0.63336
0.78463
0.76442
-1.1146
-0.81604
0.922
-1.0945
-0.9924
0.26566
0.60686
-0.85621
-0.45964
0.97458
-0.86514
0.48135
-0.11951
0.47601
0.53614
-0.4632
0.64361
0.84573
-0.98876
-0.75132
0.19633
-0.55746
0.03044
1.2065
-0.56815
0.057134
-0.29942
-0.052255
-0.92534
-0.041046
0.95256
-0.94606
0.17499
-0.42134
0.87168
-0.95983
-0.079991
0.76008
0.4263
0.18849
-0.69357
-0.91703
-0.65466
0.91373
1.0208
0.70572
0.48606
-0.88918
0.73524
0.76963
0.79164
0.96829
0.86254
-0.68717
0.37558
0.89564
-0.79636
-0.5674
-0.22986
-1.0499
-0.44334
-0.39923
0.72706
0.92501
1.0487
0.60152
1.1616
0.23392
-0.29285
0.65486
-0.3449
1.0055
0.82714
-0.22538
0.64428
-0.39082
-0.40751
1.0206
0.12494
0.97143
0.30632
-0.017342
-0.082764
-0.89262
0.80515
-0.43965
0.20608
-0.44056
-0.92244
0.14947
0.56001
0.99157
0.20783
0.34164
0.17288
0.41369
-0.78437
0.90913
0.93681
-0.94408
-0.83264
0.77743
0.8629
-0.98182
0.9562
-0.30765
-0.71421
0.04875
0.90462
-0.71656
-0.93192
-0.98198
0.94806
-0.4666
-0.75321
0.94182
-1.0684
-1.0097
0.1668
-1.0216
-0.19205
0.73632
-0.94311
-0.74426
0.019034
0.90821
-0.066603
-0.076826
-0.73882
-0.38504
1.0171
-0.054124
0.27972
-0.37232
0.6545
0.51731
0.54176
1.0499
-0.97664
0.72147
0.47858
-0.57435
0.97793
-0.97639
1.0952
-0.58109
-0.80419
1.2222
0.84046
-0.34742
-0.96772
0.82959
-0.24973
0.23135
0.34256
0.52066
-0.76098
0.76651
0.88593
0.83912
-0.66178
-0.84325
-0.67877
0.91425
0.0030105
-0.86202
0.31478
0.96706
0.24298
0.84038
0.7673
0.046809
1.15
0.98346
0.30359
-0.93902
0.89903
1.0258
0.0054294
0.68633
-0.49673
0.23785
-0.11721
0.70748
1.0051
-0.28654
0.8091
-0.30286
0.57624
-0.48281
0.48882
-1.1205
0.98418
-0.44137
-0.48923
-0.1186
-0.5004
-1.0067
0.86615
0.33259
-1.0823
1.0192
-0.1433
-0.251
-0.28903
-0.44815
-0.6436
0.16253
-0.96298
-0.42865
-1.1726
-0.74548
-0.69573
1.0976
0.12464
-0.61452
-0.89732
0.92129
0.76121
-0.31114
0.26746
-0.95645
0.32067
0.37353
1.1073
-0.78482
-0.8444
0.77141
-0.79315
1.0437
0.87423
-0.97483
-0.25159
-0.95136
0.98937
1.2426
0.18894
-0.97424
0.76915
0.70536
-0.68218
-0.71883
0.42491
-0.46242
-1.0838
0.14283
0.46112
0.58839
-0.25014
0.9985
0.023968
-0.30505
-0.22027
-0.39144
-0.30486
-0.148
-0.61093
0.93927
0.50745
0.027504
0.5353
-0.40442
-0.75193
0.67613
-0.63375
1.0281
-0.46729
0.28208
0.87646
0.53378
0.93152
0.86811
0.70252
-0.33089
-0.07248
0.76831
-1.0295
0.20831
-0.25774
-0.79863
-0.48259
0.72062
1.0633
0.098221
0.91612
0.83785
-0.19393
0.4523
0.74033
-0.39073
-0.2207
0.52788
0.25149
0.42351
0.063539
0.47462
0.67107
0.14354
0.89334
-0.35644
-0.76223
1.0243
0.39161
0.1061
-0.34901
-0.88326
0.3947
0.29885
-0.73478
-0.60555
0.13717
-0.287
0.26826
-0.00069733
-0.23894
0.53355
-0.51802
-0.63142
-1.033
-1.0697
-0.98646
-0.89091
-1.1467
0.72917
-0.38662
0.50648
-0.23717
1.0688
0.78745
0.09428
0.11467
-0.82017
0.78653
0.85605
0.51144
0.86724
-0.023581
0.98633
-1.0395
0.91985
0.90502
1.135
-1.0462
0.95155
-0.6637
0.86722
0.29958
-0.8945
-0.83158
-0.93864
-1.1046
0.50793
0.90512
0.78924
-0.88961
-0.85625
0.99991
0.83102
0.44921
-0.3218
0.51234
1.0025
1.0519
0.96363
0.23047
0.42787
-0.97045
0.92032
-1.0453
-0.43646
0.61638
-0.9837
0.93125
0.9448
0.95906
-0.70856
-0.90247
-0.7935
0.28445
0.069941
-0.37299
-0.87132
-0.025757
-0.57769
-0.56599
-0.14516
-0.70422
-0.69256
-1.0867
-0.36085
-1.1023
0.71639
0.46975
1.1688
0.57026
0.93448
-1.0834
-0.59454
-0.0083019
-0.31027
-0.24172
-0.39775
-0.022911
-0.66283
0.63369
0.94791
-0.98274
-0.15141
0.92462
-0.60408
-0.81557
0.94569
1.1729
0.29237
-0.85913
0.73746
0.39247
0.29885
-0.97842
-0.90857
-0.7369
-0.03526
-0.65934
0.018192
-0.11755
0.3985
-0.63497
0.35473
-1.0444
0.74727
0.49329
-0.22722
1.1064
-0.35334
1.0048
-0.85969
-0.12331
0.86453
-0.65125
-0.15216
0.5612
0.75453
-0.80314
-0.63762
0.051268
0.57194
0.76177
0.035363
-0.36216
-0.74328
0.49197
0.44849
0.32676
0.2846
-0.18986
0.043493
0.87498
0.46296
0.95816
1.0275
0.13357
0.003413
0.52441
0.056458
-1.0876
-0.081492
-0.88347
-0.33851
-0.66906
-0.22817
0.55548
-0.34598
0.27867
0.72361
0.64917
0.84698
0.66766
0.86893
-1.034
-0.91273
0.24603
-0.35224
0.36732
0.73481
-0.51725
0.98174
-0.6342
-0.75374
0.90594
0.84376
-0.96645
-0.9943
-0.8899
0.56311
-0.21952
0.99121
0.43049
-0.19271
0.77683
-0.87535
-1.0726
-0.74378
-0.44058
0.34947
0.56834
-0.2445
-0.01609
0.074859
-0.68059
0.97083
-0.23264
0.3075
-0.9422
-0.72205
0.90474
0.45218
0.98787
0.66833
0.38816
-0.96224
-0.47799
-0.44772
0.64654
0.44373
-0.48924
-0.90152
-0.7555
-0.93073
-0.81881
-0.32133
-0.92881
-0.33661
0.078567
0.09262
0.7767
-1.0721
-1.127
0.63491
-0.22205
-0.94361
1.0492
0.81918
0.41521
-0.44733
-0.44672
0.67707
-0.99254
-0.017379
0.61409
-0.12036
-0.56902
0.27923
-0.79758
0.23333
0.013283
-0.56757
-0.69661
-0.37819
-0.90119
0.2567
-0.80742
0.75393
0.67179
-0.70537
0.38319
-0.66023
0.73057
0.35145
0.3541
-0.94372
-0.30619
0.71557
0.94963
0.39495
-1.0219
1.0315
-0.95495
-0.02624
-1.0899
-0.56581
0.59455
0.61521
0.38634
0.70739
1.0641
0.94119
0.047948
-0.73323
-0.19373
0.35385
1.0867
-0.5943
0.67133
-0.37101
-0.74421
-0.23294
0.32673
-0.084361
-0.25142
0.51183
-0.68677
-1.0193
-0.65524
-0.038333
-0.1803
-0.042745
-0.91252
-1.2141
0.25229
0.7537
0.071009
0.95344
-0.99974
-0.90187
0.85514
0.90678
0.49108
0.82715
-0.036464
-0.97388
-0.18425
0.68126
-0.49793
-0.29869
-0.35575
-0.27086
0.2171
-0.95595
-0.24873
0.99059
0.9996
-0.86987
0.96008
-0.4433
-0.043501
-0.86261
0.9472
0.61551
0.25818
-0.74068
-0.85076
0.17926
-0.65289
1.0448
0.16536
0.39019
-0.93427
0.7163
-0.79283
-0.35016
0.98926
-0.85636
0.59699
-0.067159
-0.41098
-0.38912
-0.091128
-0.35851
1.0559
0.53392
-0.98066
-0.96482
-0.99824
1.0562
0.51398
1.0522
-0.2666
-0.14725
0.67036
-0.04226
-0.067358
0.66975
-0.69425
-0.68317
-0.1981
0.7483
-0.27441
0.89106
-0.46159
-0.67638
0.49482
-0.9088
0.55959
-0.83303
-0.36288
-1.0335
0.043994
0.82877
-0.79655
0.2962
0.27455
0.037374
-1.1158
-0.59029
0.98735
-0.060117
0.89997
-0.50574
1.0883
0.53474
0.24709
-1.0578
-0.63664
0.01135
-1.1261
-0.57111
0.81943
-0.97682
-0.81371
0.067447
0.66958
-0.23776
0.26494
0.70737
-1.0434
0.12405
-0.30686
-0.66621
0.92576
0.11895
-0.83744
-0.44676
1.0737
0.062782
-0.9153
0.22051
-0.66555
-0.81951
0.056204
-0.67347
0.74141
0.069504
0.67736
-0.71773
-0.8949
-0.69047
0.50204
0.5864
0.90406
0.19724
0.050606
-0.65072
0.16389
0.63432
-0.93469
0.47043
0.95878
0.99387
0.22088
0.1457
-0.14996
-0.84332
0.98463
-0.45709
-0.83096
0.19686
-0.85565
-0.30391
-1.0377
-0.23304
-0.40105
-0.45752
0.83971
0.87708
-1.0104
-0.28514
0.22918
0.86806
-0.89024
-0.87518
0.50961
-0.75603
0.88511
0.78239
0.82734
0.37663
0.80756
-0.83876
1.1134
0.80079
-0.048988
0.55446
-0.94244
0.18134
0.85553
-0.50517
-0.93681
-0.60776
0.21886
-0.73374
0.67238
0.66762
-0.48523
-0.31365
-0.70036
-0.67756
-0.16695
0.1916
-0.40095
-0.3243
-0.78024
-0.89517
0.96213
-0.27026
0.35379
0.047112
-0.1644
-0.079706
0.89665
0.55389
-1.267
-0.11763
0.63851
0.25502
-1.0208
0.50254
-0.65399
0.56345
-0.036066
-0.77718
0.53921
0.63643
0.033347
0.35516
-0.82356
1.0925
-0.29168
0.18507
0.87283
-0.59972
0.14749
0.62513
-0.75613
0.89928
0.10919
-1.0132
-0.6425
0.31092
0.10127
-0.67964
1.0933
0.98893
-0.10674
-0.36442
0.3712
0.69779
0.88026
-0.62678
-0.66942
-0.27103
0.47929
-0.12982
-0.8321
-0.070116
-0.66507
-0.36575
-0.76768
0.33311
0.49372
-0.85892
0.53534
0.89727
0.47897
0.4211
0.36725
-0.31031
0.73877
-0.65153
0.87365
-1.001
-0.27229
-1.0558
-0.83494
0.98271
-0.78651
0.96883
-0.29189
0.56106
0.91098
-0.016985
-0.89582
0.40612
0.81651
-1.0479
0.87409
-0.030272
0.42152
-0.87195
0.57062
-0.44417
1.0465
-0.11209
0.60456
-0.96651
-0.055584
0.48199
-0.86886
-0.56184
0.35987
0.66095
1.0143
-0.50478
-0.059459
-0.99003
0.92195
0.37083
-0.2051
1.1177
0.65629
-0.546
0.85748
-0.18893
0.55976
0.27319
0.68182
-0.34222
-0.34135
-1.0655
0.95057
0.55709
0.078548
-0.50053
0.94656
-0.39272
0.44739
1.0822
0.90181
-0.5046
0.63169
-0.95885
0.14448
-0.91359
0.72168
-0.53419
-0.75132
-0.86737
-0.89194
1.0042
0.58644
-0.55265
0.59976
-0.92149
0.42858
0.19891
-0.9602
0.27651
0.44706
0.081203
0.31177
0.34086
1.0655
0.25995
-0.96296
-0.43841
0.52381
0.92626
-0.19398
0.63468
-0.89953
0.4163
0.98732
0.38675
-0.87144
0.13331
0.33084
-0.12086
0.52057
-0.16046
-1.167
0.91541
0.38425
1.1099
0.70121
-0.11335
-0.3215
-0.55739
0.039711
1.0821
-0.87798
1.0038
0.67299
-0.75959
-0.36739
-1.0439
-1.0015
-0.92003
-1.1011
0.47127
1.0024
0.45315
-0.041644
0.7629
1.0119
0.31786
-0.92535
0.54984
1.0342
-0.9683
0.6785
-0.78643
0.59204
0.90247
-0.79004
-0.25985
-0.29327
0.15344
-0.56002
0.36714
0.38424
-0.7362
-0.36428
-0.97506
0.32254
0.80072
0.60374
0.60544
-0.45275
0.85908
-0.65636
-0.78408
0.43701
-0.64407
1.0395
-0.23338
-0.20174
0.28078
0.88287
-0.59527
0.80789
-0.4467
0.15149
-1.1324
0.99305
-0.80984
0.67461
-0.23394
-0.94928
0.76314
1.0558
0.86207
-0.45647
-0.15827
-0.093009
-0.012279
0.88881
-0.27397
1.0398
-0.034033
0.26102
-0.020116
0.1502
-0.78999
-0.80718
0.0024067
-0.89056
-0.91894
0.75362
-0.30438
-0.27912
0.88929
0.84844
-0.20768
0.82231
-0.96246
-0.98753
0.22217
0.7928
1.1168
0.50098
-0.70159
-0.59013
1.1102
-0.51384
0.39678
0.38415
0.21097
-0.09229
-1.1088
0.34012
0.78475
0.98687
0.03871
-0.020897
1.0333
0.8257
-0.65705
0.10445
-0.57803
-0.7184
-0.73623
0.81941
-1.0333
-1.0003
-0.32771
-0.51322
0.5915
0.91495
-0.87915
0.58643
0.28174
-0.70176
-0.84529
-0.94266
-0.47498
0.90338
0.018546
-0.49364
0.64142
0.2183
-0.67696
0.7886
0.10691
0.090862
0.98375
0.7776
0.19627
-1.0345
-0.42374
0.14134
-0.51033
-0.38441
-0.6834
0.79232
0.2116
-0.23226
-0.79093
-0.5448
-0.8448
-0.89451
0.087687
-0.66081
-0.94365
-1.0154
-0.81263
0.50038
-0.65309
-0.23691
-0.91456
-0.85851
-0.29199
0.83188
-0.11063
-0.099029
-0.90031
-0.78584
-0.64758
-0.76132
-0.7771
-0.72457
-0.95911
-0.76673
-0.36324
0.76693
0.45824
0.18285
-0.42837
0.8018
0.44551
0.898
0.053796
-1.0767
-0.3535
-0.847
-0.67944
0.66208
0.19604
-0.14311
-1.0087
0.96354
-0.2387
1.0425
0.85186
0.82538
-0.12066
-0.5756
0.38531
0.13161
0.37093
0.14893
-0.30616
-0.48298
-1.0038
-0.06031
0.39612
0.77447
-0.63269
-1.3487
0.11467
-0.92744
-0.90554
-1.0297
-0.034565
0.42244
-0.83428
0.2661
0.9458
0.72935
-0.87536
-0.39707
0.79017
0.49724
-0.99399
1.0071
0.86571
-1.0047
-0.50164
0.86246
-0.81198
0.66208
-0.52523
-0.47319
0.85115
-1.0014
-0.9323
0.81641
0.32986
-0.87775
-0.026606
0.56821
0.9394
0.6288
-0.92246
0.11433
0.66682
0.78049
-0.43362
0.8732
-0.57831
0.21356
0.95307
-0.445
-0.90298
0.93597
0.49792
-1.0497
0.61406
0.97851
0.44187
0.4483
0.086891
-0.92853
-0.034399
-0.72769
0.96377
0.4208
0.82052
0.66991
-1.0511
0.56368
0.36223
1.0618
-1.0417
0.99365
-1.0802
-0.98974
-0.92597
-0.22288
-0.82489
-0.22699
-0.1147
0.41223
0.9903
-0.57469
0.89991
0.91891
0.93908
0.98532
-0.83988
0.48797
0.90567
1.1098
0.5185
0.43816
0.8078
0.5068
1.0385
0.4908
0.67112
0.34245
1.0801
0.36286
-0.79639
-0.27693
-0.39919
0.64701
-0.67468
-0.91453
0.60232
1.1104
0.93509
0.93388
0.45372
-0.0032296
-0.63313
0.85076
0.066449
0.91177
0.9534
0.7068
-0.90891
0.96345
-0.81161
-0.45903
-0.61085
-0.74991
0.76956
0.9619
0.038218
-0.63779
-0.45551
-0.60818
-0.51305
-0.92965
0.67946
1.1176
0.1955
-0.62626
-0.11052
-1.0495
-0.97023
0.13818
-0.34505
-0.053472
-1.063
0.13688
0.44485
-1.0275
-0.77045
1.0069
-0.52488
-1.0041
0.71337
0.69718
1.0245
0.76974
0.92253
-0.62689
-0.25459
0.073329
0.69725
-0.0095169
-0.16886
-0.41173
-0.0066531
0.23188
-0.47016
0.70204
0.64823
-0.37924
0.97855
1.1027
1.0253
0.81686
0.70548
-0.78489
-0.88525
-0.8217
-0.91896
-0.9648
0.060306
-0.36061
0.65399
0.56464
0.36401
-0.63191
0.79105
-0.99445
-0.89325
-0.16519
0.95695
0.54366
-0.68827
0.50959
0.83651
0.92772
0.91346
-1.0335
1.0917
0.58609
-1.0312
0.1086
-0.6849
0.014372
0.46801
1.117
0.79704
0.79111
-0.93417
0.68475
-0.055774
1.0795
-1.1642
-0.88809
-0.90106
-0.10425
-0.99061
0.2517
0.8625
-0.63744
-0.94519
0.21875
-0.70148
1.023
0.12005
-0.018651
0.84
-1.0406
0.7639
0.28671
-0.74157
-0.18229
0.46249
0.73995
-0.70874
0.70101
0.57759
0.53742
1.0064
-0.49468
0.31419
0.50429
-0.98874
-0.47303
-0.43253
0.47673
-0.73627
0.37919
0.85587
0.13303
0.87983
-0.077871
0.60169
-0.41801
0.55267
-0.70649
-0.053153
1.014
-0.70527
-0.86662
0.21013
-0.14254
0.50802
0.67352
-0.84646
-0.30809
-0.94356
-0.86315
-0.88098
0.74378
-0.97558
-0.83672
-0.73725
0.43806
-0.15537
-0.89362
1.1139
-0.67098
0.48046
-0.57734
-0.4896
0.66801
-0.7412
0.53034
-0.51517
-0.062908
0.92771
0.9417
-0.68584
0.79681
-0.090096
-0.81189
-0.29138
-0.75392
-0.55698
-0.67126
-0.88941
-0.95373
0.75172
-0.32016
0.038956
0.1793
0.92836
0.16953
0.12185
0.6969
0.43832
0.46362
0.50318
-0.91918
-1.1719
-0.44893
0.80897
-0.073075
0.96432
-0.79358
-0.99769
0.22293
-0.51086
0.97445
0.57463
-1.0097
0.31349
-0.14275
-0.6218
0.72887
-0.87523
-1.1314
-1.0366
0.74145
-0.076788
0.089593
-0.91279
-0.9618
0.81027
-0.5541
-0.84666
0.79481
-1.1649
-0.2921
-1.0991
0.67576
0.30797
0.31414
-0.9279
0.32713
-1.0123
-0.36307
1.0809
0.79121
0.021784
0.34264
-0.28871
-0.69237
0.96846
0.91883
0.53389
0.80566
-0.58515
0.24364
-1.0832
-0.47851
0.9585
0.9952
-0.97161
0.8531
0.79812
-0.48586
0.91235
-0.99259
-0.71268
0.13507
1.0735
-0.45077
0.4996
-0.1968
0.88989
0.58543
0.93757
