-1.0003
1.0318
1.061
-0.75584
0.67334
-0.2396
0.81963
0.84131
-0.62588
0.88163
-0.29656
0.40182
-0.36833
-0.20405
-0.47037
-0.29059
-0.35085
0.32771
-0.85504
-0.0045979
0.61579
0.70545
-0.38703
0.15618
-0.88528
0.69874
0.52528
0.78298
-0.38847
0.818
0.84475
-0.69802
0.25497
1.0047
-0.3602
0.30218
0.70508
0.45544
0.91504
0.33143
0.96847
-0.87419
1.0064
0.85468
-0.42117
0.31557
0.24888
-0.41123
0.76979
-0.24731
-0.97579
0.88204
-0.297
-0.96586
0.22686
0.39615
-0.2155
-1.0295
0.90435
-0.75036
-0.92988
-0.72181
-0.73435
-1.0752
0.31245
0.90689
0.66146
0.98883
0.61884
0.89393
0.24416
-0.98261
-0.12212
0.43388
-0.8982
1.124
0.93029
-1.0032
-0.57666
-0.65395
0.78188
1.1787
-0.85666
0.67149
0.25888
0.74425
-0.31744
0.18428
-0.29392
-0.28725
-0.48786
0.73898
-0.84162
-0.49726
-0.15188
0.090355
0.36182
1.0744
-0.8801
0.40279
-0.18142
1.1602
0.75145
-0.84857
-0.35637
0.31658
0.95064
0.28925
-0.87025
-0.26535
-1.0862
0.0057893
0.85227
-0.43665
0.17138
-1.0285
-0.25403
0.59866
0.81004
0.27214
-0.84359
-0.1336
0.38785
0.95654
0.091527
0.65755
-0.14954
-0.82684
0.33095
-0.54519
0.87862
0.44018
0.80433
-1.1376
0.67163
0.64535
-0.0022107
-0.6944
0.93155
0.83452
0.94524
-0.86467
-1.0174
0.7879
-0.57629
-0.98123
-0.10954
0.63277
-0.5234
-0.64095
0.35455
0.37458
0.81807
1.1104
0.82798
1.0322
-0.7892
-0.12589
0.37319
-1.1739
-0.8492
-0.69223
-0.85753
0.71552
-0.31236
-0.76682
0.93725
-0.47269
0.51296
-0.73582
0.29012
-0.31443
-0.9619
0.080443
-0.67884
-0.92385
0.082984
0.17628
-1.2293
-0.27352
-0.9663
-0.57473
0.49864
0.34645
0.28275
0.83527
0.71583
0.011225
-0.70814
-0.81703
0.77109
0.2547
0.73906
-0.13218
0.68286
-0.67548
1.0343
0.31563
0.19787
1.0411
-0.52479
0.066547
0.44804
-0.70907
0.63625
0.7965
-0.80953
0.14146
-0.75504
-1.0386
-0.58638
0.65298
-0.2659
-0.5524
0.10065
0.63782
0.44052
0.030804
-0.70068
0.29976
-0.60528
0.8529
-0.56726
0.8687
-0.55106
0.6779
-0.44336
1.0562
0.77558
0.54648
0.21613
0.050325
0.82384
0.89437
0.86676
-0.48598
-0.19391
-0.86183
-0.89952
-0.42962
0.91744
-0.2449
1.0591
0.92062
-0.93358
1.0265
-0.70115
-0.79271
-0.73691
0.25811
-0.68047
1.0302
-0.93423
0.22456
-0.86131
0.87516
-0.27626
0.047047
0.90124
0.54164
0.92884
-0.15534
-0.12681
0.25536
-0.018446
-0.36163
0.5036
-0.93114
1.0105
-0.76678
0.2917
0.70202
-0.12292
0.77584
0.92136
-0.7547
0.11369
0.41322
-0.053827
0.24813
0.050592
0.56448
0.88549
1.013
0.65281
-0.46735
-0.38793
0.022108
-0.5412
1.0245
-1.0602
-0.32156
0.86014
-0.65709
-0.4301
-0.78409
-0.59294
-0.97972
0.87507
0.89066
-1.0445
0.89337
-0.76184
-0.93231
0.28866
0.28842
0.39128
-0.19411
-1.1644
-0.64577
0.23687
0.23306
-0.13335
-0.73089
-0.68002
-0.090328
0.82612
-0.9325
0.91047
-0.93367
1.2182
-0.89501
1.1467
-0.85628
-0.89988
0.74208
0.93791
0.65719
0.21595
0.98291
0.93662
0.90377
-0.84538
0.95096
1.0505
0.31887
0.34483
-0.41235
0.13919
0.18123
-0.27433
0.71907
0.73833
-0.84774
0.32533
0.36318
0.89675
-0.028805
1.2291
0.15905
0.80802
0.25685
0.0010643
0.15711
-1.1907
0.71996
-0.85039
-1.0873
0.57331
-0.63693
-1.0535
-1.0132
0.76624
0.50354
-1.1149
0.98271
0.9382
-0.59967
0.61513
1.0972
0.93455
0.81193
-0.17179
0.9449
-0.80291
0.26224
-0.27749
1.1568
-0.91124
0.11498
-1.0786
-0.24238
1.1198
0.73676
0.46767
0.48401
-0.26908
-0.23523
-0.81423
-1.054
-0.16775
0.99881
-0.24446
0.0019818
-0.99142
0.1978
-0.25124
-0.76649
0.4444
-0.41388
-0.058008
-0.10259
-0.96983
0.23125
0.26277
0.37379
1.1185
0.39448
0.86891
0.93791
-0.94613
0.78926
-0.61615
-0.93235
-0.88766
0.15263
0.59712
-0.50606
0.21306
-0.29915
-0.9121
0.9758
-0.22742
-0.51602
-0.79127
-0.91727
-0.66268
-0.045825
-0.8998
-0.78661
-0.41366
0.23883
0.36178
0.99839
1.0642
0.62794
-1.0098
-1.0001
-0.6709
0.82194
-0.90329
-0.69783
-0.17552
-0.9847
-0.67527
0.52915
-0.56379
0.83696
0.82873
1.0754
0.92855
-0.97814
-0.40247
-0.2287
0.87975
0.97396
-0.67323
0.91545
-0.96313
-0.81315
-1.116
-0.21922
0.82086
0.9887
-0.58972
0.46222
0.82918
0.60494
-1.0426
-1.0985
-0.9285
0.82356
-0.36508
-0.81013
0.79511
0.1775
0.72335
0.70715
-0.41368
0.51515
-0.6538
-0.77213
-0.99635
-0.42618
1.0156
-0.25457
-1.0187
0.54623
1.0601
0.90438
-0.60241
1.0367
-0.52182
-0.0311
-1.072
-0.6724
-0.59485
0.16255
-1.2326
0.81756
0.77534
-0.26645
0.52882
0.77473
-0.79186
-0.68678
0.80759
0.95314
0.54912
1.1924
0.60041
0.036349
0.40831
0.63131
-0.8665
1.0565
0.12984
-0.94302
0.16327
0.76591
0.75732
0.79248
0.097857
0.74519
0.13964
-0.93444
-0.032402
0.7729
-0.68972
-0.51714
0.78885
-0.82188
-0.50551
0.20785
-0.84037
1.0974
-0.71637
0.95362
1.1219
-0.51331
-0.94878
-0.88589
-0.75601
0.88897
-0.64045
0.027807
-0.11254
0.77483
-1.027
-0.77742
1.03
0.71979
0.77801
-0.8152
0.65267
0.65756
-0.92088
-0.61603
-0.15789
0.096601
0.99009
-0.32781
0.19895
0.65605
0.78426
0.43825
-1.0904
0.87618
0.98561
-1.1284
0.90562
-1.1423
0.24674
0.92957
0.17928
-0.92357
-0.087556
1.1439
0.87903
0.3755
-0.00084145
-0.88359
1.0825
-1.2462
-0.33351
1.0351
0.9718
-0.39472
0.1254
-0.79457
-0.73053
-0.84543
0.8969
-0.047506
0.78624
-0.78705
-0.013204
-0.13941
0.27244
0.3102
-0.53826
0.85464
0.58772
0.40844
-0.13685
0.86385
-0.56172
-0.25884
-0.43831
1.097
-0.028978
-0.25491
-0.18786
-0.97068
0.90834
0.73515
0.91748
0.7999
-0.91772
-0.010441
-1.0447
0.73431
-0.18614
1.1326
0.9632
0.36112
-1.0536
0.039907
-0.90037
0.25882
-0.27021
-0.91511
0.061185
0.021356
0.47063
0.028897
0.50901
-0.63151
-0.74061
1.0295
0.89888
-0.93153
-1.0281
0.18749
-0.21564
1.0517
-0.015245
0.82995
-0.21696
-1.0144
-0.73735
0.1832
-0.050343
-1.0337
-1.2011
-0.31926
0.17624
0.85232
1.0254
0.95881
0.64388
-0.78629
-0.40181
0.3122
-0.58204
0.82741
0.44341
-0.60643
0.94844
-0.21962
-0.8254
-0.43717
-0.44328
-1.0565
-0.75767
0.30854
-0.77873
-0.11489
-0.53531
0.18022
-0.24981
0.83448
0.699
-1.0557
-0.47711
0.1502
-0.35801
0.52182
0.5908
-1.1821
1.0521
-0.067856
0.14349
0.2178
0.19426
-0.58896
-0.46564
0.83805
0.34158
-0.60736
-0.55645
0.84688
-0.70101
0.087748
1.1072
-1.0894
-0.97629
0.96845
-0.40403
0.8807
1.0851
-0.72095
0.68586
0.44721
0.3232
0.39785
0.39088
0.74156
0.75019
-0.87994
0.68108
0.86674
0.53845
-0.90534
-0.55702
0.3453
-0.59691
-0.81135
0.023239
-1.0928
-0.68584
0.92388
0.94284
0.94042
0.79315
-0.45746
-0.88043
-1.0953
-0.026453
-0.90172
0.50749
1.0127
-0.5539
-0.72492
1.0078
-0.75514
0.88529
-0.94956
0.93564
0.96912
-0.42115
0.83997
0.73118
0.10737
-0.7435
-0.95761
1.1888
-0.75905
0.14516
0.34237
0.22641
0.21249
-0.47966
0.66808
0.77354
0.91373
-0.74073
-0.68465
-0.74879
-0.9213
-0.97587
-0.87207
1.0637
-0.25025
-1.0292
1.131
0.93977
-0.20855
-0.25949
-0.86161
-0.87456
-1.0308
-0.61849
-0.20029
-0.71526
1.1063
0.51096
0.75487
-0.19042
1.0736
-0.53394
-0.78972
-0.65885
-0.94853
0.53403
-0.26012
0.15469
0.48417
-1.0471
0.05786
-0.42825
-0.18701
0.66594
-0.93196
-1.0619
0.80887
-0.8034
0.35484
-0.0052301
0.45754
-0.95204
1.0172
-0.81258
0.29753
-0.12997
0.17975
-1.1623
0.69742
-0.94918
0.017516
-0.93255
-0.91441
-0.024593
-0.88384
1.1274
0.91053
-0.53575
0.9549
-0.14956
0.98537
-0.48676
0.35289
0.96085
-0.67439
-0.19025
0.96581
0.9213
-0.87118
0.10344
-0.98159
0.11025
-0.4997
0.8446
0.8844
-0.43845
-0.105
0.53752
0.43639
-0.19916
0.40225
-0.38747
-0.7245
-1.0805
0.41396
0.1702
0.36712
-1.2025
0.63284
0.18634
0.22933
0.70544
0.51659
0.89673
-0.76522
-0.44394
-0.62053
0.86279
0.62123
-0.7748
0.43569
0.86752
-0.96721
-0.37208
0.65742
-0.88962
-0.23324
-0.6358
-0.15538
0.14021
-0.97218
0.36698
0.035002
0.062224
-0.23366
0.62642
0.89501
0.26685
0.037516
0.6058
0.44478
-0.55222
0.95432
-0.2766
-0.66607
0.57294
0.99345
1.1013
-0.16393
0.63277
0.98583
-0.51624
-0.12029
-0.36105
-0.99355
0.98792
-0.18415
-0.78412
0.48858
-0.14886
-1.0751
-0.90132
-0.89423
-0.24723
-0.47683
0.8892
-0.81671
0.83841
0.28091
-0.32127
1.0209
0.78314
-0.58398
-0.28982
-0.69423
1.1212
1.018
0.93369
0.5852
0.82762
0.93481
-0.65286
0.80197
-0.11244
0.48598
0.69242
0.92454
-0.15372
-0.72282
-1.0063
0.10654
0.71176
-0.98139
0.88586
-0.44657
0.62249
-1.1152
-0.76184
-0.043419
0.71947
1.021
-1.0084
-0.51203
0.98573
0.88762
-0.72
-0.4993
-0.66374
0.65618
-0.74846
-0.067597
-0.82105
0.86892
0.88856
-0.11455
-0.6887
-1.0389
0.84224
0.16191
0.44499
-0.32262
0.52418
-1.056
0.25839
-0.30695
0.24002
-0.43106
-0.65266
-0.21566
-0.37182
0.60868
-1.0055
0.90456
0.11266
0.72458
0.46933
-0.908
0.63256
-0.74945
-0.65682
0.56894
-0.69966
0.55548
-0.29574
0.64433
-0.95579
-0.57436
-0.88906
-1.0285
-1.086
0.0097836
