1250 10
5.2856 5.89 -8.6274 -4.8577 -7.7697 8.0998 9.7618 6.1163 -7.9222 -7.1299 
4.4231 -8.7846 2.2143 2.0675 -9.4818 -8.6991 -1.445 8.8628 -7.0738 5.5379 
6.4543 6.8537 9.8196 -6.2372 3.3536 6.5352 3.8522 -2.3204 5.0036 8.6681 
5.2909 8.6208 -1.2672 -4.6857 -7.4208 -6.003 0.90726 5.8334 7.3934 -0.32799 
-7.5887 5.1852 -6.8283 -6.5237 -1.9577 8.3537 -5.2139 -3.5537 -6.8834 -9.5407 
-2.3134 -7.6329 7.7367 0.17021 3.6227 -1.0949 -7.7377 5.8571 7.2032 -3.1991 
-9.4415 -7.4807 -6.726 2.5317 0.26509 1.4869 5.9496 1.1377 -1.1201 6.5322 
-9.9739 -4.0 -9.9653 -1.7087 0.76107 -6.7499 5.8747 -3.2529 -3.5454 7.6917 
-9.86 -2.4662 7.2872 -8.1222 5.1577 -2.3512 -7.649 1.7083 -5.4287 -3.4634 
-6.6443 3.1244 9.4807 -3.0037 6.9326 3.5723 -4.2635 9.2389 -3.1336 -1.1802 
-6.9913 6.9337 4.4315 0.58263 8.1918 8.2923 0.99595 -2.4045 6.2168 6.8216 
0.30988 5.5702 4.4131 9.8481 -0.17361 -6.5997 -5.4913 -8.5222 -2.6586 -5.713 
-1.6223 3.9766 0.99883 -7.8878 7.3468 8.181 4.8064 2.039 0.64477 8.4458 
1.8763 -0.42542 2.0404 2.6109 -7.1935 2.5303 -8.8333 -7.1553 -1.2786 -7.791 
-4.4604 -2.1564 -7.8788 2.0807 -4.8052 -1.8235 2.1261 -3.4567 6.5676 2.6468 
1.8565 0.98375 3.7727 5.4921 3.8659 -6.9314 -1.5169 7.021 -2.0365 3.1108 
1.7028 1.9006 6.5111 -0.62379 9.8211 8.7932 3.6692 -5.2001 -1.86 0.7124 
-7.5682 -8.8076 5.7601 -7.0777 -9.2774 4.5076 7.5748 0.020024 6.3428 4.6185 
-8.4281 8.3842 -7.9947 -5.6556 -8.2023 4.4661 9.833 5.6635 4.6636 4.3025 
-9.3587 -0.34838 8.31 7.4287 -9.4827 6.8501 -7.5294 6.5051 -7.4745 -1.2427 
-6.6366 -8.5283 -2.7605 8.8464 3.7663 4.0211 2.6598 -6.5926 -5.6586 8.0182 
0.48342 -3.1439 -3.5066 -7.8575 2.0504 -8.6824 9.1895 5.4064 -8.4541 1.6086 
6.8274 0.81432 9.133 0.063602 -9.8564 -4.9828 6.3524 8.153 -5.9991 9.2772 
-3.8718 2.1018 -8.1836 -3.9038 -7.8866 -9.2944 7.766 4.8996 -4.8425 -7.6487 
-6.1768 5.5357 5.0765 5.5197 7.8115 -8.3267 -1.8786 2.1536 -1.0165 6.8082 
-8.6976 3.2296 -2.4859 4.5524 -4.3758 6.0396 -2.567 2.2948 4.4006 9.4782 
8.9202 3.1143 -8.2258 -4.6391 9.273 -8.818 0.7913 0.014326 -7.49 9.609 
-5.1047 1.5564 9.5896 5.3699 4.2636 2.7254 1.7452 -9.9552 -7.5105 9.9586 
2.5081 -4.2511 3.5435 6.8278 5.4211 5.0306 8.2573 5.3273 -9.6095 -6.6375 
-5.8665 5.5464 6.5769 -1.9453 -0.22907 4.6342 -3.6972 -1.4597 2.2846 -7.1831 
-5.1651 0.43288 9.2526 8.8075 9.547 -8.6154 -3.8732 -1.5037 -5.4077 -1.2348 
4.8683 -0.58791 2.6244 -9.6886 -5.7602 8.4526 2.1549 -5.0117 -5.6073 -6.9419 
-6.8799 -7.5279 -9.4302 2.2816 9.8561 -9.1233 5.2898 -8.5389 3.0987 1.7703 
6.4634 6.8371 -0.085118 -6.8249 5.2064 -0.28533 -5.6556 -1.6617 2.3337 7.0292 
-8.1203 -6.893 -6.3255 -2.3762 -0.37171 7.9172 -0.97013 4.6664 -3.5706 -1.1088 
9.596 5.3328 2.2874 -1.5046 2.6437 2.2473 7.0266 0.10357 -9.1461 4.1587 
3.0644 -9.0396 -2.4318 3.6235 5.8519 -2.8968 2.2349 -3.5984 -1.6962 -6.517 
-4.3177 5.2718 2.6602 -2.2751 2.994 -1.2721 -0.46988 -8.4548 4.3434 3.9099 
7.3447 -2.9898 6.9428 -4.9205 -6.1283 6.9836 -4.2115 1.0948 -3.6651 -7.7802 
-9.3972 -0.80238 5.0272 5.378 -0.90747 -8.3759 -6.3149 5.5159 3.6202 -9.685 
5.2188 -9.0293 -2.4904 -6.3572 -3.9206 -6.8158 -6.8915 -0.88402 4.0838 -8.716 
7.9235 -4.1339 3.7606 9.9704 -9.4066 7.8062 1.8788 4.9428 -7.7642 -9.1564 
2.3775 4.9069 -8.9466 -3.5751 -3.6793 3.2948 -9.4027 1.1612 -8.5467 4.252 
4.4149 8.5206 6.1012 -7.5869 8.8639 -5.2676 -0.1363 8.4068 3.1021 -5.3755 
-0.723 5.053 4.5034 5.5429 -5.1921 5.9788 -8.9355 -8.3426 3.9111 5.2793 
5.1777 -7.0957 -9.2872 9.2451 1.4646 4.7136 -6.1086 8.6939 4.0665 8.6661 
-9.8572 -3.0603 0.034514 -2.1521 8.2746 0.64183 1.6513 -4.9342 2.6256 -4.2187 
-6.1303 7.875 8.562 3.5122 -5.8986 -8.1559 -3.5537 9.6456 0.82281 4.0022 
-8.171 -7.1646 -5.0401 -4.0628 -7.2007 -8.2452 -9.6762 0.27312 -5.4754 6.1944 
-6.6413 7.0238 8.4225 -5.415 3.7814 0.12776 -5.6102 -3.6509 4.7903 -3.4618 
8.845 -0.44931 -6.9612 6.8135 -9.6102 -7.7806 1.7098 1.8416 4.257 8.2218 
6.9886 8.52 -5.403 -2.2031 3.7791 7.0722 0.99981 4.7812 6.2507 -5.8924 
-7.2543 0.82819 6.7179 2.4476 7.6355 4.6186 5.5463 -6.227 -8.8516 -9.7507 
3.2145 0.56201 5.6486 6.3007 -6.3906 9.0945 7.9547 -2.2788 8.4386 -1.3661 
-9.2302 6.8415 3.9981 9.1404 -6.6399 0.77313 -0.37836 2.1802 -8.713 -0.5746 
-7.0367 -6.4071 6.9577 -0.08663 4.1186 7.8368 9.1465 -8.8729 -9.9665 9.447 
-6.3047 -4.4766 -7.4072 6.8753 -1.1226 7.4678 4.8293 -8.9124 5.05 1.6625 
2.9072 -6.8738 -6.7706 0.88447 9.91 1.2926 3.2663 5.3813 1.1927 -5.6071 
7.1311 5.6822 -5.9663 2.038 -2.1272 -1.0651 6.2716 6.9994 -6.1682 -5.2366 
7.0675 2.2717 0.64293 -1.1275 6.8421 -2.2715 -3.1258 0.12302 9.8838 9.1005 
-0.11924 2.6211 7.5497 3.6386 -1.0844 9.5282 -1.9304 -8.4444 -4.0509 -0.17332 
5.6175 4.6261 1.7571 3.4566 -9.1969 -0.044783 -3.0863 6.9576 9.7012 -3.1817 
-4.5069 -7.6328 -3.4829 8.378 -4.3209 -0.22971 1.0342 2.4441 9.2354 7.097 
9.3476 9.4795 3.7144 2.26 -0.62245 6.9766 -7.7842 0.92823 2.5451 4.6219 
9.8106 -7.5107 -8.4903 -5.3447 -1.609 2.5811 6.4957 -2.7623 4.1192 -6.0885 
-8.311 8.0343 -4.2563 -7.1319 -5.8909 9.7398 -6.6188 -8.9603 0.53632 8.0785 
-3.4041 -8.4159 1.8549 -6.5369 6.587 -7.218 -8.2463 0.64132 -8.1255 9.0015 
-4.634 7.4822 -6.5362 5.0599 6.3082 -9.8564 1.2179 5.9119 -6.7081 -3.0885 
-5.6815 2.0972 -5.7803 -8.4909 -1.9371 2.8615 -0.37059 -9.52 -4.7433 -6.1322 
5.3404 6.951 7.8299 -8.5205 -5.8275 -6.1175 -8.1996 -5.7871 -5.3691 -5.2546 
-2.6989 4.3036 7.5593 -4.9006 -7.5879 -2.2183 7.9178 6.9181 -4.0727 -5.6056 
-6.9197 9.1977 -6.2888 -6.9174 -0.85374 8.4371 -7.4261 7.4817 9.5694 7.4079 
-6.6996 -6.1275 -3.965 -6.1911 9.0713 -4.2526 -0.3312 -7.072 6.1308 -9.2866 
7.8673 -8.4971 -3.014 2.941 5.0577 5.3885 -6.2994 -5.6858 3.8771 2.5549 
8.9158 -8.3174 -6.46 5.7647 9.7992 -2.527 3.779 -0.13973 -0.67009 -1.0089 
0.34935 9.2212 -6.4019 -9.8352 -9.7188 -7.7198 4.8146 -2.7754 -0.5527 5.5936 
-9.6325 9.3048 5.6289 9.673 0.56961 -6.5217 3.6496 -6.4761 6.6183 -0.26755 
-1.6139 8.6456 3.5244 -9.8429 -0.5042 -4.2526 -1.123 -9.4288 9.4813 9.3297 
-7.5583 3.7381 0.79104 6.2304 9.0029 -4.3236 -1.792 -4.9603 -3.0478 -9.4599 
9.037 -7.2341 2.4262 -7.825 2.7383 8.8086 7.8767 -1.2205 0.46142 8.6168 
-4.5964 2.955 -4.7548 8.399 8.1785 0.16473 1.0472 4.0881 4.7853 -9.3167 
7.8731 -1.8501 -3.7564 -9.4157 -2.7275 9.663 1.7636 -7.114 -9.0968 4.0022 
7.9038 4.0701 7.0742 2.1462 9.7876 -5.3103 -0.16147 -7.5308 -1.425 2.4599 
5.5106 -5.5058 -8.8182 4.4316 2.129 8.667 -3.139 5.9373 -3.6465 -0.20664 
8.1764 9.912 -3.2727 -8.4385 -6.6804 -4.4946 4.7311 2.0939 -0.11479 -8.425 
-9.6664 -7.9723 8.8498 4.4877 -7.8674 4.3177 7.0292 -9.848 -2.9283 -6.5684 
9.1858 6.3622 -7.3952 8.3295 9.8448 3.6349 -8.0786 -2.9411 5.2837 5.5059 
-8.4949 3.7168 5.1287 3.9564 -4.7559 -7.1312 2.4561 -1.3627 -2.6875 -6.9886 
-4.2973 -2.0966 -8.668 7.7428 6.4765 2.8596 5.3454 8.8165 6.6031 9.9693 
-0.23766 7.828 8.9602 2.0466 -5.1695 -6.3459 -0.235 -4.054 7.9769 -8.3847 
9.4114 -2.3547 3.0734 9.5375 6.3097 -2.6692 -1.0008 -6.2322 -1.3447 7.6498 
1.3623 -1.0803 -7.9351 6.1709 2.3386 -4.6956 -5.0786 4.9605 -0.36445 -0.78648 
-4.5206 7.4477 -1.9946 9.3548 -3.7914 -5.135 7.1948 -7.6275 2.2348 0.32965 
-7.4183 7.7006 1.4042 -1.1844 -9.5953 9.9329 -7.4362 -4.0919 5.8843 -1.1294 
-6.8962 -5.8442 2.6398 4.0005 2.621 8.3538 9.9809 -1.9336 6.7217 9.1325 
-4.6238 5.9169 -4.6046 2.1836 9.6015 5.3438 0.38595 -4.0647 8.4991 2.392 
-1.3222 3.8286 4.8019 -2.1354 2.8678 2.9514 3.6987 8.5962 9.0803 -3.286 
-2.0819 2.4035 -2.525 -7.3401 6.2753 9.8352 1.5031 6.6412 -3.0911 -1.0828 
-1.4951 -1.9057 5.4595 2.9853 3.1686 -8.1054 -3.7668 0.075148 0.834 4.905 
2.2878 -7.0788 4.8547 1.1576 2.6665 -6.7067 -1.3278 -3.5732 -7.9831 1.0769 
-1.0639 -9.07 8.8795 -4.0815 1.6982 5.5973 -9.4443 -4.5546 -1.247 4.8759 
-9.7595 -5.0863 -8.0439 -9.0174 -9.143 -2.6495 5.7413 -4.318 8.0339 2.6149 
-9.3146 -6.5404 -3.613 4.156 1.2603 -8.5692 -4.4455 9.7761 -0.47449 -6.7113 
-2.0246 -4.7972 -9.9878 -7.4602 -8.4955 -2.0765 -2.5013 2.9716 6.8232 2.0179 
9.589 9.1335 -0.041397 7.9751 0.24883 -9.1628 -4.5102 5.3871 8.6862 -2.1563 
0.85538 2.1785 9.3674 -8.8889 2.6515 7.0465 6.7957 8.0578 1.5496 1.857 
8.2477 2.1712 -9.5192 -4.7196 9.6236 -3.9201 -8.9596 -0.16012 -7.7612 -7.1713 
-3.5168 -4.9884 -0.0013964 -8.4422 -7.2668 1.8959 1.4779 -6.5062 5.1336 -1.8032 
-4.1897 5.7 -1.6751 8.6352 1.0168 -4.2042 -1.1776 -3.1187 5.9805 4.5154 
7.5795 -9.7743 6.5436 -9.8534 -6.3505 -3.8112 -0.59409 -4.1003 -0.030522 2.1766 
5.5829 -7.5305 4.3743 -7.4572 -8.9048 1.2892 -7.3372 4.8394 -4.8359 1.265 
-2.1118 2.8719 -9.1605 9.9829 5.5116 -5.5817 -5.3056 2.1193 -4.014 -9.8373 
7.6465 8.0298 5.2914 -3.5417 4.5403 3.3616 -6.9326 -4.2649 -5.0619 -7.197 
-1.4866 -2.2947 -6.3395 -9.5718 4.107 2.1025 -1.9405 1.076 -1.3716 4.1562 
-0.67244 5.3463 1.9212 -6.3402 -4.9629 5.8618 6.9653 6.7195 5.5137 -4.8605 
-1.5014 7.7626 1.9906 -5.5156 0.031809 -9.0569 -8.669 0.97885 1.9751 4.4645 
-0.8958 -8.4807 6.9464 9.1154 -1.8366 -7.5755 -0.76702 9.3006 0.25529 1.1884 
3.9085 -2.9477 7.1876 -7.3613 7.1163 1.9848 -9.3821 5.5268 -3.2809 -3.293 
-8.0884 9.2799 -6.9371 -3.0052 4.5448 1.3219 -8.1673 -6.1152 -4.8778 -1.9415 
4.6692 1.2147 4.7097 8.4134 -3.0349 -2.8306 -7.6984 2.619 -7.0492 6.2797 
-7.3996 6.9911 7.2724 -2.086 2.3852 5.308 -3.4361 2.9624 9.0559 -2.9108 
-0.069426 7.0356 8.9879 7.558 -3.9503 1.6881 -5.3436 -4.5011 -6.3752 -0.93955 
-4.8068 4.4775 -2.3353 1.9999 2.8396 -5.6878 6.5824 3.6597 -5.752 4.1393 
1.8333 8.9187 -8.1306 0.47593 -3.028 9.9114 6.1018 -3.0744 3.3273 9.3401 
-5.4476 3.9337 -6.0207 -8.1512 -8.3584 -3.5146 9.7722 7.5954 5.403 5.8235 
9.1024 -8.6558 -2.7825 9.1264 0.62906 2.401 2.1364 9.8778 -4.9055 -0.99275 
-8.7398 -4.1989 8.4828 0.75381 2.9278 4.6894 6.0119 -8.5759 6.7955 7.0457 
-6.3351 -6.0563 -1.2185 6.2207 -2.5798 2.7398 4.6351 9.8285 9.9182 -2.6909 
2.4848 -6.8524 -2.4577 0.84188 1.9317 3.0728 5.4154 -3.9382 -1.916 9.9805 
-4.1719 -4.0777 -0.50397 3.9933 -1.2547 1.7893 0.54083 -6.6335 8.5369 -8.3243 
-7.2563 -4.8504 -8.3072 9.7255 -6.3327 -3.4965 -1.7298 -8.4007 -9.4641 -1.7659 
-6.2213 -5.673 -0.44209 -8.1974 -2.8437 -8.9798 3.1645 -5.8279 8.7858 -2.6309 
9.1323 0.52052 5.4257 8.9876 8.5173 7.4768 -5.3572 1.8759 4.515 -2.3469 
-4.0677 -3.5822 -7.0039 -9.0268 -7.1631 3.5253 6.873 8.821 9.9617 1.3913 
-5.2559 -4.3064 -3.9289 8.9929 9.805 8.9941 -6.2097 -9.0226 -1.3274 5.8652 
3.2032 -8.4702 9.6978 -6.1378 -6.11 -7.3567 5.9372 -6.7194 -0.71343 -9.5387 
-9.9141 7.7018 -2.0769 -5.9673 -2.1284 -6.8112 0.85192 -2.7792 -0.033309 -3.2526 
-8.4366 -7.2481 3.2741 -3.2363 -2.1178 -2.7077 8.8473 -4.6088 -3.0783 9.217 
-3.8083 3.325 5.4377 -9.5364 -8.8011 9.862 2.4826 2.8089 1.3844 -0.14824 
-5.5206 -9.9746 2.2762 -2.7117 -4.9942 -6.1565 6.0355 -8.4489 -3.3476 -9.716 
3.9058 7.8005 -6.441 -0.23076 0.11696 -1.6003 9.508 3.1057 6.4802 -2.1437 
4.0046 -0.033448 -9.6098 -6.4687 -8.2827 5.4897 -7.5198 2.1137 0.50215 -2.8271 
7.0363 8.7475 -6.0449 6.6186 6.4239 -1.4484 8.655 -1.6383 8.1322 -0.015544 
1.1812 -9.6609 0.98718 -9.5012 -0.76281 3.4197 -7.3041 -0.34875 -2.8912 4.554 
1.4066 3.9454 -3.7904 3.3467 2.9596 9.5781 -9.8443 -3.391 -8.3923 -1.5696 
0.61841 5.5664 -5.9638 4.5549 -5.9512 -7.7838 -5.7959 1.823 -7.0923 8.7375 
7.1777 3.0498 -0.011031 -8.8493 7.5591 7.0242 7.7782 9.6995 7.5249 3.2316 
-1.0731 1.0317 2.1832 2.1431 6.6248 -9.2748 3.9763 -0.23991 -0.19496 -7.9675 
-2.3324 0.34796 6.1556 -9.8233 -7.8917 -3.329 5.0326 -7.1232 8.0028 7.759 
1.9072 -1.9007 2.3085 3.0215 -6.6517 3.852 -5.6884 -4.308 -6.2524 6.0955 
-3.8992 0.8123 -1.8876 -1.1714 -5.599 -8.1212 6.3697 6.4886 0.15735 3.82 
-7.9778 -4.527 -0.57755 2.2096 9.5516 7.6572 7.855 7.1576 -8.5994 7.5842 
-2.5612 -6.8954 -9.8539 -6.9408 4.6765 -0.58098 -9.9019 -4.3445 -5.2384 4.4463 
-5.5569 7.6493 -1.2679 -7.083 -4.6044 4.4531 -7.6083 -1.1152 -1.4628 1.1723 
2.8645 -6.2406 -6.7927 9.5173 -2.1684 3.6403 -2.8128 -1.3357 -6.2216 -8.5211 
5.5331 -1.2839 -0.61607 4.5961 2.1683 -9.3742 7.8336 -5.8262 4.3555 3.1233 
-1.3993 -2.7389 6.3288 -9.5879 1.8209 -9.8683 3.7873 8.4235 -7.3567 -9.5882 
2.4212 7.6205 0.94189 -3.5558 -5.1393 -3.8169 -6.158 -7.4054 -4.717 -8.6592 
-4.4185 6.0249 -9.1728 -2.6035 -4.13 8.9083 -4.4151 0.68147 -1.1726 8.2857 
-0.43904 -9.8809 -4.4041 -5.9395 6.3495 8.8055 7.3131 2.0146 -3.2428 6.3952 
-3.7052 1.7909 -8.9452 -0.16669 8.792 2.8505 -3.61 -3.4706 -0.1683 -2.4831 
6.5434 -1.8644 -2.9683 -6.9823 -8.5009 1.0675 5.1504 5.2037 2.535 -4.6701 
4.8632 -9.3811 -7.1928 6.8887 -4.8322 3.2737 -5.9931 0.99721 9.2893 0.93944 
-7.1138 -1.3523 -2.8033 0.59679 -9.1106 8.311 8.0635 3.1974 0.10628 -5.3107 
-8.6347 -1.7358 -5.957 1.943 -0.84458 -8.6832 -3.2166 -3.4538 -4.241 9.3998 
0.64273 7.709 -4.1748 -3.7284 -3.9489 -2.0311 2.3533 1.1925 -2.4104 0.88297 
4.8791 -5.465 4.994 -3.1472 -2.2 -6.7061 9.0008 -6.3073 -2.2147 -0.35634 
6.7147 9.4936 5.7997 -0.81844 -3.9804 2.2519 -1.5245 3.9385 8.8892 -9.5215 
4.4133 0.19697 9.883 -8.6766 -9.5274 8.06 -8.2811 -5.8767 -1.9669 3.3862 
7.7525 6.4304 7.538 -4.1043 -8.0116 3.7805 -4.9411 -4.0881 -2.6879 9.6995 
-6.7429 -5.9273 -5.8658 3.7855 1.5322 -0.99247 5.0688 3.3381 1.0441 6.5358 
-5.9752 -6.1614 -5.7942 -7.0769 -1.8391 -3.6093 6.0325 -5.6872 4.5969 5.7467 
7.6392 7.7964 8.8525 9.572 -5.3829 -2.918 -0.19536 9.8963 -8.7019 -7.4212 
-0.76082 4.6501 3.3381 9.8039 -2.4307 -6.152 -3.5214 6.452 3.5793 9.9399 
-6.259 5.0452 -8.2038 -7.0725 2.7922 -6.3553 -0.020478 8.7371 -6.3135 -1.7131 
4.4976 -1.922 -0.21948 -1.5607 -6.8505 -5.7977 -1.8981 -5.3391 -3.7863 9.1939 
7.6711 4.4357 -6.9108 3.8269 -5.6285 -2.2181 1.0052 2.0445 5.1719 -6.1831 
5.9602 -1.6633 7.5106 2.0456 -4.0882 9.1425 -5.9573 7.5631 -8.6929 4.9509 
6.8594 9.7318 7.6965 8.1132 3.658 -5.3392 2.0987 -5.2636 7.1368 8.806 
0.76093 0.78106 3.1854 -6.7147 6.3035 -0.091135 -9.2131 -7.1407 -1.7489 -3.5576 
-5.8082 -1.5259 -9.46 -3.0833 -4.0713 -6.8793 1.289 3.9648 7.8711 -9.9786 
0.60891 -8.5804 9.1609 -0.50132 -6.7773 -1.6107 8.8859 6.8238 -6.8631 4.8038 
6.866 6.914 2.9191 -3.0252 6.5459 7.1161 -1.1496 -2.7743 -5.0069 -1.2978 
-5.6932 3.1494 -8.1999 1.5411 -0.58771 -9.9117 5.2653 -8.9972 4.6596 4.7249 
4.3345 -2.6539 -4.36 1.217 5.2564 -8.0432 -1.4386 -2.5266 2.7533 1.3848 
7.2534 3.9942 5.3391 9.2281 7.6802 8.6623 1.6477 -8.3822 8.3182 -9.5699 
-0.57471 -4.5285 -6.0819 -0.3149 1.9506 -4.1731 -8.2905 -2.6387 -4.5012 -8.9868 
-0.78992 -7.101 -9.5014 -0.50555 6.0574 9.5201 -6.6536 3.1314 -4.0693 -7.4424 
8.8506 -3.905 -7.3652 1.1777 6.6504 -0.63259 1.0364 -3.6299 1.3303 1.0522 
2.5669 -7.7617 -3.0199 3.9878 6.0794 8.4096 -7.742 2.905 -3.8654 -3.7238 
6.1277 9.6641 3.7907 8.0015 3.5177 7.6284 5.1036 4.0085 -0.44207 2.5551 
-1.9692 6.2163 -8.0879 -4.3551 0.90275 -1.5904 7.9361 8.3256 8.3997 6.5942 
-3.5721 -0.64469 -0.015609 4.0594 -0.40659 5.2507 -6.4408 0.92733 -7.4875 5.1379 
-2.4239 -2.3918 -7.3605 2.4535 -3.7449 -1.5404 -0.94099 -1.818 8.1987 -4.787 
4.3794 3.8491 2.537 -4.2655 -0.29586 -6.0471 0.99159 -4.7414 -1.7421 7.3508 
-6.1387 -7.9045 0.8772 8.1709 -1.3088 7.7467 -7.1231 -7.0746 8.1155 4.9497 
-0.20026 -9.4321 2.0759 5.6985 1.3127 -2.9009 8.1785 9.9743 -6.4837 7.9251 
-7.5846 -6.0174 6.0908 8.7302 -4.834 8.1588 7.1607 -6.3524 -6.8352 6.5938 
-7.2016 -4.7299 0.44789 7.835 -7.8222 -0.24523 -4.2567 9.3701 6.5471 -4.9364 
8.9439 9.7477 -7.9791 -3.2816 9.2749 -9.5215 -4.7909 7.8286 -0.48901 1.764 
2.6189 -5.8672 3.5681 2.382 -8.6154 -2.6472 -3.4415 0.74284 0.60223 -2.3649 
-1.2269 -8.9296 6.3709 -0.68939 9.9519 3.1778 4.8788 8.3705 4.9572 1.4023 
4.1552 -8.2771 -2.4796 -7.5732 8.7518 -2.3267 -7.025 0.86992 0.39711 -2.0006 
0.59293 -2.8383 -9.9986 8.7236 0.901 -6.1236 4.2198 9.5506 6.9323 1.2437 
3.0485 6.692 -9.6743 0.57337 7.0552 0.21872 -8.4663 3.3335 -9.2757 0.20564 
5.5637 -9.4194 -4.8094 8.2424 2.0396 7.2941 7.0804 3.3694 -7.6656 -9.003 
2.3604 -7.3438 8.8553 -5.2325 -1.3744 -0.98123 1.7962 -2.5452 0.13546 -4.229 
0.041747 -6.2728 -1.9829 -3.5395 -8.8379 -2.3898 4.2953 8.0293 -2.6251 -7.5258 
-0.29255 9.0102 -7.0011 2.8418 -3.7716 3.2466 -7.6073 -3.9435 -6.6256 -4.5354 
-7.797 9.9378 -3.9007 -2.1993 -9.9126 -0.2778 3.0065 -3.2877 5.8132 6.5567 
8.331 9.0107 -6.6862 -8.9447 5.0551 1.2274 6.3485 3.02 -7.6014 8.0272 
-1.3476 9.1882 -2.5171 5.7782 9.0776 -8.6688 -8.6104 -2.406 -0.36113 0.63822 
-1.46 -5.4649 3.2846 3.3557 9.3866 8.8318 1.6421 -5.4715 -8.0864 -4.6839 
-9.4143 -4.7905 4.6332 2.3434 6.4358 0.40004 -5.1387 7.3342 1.8546 0.39009 
0.20853 -2.3266 -7.3006 -8.3714 -8.3409 5.3147 -2.4453 2.2712 -2.7507 8.8787 
9.2741 7.5124 -5.0314 -4.6632 -2.8349 -6.9874 8.0842 -6.7976 8.1212 -3.2525 
-4.493 9.182 9.5276 2.0299 -4.7356 4.785 0.64506 4.4883 2.2843 7.5718 
4.8682 2.6134 4.0769 9.0819 -6.955 -5.3419 8.7449 2.3045 -9.7351 4.1429 
-7.6639 -4.4276 -1.4482 -5.3013 3.4603 -0.28954 5.2711 3.3988 1.2834 8.8272 
5.3866 -8.1397 -7.1238 -6.4441 -9.145 -6.4536 3.3888 3.8439 -3.3298 8.2997 
5.3144 -5.9544 -0.82921 -2.0248 -9.2387 5.4807 8.5222 6.0985 5.3338 9.3584 
0.81533 4.8715 2.0051 -1.4917 -8.4697 -4.9127 -3.6602 6.8687 1.8801 -6.7552 
-6.6136 3.6339 5.0828 2.029 -5.6517 -1.9579 7.4996 7.8383 2.415 6.7468 
8.6024 0.58861 -6.2752 -8.1691 3.7472 -5.7678 -4.5675 -8.2227 -9.9679 9.2233 
-5.8358 6.7489 6.4595 9.0467 7.2448 -5.0332 -0.96417 9.5759 3.7795 4.9197 
-9.6048 -0.67405 -5.4231 -6.2488 -6.2198 -9.4661 0.97198 -9.3523 -6.9736 8.5122 
2.0322 -3.5525 8.1185 9.4561 9.2127 -9.1593 -8.5197 6.2089 -7.3553 -9.9699 
2.1474 1.7451 9.0705 -2.7855 -9.4692 -8.0184 -3.9486 -3.023 -5.9496 5.5114 
-0.6229 2.7909 0.030355 9.5449 -9.9498 -1.8698 -7.2443 -3.7079 4.25 3.9276 
1.9263 -9.6503 -3.3576 -7.1831 3.8348 -7.9261 -7.0292 0.39798 -0.90013 -8.0925 
4.4692 -9.2652 -6.1096 -4.9428 -1.7104 -0.30974 9.9783 2.1512 0.24406 1.4645 
-1.8378 -8.8973 -8.4177 -6.3306 4.7356 -2.6786 2.1328 0.040763 -3.5568 9.4123 
1.9523 -8.7203 -6.7272 -1.7695 -3.0537 -5.0191 -8.8171 -1.8317 7.5648 6.0016 
-1.4858 -8.5725 2.6572 -0.23055 -1.7401 -5.1113 9.0384 -9.3173 2.4763 -6.9158 
-7.5632 9.2955 5.1676 5.8726 2.14 6.8493 0.60144 1.9885 2.4716 7.1177 
-3.0009 -8.3369 -0.27857 1.5031 -5.6813 -9.7464 8.4057 1.7538 8.7446 7.8143 
0.93491 -0.89471 -4.6517 -0.48585 3.4469 9.8304 7.5696 5.8686 -2.5232 -0.69888 
-7.458 9.1239 2.4304 0.7612 8.1423 -8.0235 -0.79574 1.2492 8.4582 -9.4063 
-8.3701 0.17272 6.7996 -9.1965 9.4458 9.6282 -1.9582 0.35574 -6.3388 9.7694 
-4.2109 -5.7938 -6.0356 -0.76905 9.9041 1.2888 -0.21747 -0.14354 4.4026 -9.995 
3.5363 9.9691 5.7397 4.3491 -7.4347 8.7803 -9.531 0.40876 9.2865 7.9114 
-0.85916 9.3982 0.76782 1.9475 9.7932 -6.9414 -9.9607 3.1963 -4.2101 -5.4066 
-0.015698 3.463 0.18069 9.4209 5.8478 0.4771 -1.4473 -4.1539 -5.3963 3.8005 
-8.8304 -8.4699 1.1393 3.2512 2.0116 1.5476 3.03 8.9754 5.7869 2.3234 
-8.5279 -5.7661 -3.6194 -6.9672 -0.22777 -9.796 -7.5536 0.83633 4.6735 -2.5679 
-3.2425 -9.0848 -1.7741 -7.4061 3.887 2.8292 7.874 -1.3102 -7.0416 -9.5625 
-3.2786 0.11421 8.089 8.2045 -8.8534 8.0146 3.1902 -0.21795 -2.3101 9.8076 
9.6992 9.0032 7.3267 8.3964 3.3925 1.2626 -1.1724 2.4568 6.495 -8.3479 
5.0333 1.5512 8.4507 -7.2261 9.8442 0.82353 1.2558 0.007322 4.5142 5.5043 
2.9306 -1.2111 1.2747 -9.0135 -3.4655 7.6778 0.1312 -3.1902 3.4237 6.0043 
7.6573 2.0401 -6.2735 -4.8537 -8.423 4.7278 -9.1011 0.90355 -7.5025 -3.861 
0.2378 -5.7091 3.5318 8.824 4.639 -7.8737 9.4637 -8.7499 9.752 3.8727 
-2.4759 3.4513 -2.854 -2.0444 -4.2203 8.5733 4.197 0.7025 9.9146 4.4509 
7.6752 -3.5228 -6.3964 -2.3208 -0.68338 -8.0419 -2.5881 2.9506 9.0871 6.6224 
-5.0848 2.6829 -1.7307 5.2619 9.3034 8.5782 -0.19893 0.62244 -6.5145 -9.1129 
-6.7199 -2.8884 6.0192 -6.8137 -9.9632 -0.55696 8.3736 -4.0322 -9.8358 1.7709 
3.1721 -6.9484 -4.9743 6.9676 0.45898 -5.4915 0.39417 -0.12082 5.1368 2.133 
-4.8876 -8.3103 3.2998 -3.3007 8.0213 9.751 2.6247 1.7104 -4.5406 -5.2635 
-6.8479 4.776 -6.4607 2.6675 8.1738 -6.0447 -2.52 2.9807 -8.979 0.07864 
-4.4679 6.7483 -1.3583 -9.3754 -9.1265 -5.3845 3.8931 -1.022 -6.2715 0.7624 
-4.0258 -2.6505 -8.0836 2.5996 -0.56017 4.0854 -6.7632 -7.995 5.5515 -8.9086 
-9.8819 -7.459 -3.9809 5.5652 -7.3543 0.9936 -5.5016 -1.8392 -9.0628 -2.8976 
-5.427 -8.5334 4.3941 -1.1978 2.6221 0.48675 -7.9938 -8.034 1.0724 -4.3602 
3.4024 7.8443 -2.3292 -7.8269 7.7647 3.296 -2.5585 5.701 9.2503 4.3239 
9.6333 -5.3039 -1.2321 -8.3313 5.3577 -4.6144 1.7347 -2.071 4.7707 4.8119 
-4.877 5.344 -9.8182 2.4964 -7.7532 -0.32783 4.1816 -6.1935 7.8925 5.6623 
2.3835 -0.25877 -6.5494 -3.7177 -8.9304 -0.76811 3.8001 1.42 9.9126 -0.5964 
9.4366 5.9286 -8.336 6.9892 -4.1412 -5.3963 9.0846 9.3591 0.15879 4.7796 
-0.15657 -3.8279 3.1026 -8.3882 6.9017 2.9966 -8.7944 -5.5993 -3.3783 9.7684 
-3.9795 0.17187 -1.3018 5.1923 3.7535 -3.5126 -0.78813 -3.9788 -0.86332 -9.5891 
1.9419 6.1424 2.8497 3.8715 8.7424 4.1146 -8.9896 -9.8952 -7.9259 0.081094 
0.86766 5.0063 0.3583 4.0773 -4.14 -1.5474 -5.7728 9.2902 -0.19939 7.088 
-7.4046 7.235 -7.3675 -6.758 -9.8928 9.1026 3.6428 -6.4652 8.0674 -1.9161 
1.0444 1.0659 -1.4142 -3.4462 4.2513 -1.6906 -8.8685 1.7196 -3.8826 6.058 
-7.0187 5.9129 9.869 5.0421 -4.0382 5.2658 -4.4602 -7.4076 -7.0526 -7.0616 
-4.829 8.9972 -2.3869 -7.6868 -1.6378 2.5462 -2.0635 2.4566 6.5281 -0.055789 
0.57424 4.9168 6.7788 7.35 -3.6154 7.9023 6.4811 -4.3208 -7.8787 3.1433 
6.2675 -8.7603 -9.0262 1.0514 0.74166 6.9102 0.943 3.5271 8.499 -2.2482 
4.3707 -6.193 -6.404 7.4301 0.1663 -4.8623 -4.0918 1.0212 8.4255 -4.3563 
0.016386 4.929 4.0642 9.5022 4.5762 1.079 2.4737 -2.5025 5.015 -3.8426 
7.8796 -7.8155 -4.0429 2.3726 -4.1865 9.9358 -9.9965 2.4364 -5.3661 -6.3919 
9.0143 9.5348 -1.5351 -4.4923 3.088 5.5161 -9.6235 5.985 -4.2036 8.0228 
-0.75289 5.4665 0.67549 -9.7551 1.0553 -8.2362 -2.5218 0.52349 9.2618 -3.3508 
-4.2481 9.886 5.4327 9.1076 -0.3997 0.9611 6.7369 1.0092 1.3424 6.755 
8.5273 -3.6546 -5.2397 3.9004 -4.512 8.3698 1.1 8.132 4.0748 -5.6945 
-0.073436 4.6795 2.5121 -6.9721 4.7514 -1.6751 -9.7923 0.13809 1.2285 -2.978 
7.5466 6.3104 4.36 2.6898 6.4537 -9.692 5.4947 -9.2651 -0.69503 6.835 
-5.7352 -1.6918 -5.6226 -5.9129 -4.5761 8.4575 7.5217 -3.1498 4.7368 -2.2055 
-7.712 -1.067 -0.21438 8.7211 0.24873 -0.58531 5.1272 -4.4673 5.6492 -1.8309 
-7.5137 1.5235 7.7182 -5.4512 -9.9972 9.0697 -4.585 -3.2525 0.31532 -5.7027 
1.4821 5.2535 9.9914 -6.978 -2.7206 -6.8947 8.8838 -9.2738 -6.0664 1.6666 
-0.67256 2.3788 5.7312 9.7292 -3.9604 -8.0999 -9.3271 -1.7376 -4.1833 7.6246 
-2.5192 -3.7043 -6.7434 9.243 -1.2694 -5.7849 -6.4395 5.4411 -8.4781 7.7523 
5.0923 6.0319 2.5384 7.2089 -1.0513 -1.7748 -4.0547 0.37042 -2.3421 9.5957 
-0.88796 5.2645 -3.4722 -1.3552 -3.0365 -8.4786 -5.4738 9.2706 3.0874 -4.1782 
4.1206 -5.0853 1.9907 -0.41299 -5.1548 -7.6053 -6.406 4.2759 4.5404 -9.0815 
8.5902 0.14947 4.9721 6.2965 7.3738 -6.4436 -1.6947 -5.4734 -6.3307 8.1322 
6.4093 -7.0596 7.2506 -1.5947 6.1894 9.6819 -7.7453 1.6374 -5.9147 5.0543 
-9.203 -7.406 -8.7695 -9.876 8.4422 2.4546 4.9608 0.4661 -8.9022 2.4403 
9.3238 3.2131 2.1461 -8.3071 -5.2837 -3.2127 -3.312 4.5351 -6.65 -5.6357 
7.7594 -8.5354 -1.6986 -0.9354 -1.5292 6.9307 5.6569 -1.5475 -3.325 4.1082 
2.7755 -5.9687 -1.7186 9.2539 8.5038 7.4289 -7.358 -3.8444 -8.342 -6.9529 
-9.7809 7.0149 -2.5395 -4.1246 -9.1541 7.0517 0.10541 -9.1055 0.2959 -1.2166 
9.5452 1.9159 -5.1479 -3.3407 -0.76831 -4.5306 -2.8025 3.0103 0.71991 -5.7557 
-2.2894 3.5462 0.15247 4.4125 -1.4466 1.965 5.7629 3.7822 5.5111 2.364 
-2.0068 9.2991 9.5612 -7.1248 9.5241 -0.13341 3.5026 9.3707 -0.52442 -7.575 
0.20576 6.1088 -0.84229 5.1262 4.1603 4.9609 4.8249 -2.3332 -0.69947 9.8601 
1.0326 5.0211 9.5261 6.5019 8.2997 -5.543 6.1567 2.6439 8.4501 -9.2772 
9.1779 5.9688 -9.1285 3.4648 2.1121 6.5776 7.9452 -8.4555 7.4885 -4.5577 
7.108 -4.5225 1.043 -5.7666 5.1112 -0.44967 -2.5074 9.336 9.8806 5.5187 
-0.46589 -1.7425 7.5076 9.9386 -2.9995 6.8144 6.4451 9.6853 -8.8739 7.4405 
7.5563 -4.5316 -4.0104 7.4383 4.4079 -9.8321 5.4506 5.7604 8.1354 8.8295 
-2.2024 -5.7029 -8.7411 6.132 -6.3264 -7.5932 1.6297 2.1965 -5.522 -7.9356 
-9.0167 -4.3078 1.8798 -0.048378 9.0854 -0.6255 -0.44803 5.0071 5.8492 -3.185 
-3.8513 3.6907 -6.1855 0.57339 4.3425 -8.8198 3.7542 1.9579 -9.4286 -0.0068719 
-3.5958 -1.3048 -4.0851 -5.4818 -1.9998 0.87235 9.0363 -5.6941 -6.4725 -0.56435 
-0.77409 1.1952 -5.2921 0.45614 5.1054 -4.2531 8.2461 -7.1603 3.6156 2.0336 
-0.23733 -5.9854 2.6161 -5.4848 -7.2061 0.85282 6.1489 2.7811 9.6716 3.8581 
4.1348 2.1981 -9.2446 -3.5472 -8.0576 5.9202 4.2601 3.4036 0.048657 -7.327 
-2.6541 5.7739 -1.0182 -5.682 -6.1192 -0.21612 -4.1153 9.122 2.1165 2.8237 
8.8288 -8.7714 -5.725 -0.43726 -0.88611 -3.5649 5.8287 -9.2078 6.5835 -2.2417 
-4.6362 9.7797 -2.2443 -0.031986 -6.0117 -2.6647 -5.3925 -6.3967 3.4602 -5.5037 
4.9079 2.4307 -9.3268 6.6703 5.9241 0.63238 8.0594 9.413 4.9959 -7.8642 
8.1815 9.4877 8.8907 -3.0793 1.3368 -1.5797 -3.2067 6.5297 -2.6245 1.3751 
1.6911 7.0936 -0.81277 -9.1262 -9.7304 -8.1025 -7.1684 -8.8874 0.29336 -4.9812 
8.1301 -9.213 5.8103 6.0859 4.3135 -3.1009 4.7172 -9.7017 5.4714 -5.1816 
-8.8663 -1.0905 -7.8616 3.6199 -5.8595 -8.2065 -8.4976 9.8323 6.8262 -4.3364 
1.1347 -3.5357 5.2095 6.4777 -7.6304 6.718 1.4014 4.8108 3.6729 9.4886 
-9.9408 -6.9008 9.4548 -7.3491 -0.16757 2.7915 2.0736 3.4016 2.5815 -4.2631 
-6.9369 7.4799 -8.1575 -8.8928 -2.3807 -0.099522 -6.9656 5.8428 -4.9546 8.0498 
-1.8502 -2.9573 -2.4862 6.7904 -3.1054 9.9131 1.56 -6.184 -1.6752 3.6036 
-5.3311 -2.004 0.31593 5.7839 1.5202 7.7069 9.7795 4.1153 -8.8352 6.32 
0.70628 8.2225 -9.9208 9.7825 -5.5968 -6.5754 -7.692 -9.5 8.5922 -2.3167 
-3.7679 -2.0364 8.9477 -9.4323 4.0977 -8.4362 -9.0325 9.1162 6.0837 7.0984 
4.1727 -0.50134 -0.96952 5.1194 -4.6086 2.6737 -9.6714 -2.6503 -1.3692 -9.8 
1.7412 7.8824 9.6628 -6.6998 9.1653 -5.5187 -3.7869 -9.877 9.8511 8.2978 
-5.2162 3.7502 -5.3375 -3.8602 4.2226 8.4054 2.1235 0.39851 3.4721 3.3461 
-8.7188 3.1999 -2.6522 -2.7213 -9.9344 1.1475 9.0717 -8.8929 8.4082 8.0831 
-9.9326 5.4949 -4.7432 -1.4748 -2.7763 6.9135 -5.1801 6.8369 3.2075 8.4598 
-6.2185 6.171 -9.735 8.2387 -8.4161 0.030502 1.4773 4.3733 -5.0527 6.0038 
-0.17593 -3.6406 -8.5925 5.2605 -4.6209 5.9174 -0.13641 8.4162 4.9271 7.4192 
2.3294 -9.8091 -2.4347 3.2314 -4.0743 -6.7926 -0.23733 9.0452 4.1179 8.7197 
-7.5445 8.2849 1.1975 6.9069 -3.8845 3.0458 -6.8727 -7.9248 -0.069735 7.697 
-7.3394 -8.0495 -5.279 -8.758 -7.7262 -8.6149 -5.9005 -6.1163 5.2244 -6.2794 
-3.7164 7.2864 1.8174 -9.866 8.9947 3.0233 -0.60481 -8.8411 0.54079 -3.2962 
-8.2429 9.1559 7.8702 -8.654 5.5468 0.27437 -1.9277 0.86706 -8.3695 0.62076 
-1.8241 7.3003 3.0194 -8.4056 3.6196 -3.3799 -1.4215 1.9186 -5.8697 -3.7805 
-4.3536 3.4779 0.077816 7.8558 0.5423 -1.117 5.1565 -7.7908 1.3683 2.7813 
2.6118 1.1233 2.8878 -4.0122 5.6995 -1.7042 -1.7601 -7.3621 -9.8051 5.1138 
-5.6049 -0.97291 5.1852 -7.6616 0.27735 -8.1107 1.7051 -4.8006 4.4693 -3.1409 
3.0851 -3.4011 -3.4215 -7.0158 -5.9128 -3.3279 5.4783 6.5218 9.9189 -5.1314 
-6.1306 -8.2414 0.96361 5.194 -0.33696 -8.1 -3.2248 -2.3763 8.2844 -4.2065 
-8.108 -3.3685 5.2332 -1.8583 -8.1169 -8.7802 0.14389 -2.2041 6.6684 5.8222 
8.3672 6.9591 -6.9704 2.5558 -7.2102 7.7486 8.6605 -4.0524 -8.8241 -0.10332 
1.1648 -8.3679 8.3105 -8.4781 0.74964 -9.8577 -8.1537 -9.2875 5.3175 -9.9455 
-1.6472 -7.2017 4.7261 4.1635 -9.9875 2.4338 0.85523 -0.85653 -3.4478 8.8578 
-7.7911 -4.2544 8.1726 7.9419 -1.3925 0.14861 7.378 -6.5391 -8.395 -7.5865 
1.0549 6.5605 2.1776 -4.9345 -8.8587 2.3744 0.81609 -4.0819 4.1432 3.2699 
-7.7744 1.0958 2.5118 8.0073 2.4884 7.9312 -0.18596 -4.413 -4.9537 -9.7802 
-5.2796 -3.5925 -2.8462 -6.7752 3.9906 6.8448 8.8139 1.698 3.5461 7.8868 
-7.2269 5.5935 7.7111 7.9665 6.8187 -7.2793 4.1011 -8.5571 6.3057 1.0951 
-3.4352 7.5484 -4.7218 3.7946 -2.0813 -1.055 -5.4143 2.157 -3.4754 -0.99395 
-3.0712 1.4164 -7.9077 9.3732 -9.208 -3.1697 -8.6933 9.6145 -2.3889 -1.0515 
8.5751 1.1896 -3.5039 -1.8355 0.14219 9.9265 2.4188 -3.4488 -1.9044 0.06617 
7.7663 4.2141 0.5058 8.463 -0.50231 9.6852 -5.267 5.0703 -1.2865 -5.2315 
5.8009 -3.3575 -6.3801 -3.4475 2.3163 -1.5674 -0.35894 -8.306 -4.2309 -2.0095 
-8.5106 8.7535 0.81997 -8.9213 7.9219 7.1624 -9.1215 1.3033 -5.3864 -4.1706 
-1.6041 -7.6506 -4.138 2.6606 4.3632 8.7365 7.5066 7.7965 -5.7598 -0.16425 
-2.0655 5.8844 9.2998 -6.0748 9.3639 -0.96682 4.7224 0.26153 5.5188 -7.2974 
-1.7414 -3.4016 -2.9786 -9.481 0.55059 -7.1576 7.0749 -1.7548 7.9862 8.8686 
9.4791 -7.7085 -1.334 1.6128 9.5232 5.2928 -9.8316 5.9992 4.5653 8.3898 
-5.2421 0.99019 6.9012 0.19867 8.983 4.9566 4.4666 -4.7282 -7.8472 0.70191 
-7.8285 3.0149 -3.1934 2.7283 -3.2778 6.6529 4.3569 -4.3696 6.701 2.241 
6.0006 2.2623 3.0324 6.3122 4.9506 4.7055 8.7818 6.7118 5.3983 5.9834 
-9.1037 5.0375 0.54793 5.8343 2.2018 -6.0192 -2.3473 6.3656 6.848 7.6667 
9.1991 -6.7475 -8.6506 -1.649 4.821 4.454 2.1744 -5.1915 -7.2786 -8.899 
6.0329 5.4602 -3.9487 -4.4173 0.64397 1.2731 9.5941 -8.8012 -2.7926 -1.5767 
9.2119 5.429 -0.12001 3.1531 4.8695 -2.3788 -1.8321 -4.5628 0.66796 0.73791 
5.315 7.093 3.3683 0.44256 -9.1649 8.3455 9.2277 4.0558 5.6447 5.2499 
2.1646 0.85391 9.9262 -9.1828 2.2653 -5.3919 -4.3878 1.274 7.6762 3.8554 
9.7808 1.8867 2.7082 3.5448 -8.0002 8.6577 -6.4409 -0.35405 -2.4097 4.1866 
1.2511 -4.7373 5.4219 -4.5429 -4.9394 1.7532 -6.5844 -8.4197 -1.235 7.736 
-0.082239 -0.085068 -4.8291 -2.6994 4.9786 0.091838 -4.4301 -4.6723 -9.3919 -7.578 
-4.9392 9.8284 -6.0223 6.1464 -7.0345 -1.9487 -7.9674 1.2298 8.3257 -8.2016 
-6.0808 -7.3087 -5.2274 9.0073 -4.2827 3.3568 -5.2438 -6.6195 1.5774 -3.3739 
-0.14531 -3.3865 0.38388 -2.2499 -9.1847 -5.0785 -9.288 0.80447 4.6705 3.0465 
4.2177 -9.6974 2.3738 9.5151 3.2024 -3.0574 8.2896 3.0348 3.4065 -4.8927 
9.7524 6.207 -8.0024 -8.0102 0.19715 2.2546 5.6651 2.0328 -9.9485 -4.6083 
-3.3076 4.552 -1.8752 8.4528 0.80607 5.4618 0.38572 9.3887 -1.7916 -8.5673 
-5.5967 6.0203 9.4237 -9.9243 1.8702 -1.3684 8.9114 -3.2558 9.7872 -5.4726 
-3.0944 -1.9969 3.0109 6.3686 3.6639 -2.4943 -8.8338 2.4751 -9.5163 9.6971 
-8.1679 6.387 5.6582 7.4744 -3.4958 -5.4515 5.203 4.7765 -5.7941 6.4994 
2.632 3.8435 -8.4004 5.5727 7.4482 -4.5744 -5.5587 4.5663 3.5789 8.0234 
-2.4362 8.3068 -0.38878 8.1151 -9.8165 1.5943 -6.2516 -2.2524 1.0851 -3.032 
7.7473 2.8307 -8.6696 -2.9502 6.3917 6.6877 3.032 -0.78527 1.2392 -4.8909 
-1.4695 3.2255 -1.3071 7.3846 1.8803 -0.68155 7.7452 6.0412 -1.4114 -5.6518 
7.8155 -9.7308 0.92266 2.2324 9.678 -3.0594 4.9673 -1.7366 -6.0615 5.4788 
-5.5154 7.2721 7.1455 9.991 -4.3153 4.8303 8.2741 -0.52265 -2.0775 1.1032 
5.9386 -6.237 -2.1557 -4.45 1.3089 0.45382 -9.1967 -3.1411 2.5001 8.4967 
7.1656 -4.7066 6.5875 -4.1119 -8.7334 -0.4581 3.4947 -6.3944 -2.0222 -1.2086 
-1.4581 -6.3765 -4.8285 7.3378 -3.7605 -0.26259 8.6586 3.0962 3.4046 -7.8663 
1.7772 0.79424 -8.9868 -3.3596 -8.8053 -6.023 8.8187 -0.63688 -5.0437 9.3065 
-8.166 0.37269 8.2795 -5.8146 -5.8107 5.6768 -7.6729 -1.2615 7.3773 -4.3556 
-4.9883 4.0173 4.1739 -0.7525 2.6395 -6.6824 -8.2952 0.97519 0.29512 9.2776 
1.8754 5.6915 3.6726 1.8263 4.9754 5.8911 -8.6899 2.3486 6.3926 -2.7012 
0.41159 -4.8895 5.2051 -9.7896 0.077004 0.09787 -2.909 -9.2991 4.2906 4.5201 
8.2811 8.3024 -9.3834 -8.0042 -8.7661 3.342 -7.9107 -2.344 -0.37444 -9.0545 
3.2659 -3.4482 2.4027 4.4417 6.6022 -1.4425 -4.922 5.2999 5.0179 -2.3642 
-0.006949 -6.4687 0.33488 -8.9922 -3.1691 -7.9887 8.1777 5.992 2.205 -1.0408 
2.6961 -5.4219 1.4197 -3.483 -6.3566 -2.4268 -7.1937 7.9896 9.2686 7.9894 
-8.2728 -7.2092 1.5987 -4.0794 -2.9969 -8.0712 6.3492 -1.0418 6.9495 -8.0558 
-9.1839 1.4949 -5.8007 8.4266 -7.2847 8.2342 2.8723 2.7532 -3.8348 -8.1037 
5.0313 2.8437 6.5403 4.0253 -9.0113 9.0995 -3.8617 5.5994 -5.9436 -4.9015 
-3.5249 -5.0194 -3.6329 -7.9885 0.20288 -6.6455 7.4327 3.0293 -3.2033 2.8003 
-8.6702 1.8044 -1.1497 -4.8598 5.9511 -2.7702 -4.1402 4.9372 3.0549 9.3691 
8.4651 -2.7863 -6.322 -5.6827 -5.1182 1.627 -4.9001 7.2009 1.5949 -4.9505 
-8.9128 4.3916 -4.7136 -3.4762 -9.4136 -5.4265 1.9932 -6.0363 4.3188 -7.7335 
-8.6411 -3.2885 -8.5332 -2.9563 -9.4064 6.0943 2.4409 -9.2062 -7.7479 1.7985 
1.4707 -0.43963 4.9905 6.8981 -9.7217 -2.2684 6.2109 8.0122 7.7868 -6.9483 
-1.216 -5.5233 -2.1814 -7.8283 2.5561 7.9882 -8.4674 -0.89824 4.0783 -7.0785 
-9.4526 -1.5116 2.4657 -7.2164 -6.051 -7.0986 -7.948 1.2278 6.7481 2.7994 
-9.006 2.4359 -7.0773 -5.8814 5.9686 2.8259 8.7171 -9.0887 -6.1359 -2.8318 
-5.2289 -8.1746 -2.5564 -9.0804 -3.7689 0.82812 2.8522 -1.8484 -4.8504 -5.5447 
-7.454 -7.0168 -7.0479 1.4631 2.003 4.9037 0.35834 -2.1745 -9.2419 -7.8319 
2.6066 -7.0094 -2.8814 6.9777 -9.2401 6.7628 4.6816 2.9591 -6.2177 4.6798 
-0.47172 -8.2245 -0.35831 -3.6405 1.7991 9.0175 5.2408 1.3124 0.89593 -9.8583 
-7.8001 3.5594 1.3272 -9.6356 9.6367 -5.0856 -0.19129 1.1954 -9.3962 4.0044 
-1.2914 1.0573 1.3969 -1.5988 -9.0681 4.7278 -9.731 5.6209 6.3602 8.4271 
8.0376 6.118 6.0258 3.741 -7.9577 -4.7482 6.3136 -7.7547 -5.3609 3.5698 
1.3167 -1.9996 6.3447 -7.0605 2.7603 -6.458 9.3065 -6.4259 -5.6495 9.5013 
4.6129 1.4789 0.12121 -5.1165 -3.7071 -0.94008 -6.0545 -4.5236 0.056684 -2.8705 
9.6192 -4.5667 0.062013 -5.973 -6.0902 4.7117 3.4359 4.4187 -2.3753 5.5078 
1.7642 2.13 4.1223 -4.6906 -4.2962 7.6004 -6.0905 7.2561 -6.3787 -0.72231 
0.063229 8.2618 0.72869 2.6486 -3.3712 -8.4478 8.5586 0.85053 0.81594 -0.48721 
0.63187 1.4363 8.132 -3.9861 4.3997 1.5112 8.3703 0.81583 -6.0046 8.081 
2.1257 9.7046 8.9814 -2.3821 -8.605 -3.6317 -4.0607 -9.7115 -9.8859 5.1207 
5.2863 -9.6384 1.9736 2.0048 0.058481 5.8725 0.32833 6.1163 9.7096 8.5188 
2.0125 -0.78316 4.5288 -5.4653 -8.4146 -2.6208 -7.3675 -2.1254 -2.1458 -4.3637 
4.4517 0.077862 -1.4543 1.0646 -0.91041 -9.3929 -7.8712 -3.0877 5.6905 -0.42079 
-1.2957 4.2832 -9.8261 -3.5206 4.1703 9.2856 1.3365 9.9231 -8.9262 1.1358 
2.9305 3.8119 0.61923 4.3159 4.4836 8.1755 2.654 -9.9183 -0.29053 5.7934 
-6.4661 9.8538 -5.7047 -6.5055 -4.8285 8.8329 -6.8808 1.0438 1.0556 -6.5034 
7.5295 -4.6239 -6.334 8.0428 0.91341 5.7477 -9.1291 2.975 -5.663 4.0797 
-4.9662 1.0221 9.0709 -8.7946 9.5877 5.8063 8.0623 -6.843 1.4174 -7.4311 
-2.8703 -8.8181 4.8888 6.0164 -2.8023 -2.0577 -5.3401 -7.4557 3.9043 -9.8806 
-3.9331 -4.9698 -5.0919 -9.8049 6.6814 -5.4896 -0.60734 5.9626 7.6117 1.4529 
9.3552 0.76368 -7.8779 -8.5673 -8.0971 -7.2506 -1.0485 9.7033 -8.8455 -9.677 
-6.1542 -0.246 9.9843 -2.9251 9.9533 -3.879 9.7745 5.6624 3.5416 -3.8306 
-8.0427 -3.9118 3.2753 -1.9005 4.8197 5.279 -5.4235 -4.0898 0.90834 8.9375 
3.8758 -7.1818 -0.60882 -1.2566 9.1225 -8.9188 -7.2413 -2.3462 8.7143 -3.3098 
-8.0795 -3.1582 -8.6518 -6.2541 9.6372 -7.5155 -3.0048 1.2476 9.3998 -3.0538 
-6.0123 6.7808 0.18629 -8.9274 -2.744 -5.4796 1.0312 3.7047 -4.1527 3.5983 
2.1411 2.5994 1.0576 8.5996 -4.3722 -9.3634 7.6389 -1.5626 -9.4995 -0.25752 
4.1942 -5.0795 -3.7421 2.047 5.1148 -1.0591 -7.45 -6.0485 8.6169 9.6683 
7.8106 -0.42972 -2.7527 9.0134 -0.29166 0.90496 -2.9833 5.61 -0.66808 -7.1193 
2.0528 9.8623 4.9847 0.84666 7.1341 -5.1234 -6.6161 2.5121 7.6705 -3.2936 
7.2491 4.5318 6.0339 9.3406 -4.2973 -0.5527 9.5882 5.9178 7.8954 -1.6223 
3.5191 -9.4166 2.0139 -6.763 -6.8886 0.9434 8.7403 -4.5326 -4.0643 4.7678 
5.7 1.0541 -4.0795 -9.9918 -9.7676 5.0825 -3.7793 -1.0744 1.0126 -7.6087 
0.73296 2.7743 3.5474 7.2433 2.0191 4.4148 -9.4527 -9.2137 9.8807 0.60217 
-9.9111 -2.437 -1.9959 -3.6089 3.6273 2.7348 5.2526 6.3276 0.99918 5.1105 
-6.0278 -4.8982 0.93075 -6.0967 9.828 -1.097 -8.9199 -9.4652 3.7079 9.7215 
-1.2255 1.1657 2.917 9.9872 6.1142 0.96515 6.3159 -1.9391 6.5652 -3.9437 
1.1658 5.0945 3.7786 -5.7919 -4.1445 -5.8046 -6.3081 0.61748 5.3232 -2.4467 
-2.2974 -8.0714 3.1142 -4.5485 -2.6433 -8.6341 -2.4325 -7.784 9.3397 -1.8145 
2.9372 -1.6571 -5.8135 8.9684 -3.6316 -7.4103 -1.0182 -1.2434 -6.1097 3.3101 
1.7135 -0.063172 9.0911 -9.6902 -6.3733 -3.2218 0.56224 -3.576 9.1537 -2.5177 
5.3266 7.1691 -0.43287 7.7432 -3.4905 -0.96921 4.7618 8.6936 -8.0483 3.1497 
-6.5073 1.9053 -0.76942 3.0818 -6.0063 -3.7189 -0.34878 7.2425 8.989 2.7111 
0.062293 2.7902 -0.37683 9.0928 0.54962 -8.0374 -8.0118 7.5988 -1.8831 -6.3711 
-2.3465 -8.8322 -7.0043 -2.3448 -9.8048 5.0189 -4.6148 -2.7128 3.861 5.9984 
9.544 -0.29818 -7.6754 2.0034 -7.0828 -3.0074 7.2527 2.736 7.9661 6.0398 
8.7217 -7.4213 3.6714 -4.9409 1.4927 9.3769 -0.11475 -5.3422 -5.3441 2.5326 
7.8547 3.4548 7.1105 2.0102 -9.2226 8.8215 5.7638 0.77971 -6.5437 6.5498 
-1.1294 5.3404 -7.1069 -5.9375 1.0753 7.5682 -4.2865 9.022 -6.5694 0.99196 
5.0305 -7.5389 -1.1358 3.6736 7.2325 -6.4602 8.4717 6.1938 6.8591 4.1232 
8.1881 4.3627 -9.6511 -6.9656 3.8417 -4.2773 5.2721 9.7107 -5.4535 -9.286 
-2.5336 3.6676 -8.1691 -3.3937 9.6852 0.43306 0.61388 6.2305 4.3603 -9.0864 
-7.6742 -9.3267 3.6031 5.478 -2.8477 9.2463 3.6333 3.579 -0.063431 8.7162 
0.50242 8.5994 8.8521 -3.1493 -1.1939 5.3412 -7.2782 2.4342 -5.3399 -5.8834 
-3.1775 0.62625 -0.72296 -8.7355 5.4205 0.55888 6.9512 -3.6945 -7.8314 -5.2126 
6.9881 -5.9327 9.1747 4.5861 -1.4263 3.1156 -2.913 -7.9784 -7.9601 -5.116 
-6.2754 1.4042 -0.026445 1.9576 -4.9934 -2.3619 4.8015 9.4334 -2.969 4.808 
-5.8251 3.7861 5.6715 -9.1437 -6.3091 1.3469 -5.3583 -8.1049 3.3508 -3.0889 
0.60862 -4.7096 3.3644 5.8552 -0.59342 7.6282 -6.9912 -0.6765 9.0168 -6.903 
-8.3143 -1.3174 -2.5 5.9498 -6.2586 0.023854 -8.7614 -1.4086 -3.3535 -1.4971 
-5.1846 5.6278 -8.644 8.4075 8.9678 -0.67337 4.8491 6.038 8.7981 1.4306 
2.6911 8.467 2.9409 1.2448 1.1688 -0.68421 8.724 2.296 7.085 4.1034 
-7.7785 -2.1192 -1.1323 -7.2689 -0.62802 5.7636 -1.7487 3.8828 -3.6135 7.3097 
2.1469 -2.1996 -6.9977 -3.2764 -6.0791 -0.72156 9.5276 9.6882 -6.7737 9.7521 
7.7952 3.3217 -8.5513 1.489 4.7648 -1.7352 -3.2365 4.3969 3.3788 -8.8086 
-0.18629 9.093 5.3653 -5.6697 3.393 6.8546 -2.7864 -8.4172 -9.5964 0.77023 
-3.7298 8.3716 -6.4442 5.0388 0.52911 -2.2978 -8.7325 -8.5564 6.832 2.531 
5.2428 -2.6319 -5.6944 3.6576 5.1536 7.6034 7.4485 8.9406 4.1564 -1.508 
9.0905 1.258 1.4635 0.4223 -5.1174 4.8748 2.0592 6.3052 9.2375 6.8544 
2.9177 6.0078 2.7292 2.7765 8.4084 5.0095 1.3594 -1.9294 5.4118 -1.3601 
-0.29361 7.9663 -5.607 8.9448 -4.0741 0.55181 -4.4927 -4.3982 2.2958 9.4083 
-1.2364 8.4858 -1.0685 -9.4824 7.6466 -0.21975 5.2606 0.66425 -7.2604 0.82232 
-6.2724 -1.7382 4.1837 -2.8208 6.6417 -7.1459 2.1565 1.432 5.5422 3.7453 
-1.1373 -5.9347 -9.6354 -0.80777 0.20828 9.309 0.39908 3.3871 2.7032 4.3675 
-0.2376 -5.9994 1.1494 -4.8289 -3.4624 7.7332 -8.1226 6.2238 -2.8237 -4.0939 
7.2226 -9.9448 0.96665 -3.1239 -0.90057 0.72671 -4.5785 -7.9948 5.7465 9.7383 
4.3291 9.671 -9.8054 7.9947 7.5775 8.4991 -8.426 1.4403 -4.0041 -4.3062 
2.4067 8.4094 -0.95456 7.1559 -3.5888 4.6838 -9.3079 5.6471 -5.4219 -6.2461 
-8.2045 5.5224 -3.2779 1.5904 -6.327 -1.5353 -5.5545 0.33334 -6.4565 7.0222 
-7.7648 5.8867 -3.0513 -9.3365 3.6559 -9.6635 9.2923 1.7245 -4.8074 6.503 
1.5118 1.033 -1.275 -4.5465 7.265 -3.0665 -4.1495 0.97271 -3.7705 -3.0488 
-0.76685 4.2283 -2.2875 5.0794 0.70431 -6.4882 -0.74664 -2.7298 -4.1276 4.0274 
0.90899 -8.7477 2.551 5.5762 -8.9301 -3.0964 3.6103 -5.455 9.9695 8.8314 
-9.2398 -8.767 4.1379 3.6806 -9.8491 3.7422 -6.0181 3.7596 -1.2466 -3.4843 
1.5857 2.1276 -5.203 6.9304 -5.3379 -3.2151 1.4261 8.9575 2.9133 0.57561 
2.5796 -5.0638 3.8669 2.9178 -5.7974 -6.4445 -8.9002 4.2589 1.4837 -2.3055 
-0.36145 -9.9633 -6.0986 5.0349 -4.7436 1.2944 3.1429 -6.1361 8.2485 -1.3366 
-6.7895 5.3238 -1.2437 3.7245 -7.7878 5.316 -8.9649 5.162 9.8017 5.5278 
5.0876 -1.4914 3.0862 -9.6037 -5.2134 0.73715 8.3773 5.4546 1.3282 -2.7249 
5.8699 9.7913 -6.0942 -5.2598 -2.0769 -8.7856 -6.1901 9.6122 -2.5379 -0.33092 
-4.1726 -8.595 5.4908 -3.4286 5.5741 9.0177 5.8158 1.8014 4.2625 7.9331 
0.15217 -7.5098 -8.7046 -2.9791 1.0293 -8.8205 -4.4737 -3.2735 -9.5957 6.9264 
-5.2402 9.3683 -9.3899 -9.4911 -0.58391 -0.361 7.4195 -5.7258 5.4809 -3.197 
-6.1463 7.5445 9.9635 -2.2313 -7.123 5.3188 -7.4739 7.038 -3.339 -8.0205 
6.1739 -5.1926 3.8757 -6.1874 -4.0303 -5.7338 -4.2138 8.361 -0.41116 -2.9739 
-8.6665 0.31841 8.9674 -1.5506 -8.7179 -1.2824 4.2604 -8.651 -8.4282 1.9534 
-6.0828 -8.4245 7.7583 -3.8072 5.7725 8.5736 5.24 -1.0102 -8.6661 -7.3176 
9.4956 2.712 9.2473 2.7037 -3.5443 -9.1665 4.1756 0.85821 -7.4002 -1.3209 
1.5018 2.3241 -7.9868 -6.5737 -0.56004 -2.0746 3.8744 -7.3222 -3.3825 -7.2606 
1.6643 3.5891 8.0121 -7.898 3.878 -4.663 7.9948 -4.7532 -3.9083 -0.92562 
9.0004 6.7921 0.59916 -3.9344 -6.3902 5.506 4.1332 -7.3497 2.2227 -2.2796 
-7.9992 5.3737 6.3842 -3.6778 -7.8984 9.5266 5.6946 -8.4304 -3.3757 4.7532 
7.5747 -8.9072 5.014 -9.2849 4.2981 7.7537 -3.3571 5.2925 6.168 6.9427 
7.829 -8.3603 7.7636 -4.7847 -6.9095 -7.8098 -6.1894 6.8555 8.3259 -9.3189 
-5.7193 0.86034 6.2684 -3.3379 0.34297 0.98899 -0.50265 0.56001 -8.8299 -2.5824 
-6.661 -3.5576 -5.5447 9.3431 0.49118 3.2172 6.0841 -2.4811 -3.8612 4.2761 
2.9225 -5.1123 -6.9659 -1.4085 -1.7198 -6.629 -3.73 -9.2065 7.3868 -5.9177 
-6.3931 -9.5535 5.2628 4.5739 -7.4961 -1.4717 -3.5808 6.0768 -1.4559 -6.3268 
-7.669 -6.5875 9.3522 -6.1696 0.89529 -5.5797 -7.0781 -2.2435 -3.0965 2.3066 
-2.6933 9.0191 8.104 -5.2795 -8.0318 2.885 3.3022 -8.9185 0.70201 -2.5862 
-1.9525 -3.2324 -6.1066 1.7301 9.0975 -7.935 2.6411 -8.3463 -8.2759 1.2905 
-8.2038 -0.042552 -6.9682 2.7801 7.9601 4.8058 -2.7915 -8.5783 5.6294 3.2227 
3.6754 -2.596 -0.63144 -1.4413 -5.5821 -7.7318 -1.7356 -9.0879 5.0276 5.5148 
0.93788 3.2246 8.1931 2.8297 -8.2293 -7.9204 -2.9133 6.5541 1.8785 2.6028 
9.7192 -0.68627 -6.1967 7.7775 3.7398 8.1507 -7.9961 3.6894 -7.5335 3.3284 
-5.745 7.8546 3.3764 3.0983 2.8977 0.40645 -3.8127 8.4709 -6.2828 -8.7328 
8.3798 -4.809 -1.0025 -2.3917 0.89633 1.2997 -8.4222 -2.5028 -5.2136 -6.8478 
3.3032 3.6058 6.0211 -3.9194 -4.6943 -0.46905 -9.4311 1.7393 7.5713 -1.8088 
4.8696 0.61898 2.2098 -4.0665 -9.9497 4.8063 -4.9782 -0.92122 2.3315 5.6201 
-2.4309 -9.0759 -1.5254 7.7286 1.6083 -0.98296 -2.8423 0.41331 9.1108 8.9157 
-0.50463 3.5639 -0.7474 -6.9927 2.6509 7.1482 7.7567 -9.4698 9.0213 6.1588 
-7.8748 -4.0336 8.7539 8.0989 1.5279 -2.7021 3.2822 -2.7857 0.77643 -5.596 
7.6757 -7.8932 8.2527 0.31378 1.2852 -8.9129 3.9193 7.9158 -6.5396 8.7388 
-1.0979 -0.64965 2.112 -3.2616 2.8726 8.6823 -3.1018 1.1006 -3.4877 -7.955 
3.3646 3.6459 7.5882 -9.0108 -0.081361 0.13103 5.3427 9.1613 7.7152 -5.5635 
4.5643 5.5996 -3.5383 6.7934 -8.2173 8.7063 -6.1717 -8.3904 -1.4007 -6.7397 
-4.2871 6.5525 5.4401 8.3873 0.53217 -3.0238 -8.369 -1.7891 4.2666 9.3451 
1.8737 -1.4386 -2.9603 8.8155 -4.5401 3.478 -9.1153 -1.3659 -1.9807 -2.0333 
-2.5894 0.086169 -3.764 -3.9527 9.0128 -9.7798 -9.6809 -1.3701 -7.4379 -3.2108 
5.9128 2.6844 6.1853 -2.741 -8.5652 3.5544 -9.7351 2.312 6.3471 -9.792 
-8.5293 4.5341 0.49786 -3.8423 -6.155 8.1026 -2.5444 -0.56444 4.6722 4.9587 
9.8548 -1.7408 -2.7277 -2.0847 5.7759 -5.0104 5.4986 -4.8271 0.31154 -4.3899 
5.5206 -2.8737 2.782 -6.9157 -8.1116 -2.4886 -3.2213 -0.82875 8.2059 -0.45972 
-9.8526 -3.569 -6.1197 -6.7311 -3.2241 -3.2822 4.459 -3.7644 6.1352 6.4255 
7.779 -0.75118 4.6353 7.059 2.6007 -8.8123 -4.9901 1.2992 -0.18752 -5.5255 
7.2825 3.281 -4.7425 5.3949 -6.3862 -7.0625 1.6371 6.3351 -4.3253 -1.2765 
3.9519 2.92 -5.2376 -0.17229 4.1684 -4.393 8.5351 8.1678 -3.8152 3.6171 
7.6998 -3.1222 0.44711 9.9831 -0.4804 -7.3344 0.988 2.9681 -9.0584 9.7298 
-0.68711 1.7877 6.1893 -1.8482 6.0433 8.1185 6.8982 8.9184 7.7628 3.8931 
-2.5688 6.9338 -1.5382 4.699 -7.9335 -7.5106 7.7953 -6.9796 -5.3629 4.1973 
-8.3396 -6.4412 2.5425 7.9307 2.7636 5.0816 7.9602 0.58807 2.5756 2.8604 
9.9444 -4.0689 -6.3969 -0.076882 -8.7408 -8.6576 0.69426 -6.3367 2.1065 9.432 
7.3966 -9.0838 3.1499 1.5157 5.9412 -8.4653 6.2873 -7.7716 -7.7613 -0.0045499 
-9.9986 5.9996 -4.0631 4.727 -3.0263 -4.238 7.1436 -9.5702 -1.1615 6.6684 
3.5995 5.9219 9.785 6.7637 4.182 -5.5124 0.36603 4.2972 3.9927 6.5025 
3.0976 -2.0858 -0.99576 2.937 -6.4636 -2.1553 3.9102 4.6369 -3.6339 -8.7749 
-1.7637 -3.6013 -2.9724 -1.0283 8.2755 0.75406 -1.1154 -6.724 4.2871 -5.5619 
-0.47263 9.8377 1.6992 -4.1422 -2.5552 -0.17303 9.0083 1.3441 2.326 2.9638 
-2.2346 1.0183 7.672 -8.2046 8.0546 -4.6888 -2.9951 6.5442 -0.7329 -1.6216 
-0.95886 -9.7084 6.2472 4.3895 -4.7333 8.7877 9.6618 6.5876 -5.0391 -9.7966 
-9.4648 7.1835 3.6555 7.7443 -5.5141 -1.48 1.4093 -3.2365 7.6498 -0.10811 
-1.4943 1.8762 9.8831 2.8399 -1.5465 -2.3087 -2.8186 9.3659 9.3171 -1.4248 
-7.8839 7.2274 -5.5892 0.50884 1.9266 4.7306 -4.4751 7.9624 1.2871 1.7086 
-9.1378 5.541 8.3813 -6.2373 -6.1836 -2.8296 -3.6954 -7.2868 -4.5117 8.3048 
1.1224 -7.9019 7.9014 -4.8925 -8.5823 -2.6208 8.0919 -6.3971 0.42643 -8.0305 
2.2257 -2.1161 7.8188 0.99372 3.1679 1.1352 6.4552 -6.074 -6.9859 -8.83 
4.7766 9.5197 -4.3463 -3.4598 5.413 8.9193 6.8711 -1.6303 -4.2595 2.8513 
-4.8616 0.2098 -3.7447 -6.7639 2.8748 3.1833 -1.3601 2.6054 -8.9788 -1.6878 
4.5252 -2.1306 0.32265 8.2358 2.6142 2.7218 -4.6901 7.4672 2.9419 -0.904 
4.2651 1.1053 8.5183 6.7301 -0.49962 3.4746 5.4224 -5.0429 -0.34784 3.3131 
0.07529 9.5087 0.68329 3.4601 5.5781 -0.5912 2.5716 -7.0388 8.914 2.9148 
7.8554 -1.0422 3.5916 -0.79575 -8.8373 0.033752 -5.7906 -9.4101 -1.5531 2.0036 
5.5877 7.2816 -7.7508 -8.9286 -9.3138 -3.7295 -0.77443 -6.8015 -9.05 7.0972 
-0.1028 -7.1415 2.1318 -9.0638 -9.2864 -7.4704 4.9196 -4.74 -7.0605 -7.7981 
5.2301 -8.0865 -4.4064 -4.8131 -7.4513 -2.4542 5.1356 2.8543 8.2653 -0.14519 
3.3409 -3.0454 -7.6933 -6.9442 1.0001 -0.74634 1.0934 -9.9686 7.7152 4.6753 
9.5622 -8.5449 7.4646 2.9175 4.5181 8.8342 6.563 0.87945 4.1119 -2.6999 
-7.6586 0.88879 3.3838 -6.1793 -7.7643 -7.4966 -6.1826 -2.4709 3.4031 9.3726 
7.3865 9.3079 -7.1171 5.5838 7.9571 -6.89 -0.59918 -9.3654 -0.88793 -7.0604 
1.3571 -4.3765 5.6041 -5.492 9.5493 -7.8594 9.4785 7.3247 -5.1883 -4.5216 
-7.597 -8.3973 -2.2173 -0.82829 4.7286 6.2688 0.51479 8.7534 9.8443 4.8457 
9.4066 -7.084 -3.7019 -4.7913 -7.8426 0.89119 -3.3762 0.99359 -3.7647 6.9037 
6.7993 -6.7391 7.2222 5.3204 3.3037 -1.769 -4.8669 -6.9518 -1.5235 1.8181 
-8.7537 0.77156 8.3038 6.6981 6.5376 -3.1244 9.2969 2.1465 -6.8538 6.7736 
-4.4385 -0.62078 -4.5533 -3.9584 5.3595 4.9605 4.045 6.4619 5.7857 4.0899 
-1.8074 -4.6937 7.089 -1.8878 8.6371 -5.2262 3.1755 7.1207 -2.8892 -6.2808 
2.5362 3.4908 -8.6751 8.6433 9.1043 -9.3252 -1.4799 -3.2155 -9.5777 8.4196 
8.3821 -7.5091 2.6849 -5.9726 -5.7733 -7.4683 7.6042 0.86145 -0.63885 -4.6273 
-1.697 -4.9647 7.5751 5.3714 3.7871 6.3691 2.517 8.3084 5.5478 8.2702 
4.23 1.7834 -7.6647 2.5855 8.5112 -7.2996 0.72305 -5.5191 4.9463 5.4151 
9.4175 -2.978 8.4315 -5.0412 -6.4116 4.232 4.4015 8.8943 6.8791 -2.983 
-1.2906 0.45548 2.0973 -2.2446 -1.5575 3.1163 6.4947 5.1974 6.1326 5.2704 
2.7076 -3.2966 -9.0987 -4.8767 5.6442 -3.2081 -4.8058 -4.9856 -3.0118 -6.6883 
8.0311 -9.5293 -9.3057 7.9332 2.3517 5.4238 -6.4411 -5.8757 -0.65333 -1.2199 
7.4317 -1.9664 -7.4623 -2.0429 6.9193 4.4442 6.3243 -7.2178 8.9305 -5.2873 
-7.1457 0.09367 7.3071 7.4176 8.1239 -8.3707 7.8356 4.1556 -2.3168 -9.4367 
-5.988 -7.4082 0.48169 -7.8832 -3.3974 5.9898 -6.9594 6.5324 0.41792 5.9982 
2.4186 2.2594 -6.2368 3.2215 1.6528 -8.9362 7.4501 3.5407 -1.1447 -1.4328 
5.5006 9.2691 -8.3332 -0.31059 -8.3527 -1.6922 -4.5421 8.8729 -3.671 4.9996 
-5.0638 -8.2069 -4.4672 -7.8553 4.8675 6.7016 2.2489 6.915 7.9518 -4.7638 
-2.611 -3.8268 -7.9872 3.2173 6.6829 9.5246 0.21409 8.6785 5.2435 -1.28 
-3.1781 0.58428 7.8252 -8.6275 7.5563 3.3072 1.6704 0.95182 0.23423 -0.75383 
-0.87221 -1.0517 7.3035 4.372 8.6005 -0.33401 7.4491 -8.748 -5.7124 -8.2529 
-6.5835 8.7993 -4.2332 0.9848 -4.082 4.9007 -1.1051 -6.3618 -9.1819 -8.1684 
4.9121 4.4221 -7.5635 9.6849 -7.6608 -3.8378 -2.9118 -5.026 -5.4356 -2.1855 
-8.0404 4.7577 4.647 -8.8072 -5.0047 4.9099 -4.4982 -6.2349 -9.257 8.783 
7.8054 2.7826 -5.1699 -0.6609 5.3087 -4.0078 -6.2646 -6.7768 -1.3316 7.8333 
-8.3581 -9.2937 -8.6156 -9.1315 0.21426 -3.0164 7.997 9.8155 0.091781 5.1127 
5.6305 2.8323 -2.9105 9.334 3.9617 -4.4583 3.1715 6.3965 -1.4047 -0.85866 
6.9736 -3.6282 -1.5387 -1.3173 -4.4655 -5.0212 -1.2735 -0.16574 -6.6445 -7.1837 
-0.98245 -7.978 -0.071762 -7.8713 -8.6594 5.5413 -9.1618 -7.3753 -4.2963 -2.2391 
2.1065 -8.3804 4.4901 1.613 8.6939 -5.401 -6.6697 -8.0784 6.4239 6.7177 
-2.9106 8.0429 8.438 -8.8748 -6.8919 2.8779 2.4677 7.0921 5.7086 -7.159 
5.1819 -4.9453 3.8267 7.8145 3.5843 7.6541 4.3438 6.4106 -6.7816 1.5866 
1.7888 -0.10184 5.926 -4.5069 0.70963 5.2597 -9.7383 -7.6986 2.3721 2.9094 
2.2314 -2.2377 6.7449 -0.54116 9.2576 7.4372 3.8885 -8.9213 9.278 4.3645 
6.8634 -4.7275 -9.059 4.326 -2.2192 -1.6283 7.9544 1.7761 8.4348 0.60261 
-0.86024 -4.7377 7.1294 0.98814 6.9205 -4.6943 4.2683 -9.8879 5.5384 0.12004 
7.6558 3.9905 -1.9391 -5.9388 -8.0649 -9.4496 -2.9329 -3.487 -6.1442 3.1506 
-0.12855 -8.8654 1.2632 -0.16346 -3.8311 7.7399 -6.6837 2.98 8.2386 5.2305 
2.457 5.7743 -9.7459 3.2845 -4.6855 7.9478 7.4016 8.4806 5.7254 3.0775 
1.2433 -4.154 5.7075 -7.6624 -4.0306 6.7252 -6.9222 -7.873 -4.8709 5.8157 
4.4332 6.7888 -0.28918 -5.5878 -5.6753 -0.83648 6.3661 -2.878 -1.4108 2.5206 
0.9354 -0.30731 -3.3632 -1.2238 0.74837 8.7196 2.975 1.5604 0.85083 8.9589 
5.6888 -5.3304 0.48504 3.8135 2.7906 -9.6571 3.0786 -3.6674 -5.8243 3.1793 
-1.0729 -5.5893 5.9265 -0.93075 9.377 -8.7994 -3.1348 -3.5039 2.9905 4.7876 
8.2382 -3.7143 3.371 8.6504 -6.8838 0.017442 -6.3904 -1.0583 9.7374 -9.5333 
-8.2683 9.9085 6.2913 5.4587 8.6366 7.9234 -2.361 -0.81992 0.41781 7.303 
9.9787 -6.2174 8.7927 -9.7958 8.796 -6.8864 9.7575 -4.0214 2.4184 -6.752 
4.5516 7.0098 2.0851 8.5298 9.9494 -5.4295 -1.0498 -5.1061 -3.8279 -0.077766 
1.1681 6.8781 -1.1935 -7.9393 -0.22128 9.1963 4.412 0.84984 -2.3483 -6.1407 
-7.1435 0.56633 4.7978 -1.817 0.074165 -4.5677 5.6807 -4.6941 9.6307 -9.2139 
6.7527 3.2974 -4.9149 -8.6519 7.6753 2.7294 -6.2605 7.0457 -2.9516 0.0012951 
4.5049 -2.6077 -1.9962 4.5319 3.8817 2.7577 -2.04 -7.0492 1.0092 3.3666 
-1.6524 -3.6512 5.6646 8.8924 -7.5402 -0.32646 -9.1695 9.0735 -0.13818 9.9511 
-4.5366 6.2065 4.292 3.4244 4.6144 2.2081 0.098191 -9.8532 -6.6822 -5.2954 
-3.7058 -7.9475 3.3313 -0.74273 6.394 8.8551 4.8189 6.2023 -5.9143 -3.3579 
1.6339 -5.7447 -2.657 -6.9075 3.545 3.1285 0.43513 2.1066 8.3862 -2.0252 
3.7872 -1.0716 -6.4142 -8.4498 -4.9894 -8.3374 4.0816 -2.9148 -5.4384 9.4279 
7.2774 -2.269 -1.1461 -0.85137 7.1928 -0.62272 4.5928 2.4098 0.87779 6.7121 
-5.7828 5.493 6.272 -2.002 -3.8528 -4.5059 9.3386 1.1246 8.0666 -4.1252 
0.13503 -0.51538 -6.985 7.884 7.2013 1.4693 5.1544 1.8077 1.1956 -7.5197 
-1.499 5.9358 -9.5861 0.81399 9.8852 -2.1596 1.1598 1.314 -8.5075 -2.3184 
-5.206 -9.5028 6.1727 -4.8585 -1.5613 2.1969 2.9306 -0.86125 -5.5457 -2.6846 
5.1505 9.9828 -2.9477 -0.0056735 9.4223 -5.5206 -3.783 -5.0062 6.3136 -7.3606 
5.8382 -4.3389 -5.5772 -5.4102 7.5745 9.6798 -0.90277 2.4499 8.8505 -9.7523 
-2.2824 5.3565 6.2225 -6.662 -1.4855 -4.4324 -5.8188 6.3071 -7.3023 -8.151 
-3.6389 -9.2987 -7.912 -3.6499 8.6167 8.1088 -5.0227 9.289 2.4774 0.98056 
-0.3815 7.4072 -4.9354 2.0694 -8.8592 9.3621 9.2271 8.7251 -7.8559 -9.2048 
-4.4299 4.8589 6.105 -0.56427 4.4162 1.147 8.3253 6.0214 1.6438 4.0497 
-6.8393 -7.8141 -3.9051 5.5178 -2.4642 8.4855 -8.3482 2.6299 8.7208 -9.5097 
-2.0918 7.3323 4.0411 6.4227 -7.4184 -7.3073 -8.2658 -1.0322 -1.3914 -5.1029 
-4.2909 6.4305 3.579 -4.377 -4.185 -6.4738 2.8279 3.7945 7.4269 -2.8432 
-5.139 -9.9242 -4.3731 3.1499 4.0991 5.6088 6.1375 -9.0302 5.4578 -4.9918 
2.8504 3.2053 -6.1014 -7.5592 -2.8205 -9.2491 7.9846 1.5048 -9.5008 -6.5124 
9.1385 2.6473 -4.6095 5.1455 -7.6603 -9.3463 -1.2649 -4.2057 0.47905 6.7908 
-6.2733 -5.7904 -6.8129 -9.5595 -7.5873 -8.6509 5.3958 -3.6702 -0.79503 -2.5575 
8.1903 -1.3011 -4.7847 -0.76293 3.6286 1.8651 0.97003 4.615 0.70973 -7.0717 
1.3748 8.6622 -7.689 -5.03 -7.8323 4.7058 4.4314 3.7583 -3.3582 6.987 
-6.1297 -0.85435 0.95837 4.4429 3.5297 1.051 -2.6895 4.5401 9.9445 0.61605 
4.0848 -7.7994 3.2011 7.0258 -1.0953 -0.67565 9.3335 0.26407 4.7261 -6.1049 
3.0316 3.5978 -1.1727 -8.7338 -2.7925 -3.1273 -0.31501 -0.032477 1.2617 -7.9982 
-3.3621 9.4346 -0.21698 3.3543 -6.8835 -0.029248 -6.8874 6.8849 -8.0282 9.1832 
0.43137 -1.2925 9.046 3.5243 -0.7102 -4.3247 -5.3002 5.8065 -7.9216 4.311 
-9.5047 -5.2408 -6.0446 -9.2579 -3.2775 1.5125 -5.361 8.5355 -4.2548 -6.7207 
-9.5545 7.7484 6.7428 -0.87291 -7.2733 -6.9053 4.3263 7.6513 5.2174 1.2171 
5.9705 9.0554 -4.0202 -7.5736 0.098024 6.2272 3.551 8.3477 -7.1584 2.824 
-7.8438 -2.1669 2.8613 -1.0066 -8.8539 8.2577 -7.5574 2.0474 -9.8144 1.5127 
3.7761 5.2666 -0.38701 8.0506 6.5498 -8.3023 -3.5377 1.8129 3.9545 1.4825 
5.5005 -7.9989 -8.7747 -9.6668 0.38013 -0.57361 -0.60799 0.14386 4.8674 2.0963 
5.8299 -5.5228 -0.33506 8.232 -6.0103 4.3541 -6.0134 5.6592 7.3377 -8.0298 
4.1894 -7.9505 2.7623 -3.8273 2.9015 8.7855 4.3881 2.8375 6.94 2.8191 
8.9308 -9.5716 -2.297 7.0192 -9.7122 -6.7422 -9.5746 3.8153 -9.5785 -4.3382 
-4.0396 0.33857 -4.7602 -8.6534 -0.35834 -7.2474 -5.2401 7.7186 -3.0981 -5.1575 
9.9164 -4.8263 2.1561 -5.114 -3.0861 -1.6965 -8.9529 -4.9284 -0.52394 -4.6757 
1.0889 -9.3219 -1.6615 -3.0773 -6.1998 -9.6941 3.32 -7.4476 -4.4126 1.9017 
3.1218 4.9936 -2.7152 -1.0828 0.68472 -3.48 4.1469 -2.864 -3.227 4.3717 
8.907 0.83425 -8.9984 -7.4734 -5.7368 -3.2466 -8.4925 1.8434 -0.058683 5.1584 
-5.5073 7.639 0.09629 0.46335 -9.5289 7.9616 -8.3789 7.7048 9.2928 -1.819 
9.6304 1.2278 2.4075 6.8846 -4.7742 -4.4885 -3.8888 5.9576 -7.8331 7.0323 
-6.5876 9.3738 8.9339 3.4285 7.1765 -3.5405 6.8507 8.0814 -4.9558 -3.5098 
8.8212 5.0495 4.9296 8.5657 -4.7034 1.7252 1.039 -2.4378 4.5614 -3.7302 
9.1392 8.9857 7.7056 -1.0674 4.1877 -0.79564 1.4605 6.0517 2.6857 9.9416 
-6.4997 4.7763 -0.99228 -6.2314 4.8449 0.27744 -2.8224 -8.7311 7.6684 9.4052 
-8.9138 -4.7295 1.5466 -1.8213 -3.7042 -2.7945 1.9511 -8.2089 -4.5526 0.53181 
-4.6358 -8.2503 2.4492 -7.8058 4.588 -9.486 3.2202 -9.3018 -5.2807 -1.0993 
0.92019 3.7177 -5.212 -7.2576 -1.0977 8.1429 -8.3479 -3.4167 -2.9013 0.58165 
5.5037 6.2093 -7.3966 -7.7362 6.0776 -7.8094 5.7948 -0.73182 4.389 -7.7035 
2.0752 -6.9839 -4.9298 5.9232 3.6603 -5.8133 -6.6358 -7.5786 -1.6449 2.9358 
-3.6781 -3.7237 -5.3538 8.4398 -0.13016 -2.5689 0.12728 8.2944 7.5754 -5.7868 
-1.3329 -0.25943 -4.9964 -1.2006 -5.0066 3.8617 -0.35768 6.865 -2.7623 -1.0332 
6.8556 4.0726 -5.8985 -2.9313 9.2831 -0.69983 7.9847 -9.2246 -2.245 -9.7875 
2.5227 1.9217 5.7817 5.0291 -1.1966 -5.3509 4.064 5.6843 1.8195 -7.8155 
-4.549 -8.913 -0.69998 -0.37167 -1.7889 -6.4311 -7.6271 -4.2231 3.6714 -1.2336 
0.29069 9.4232 -8.4038 1.3372 -3.7458 -3.5741 -3.8236 5.0031 -9.0597 -3.413 
7.768 1.4874 -8.871 -6.2651 -2.7716 -4.6796 3.7075 -5.5314 -0.91588 1.0488 
-6.5141 1.4889 2.9687 -1.8792 0.40386 2.0926 -0.03893 1.8831 -3.0274 4.9984 
6.4014 1.5431 -7.6218 -2.5751 -7.8171 7.6805 3.1269 -6.466 -5.1118 6.1355 
-6.3762 2.0184 -0.031798 -8.0248 -6.0304 -7.1891 8.1597 -8.4232 -1.8783 3.6763 
-8.0547 -7.2797 2.3762 8.5818 -1.2343 0.71111 -4.9697 -6.0302 -0.46702 -9.6566 
-9.3737 -9.3013 -5.4605 5.0564 -4.0261 9.3893 2.355 3.401 0.30146 2.3681 
-9.7965 -1.7233 9.2451 -8.1963 1.1661 -9.5965 -4.2495 7.1144 -5.1665 7.6877 
9.3489 -4.541 5.0 -3.0972 -8.1914 3.8738 -5.3642 -0.34231 0.81143 -7.7457 
7.7608 3.793 -2.2325 -4.7146 -0.46855 1.517 -3.4837 -5.5194 -3.3885 -6.8997 
-9.0063 9.7118 -4.1204 -0.40604 -8.2661 -7.3788 0.67976 -1.0548 -9.819 -2.577 
3.4041 -5.0617 7.9646 -0.12612 -0.73696 8.7413 3.7628 2.6933 7.2508 -1.9604 
9.5324 5.327 -2.2801 8.4152 1.3195 -6.3092 -2.3834 1.0613 -3.699 5.2956 
-5.5947 3.3332 -9.7585 -6.7062 -2.8257 5.213 5.0584 4.7784 1.7899 -3.2976 
-8.3188 0.72633 -7.3275 6.7784 2.5992 5.9086 9.1068 -4.6024 -2.4698 4.202 
-2.8227 8.0105 2.6492 5.3342 -1.8281 -7.9116 6.7513 2.5211 -8.4145 5.2615 
4.6637 3.3384 1.0318 0.76622 2.9604 5.2896 6.2558 3.6045 7.5566 -7.7543 
2.0429 0.8677 -4.9445 -7.1182 2.3985 -0.85998 7.4717 -7.4132 -6.7842 -7.558 
-0.97258 -8.2146 -2.0615 2.0259 8.041 -7.7535 3.406 6.1197 5.951 7.1035 
8.2561 -9.4442 -6.512 8.0152 9.3925 -7.1913 -8.1713 -5.2696 -1.7999 1.476 
-9.9365 9.1959 5.251 -5.3558 -1.3908 -2.0283 -9.4301 9.4106 3.7642 8.7565 
0.20159 4.6449 5.8608 2.0588 9.4944 -9.7414 6.0249 -2.9222 2.7958 -5.6181 
-7.1108 7.8132 -0.43271 3.8521 0.38368 -8.6779 -0.14854 -7.3654 -5.5586 5.1344 
0.092998 7.9051 -8.2876 -9.3541 1.4766 9.9896 9.252 3.7681 -7.8717 1.9791 
1.3643 5.8865 2.3634 -3.5367 5.3609 -3.8942 -3.2981 -6.5327 0.69354 -0.45008 
2.8434 0.70435 9.4309 1.9176 -9.1874 -2.0238 7.9741 -0.096118 -2.886 9.1277 
-5.8613 -3.152 0.021929 1.1304 -8.9158 -4.0034 -9.3499 0.18317 -4.731 7.2699 
-3.1963 -4.3843 -0.48375 -4.808 -1.5911 -7.3253 3.427 5.8295 3.8594 -8.4572 
-3.4505 -0.51077 9.9849 -5.1172 -3.9777 -0.9281 -0.85488 2.4178 7.9878 -8.9262 
2.2993 -9.8284 4.3416 -3.3761 -6.5591 9.7949 2.2499 7.8322 -6.2705 -6.6944 
1.8238 -1.504 -0.60429 7.6692 -9.4321 1.5236 2.9109 3.0658 6.496 -3.25 
3.7585 4.3597 -9.6198 -0.78415 -5.0016 6.3726 3.1314 3.7644 8.4151 -1.4532 
-6.6712 -1.7893 0.30554 -9.0375 2.6986 -4.362 -7.7941 1.4587 5.9538 -3.7659 
3.0445 2.0914 3.9458 2.5294 -8.0714 -7.3796 8.8134 -5.8041 -7.472 9.0359 
5.3728 1.8176 -8.5053 8.715 4.7977 0.90781 9.9283 6.9967 3.9025 -8.4823 
-2.0847 9.5721 -8.3611 2.6505 -5.0905 -8.8581 2.9733 -9.6558 -1.0301 -7.8343 
-2.0747 -4.4805 2.4712 4.2763 3.2462 -9.3389 -1.3528 -0.61573 1.668 -5.4387 
3.8424 -9.1443 -1.7388 -9.2901 -3.7256 -4.3517 -9.355 -2.381 4.6632 -7.3178 
-5.2465 7.4131 -1.6259 -0.83749 -5.0116 2.4498 9.9179 -3.3138 6.802 -3.375 
8.9777 7.7569 0.80296 -4.2165 -5.4895 3.5953 -6.367 2.365 -2.8408 -6.7958 
-7.285 -2.561 -8.5036 9.3052 0.68964 2.6022 -6.0815 -3.7047 4.1967 -5.6343 
0.23031 -7.0225 1.4081 -1.6336 -0.18978 7.5046 9.4737 1.7584 -9.841 -5.2878 
-9.1714 -6.6137 6.6181 -9.0751 -4.0999 -5.0766 2.4353 -6.4824 -4.4947 -4.2617 
-3.7518 -6.7435 -4.0743 2.3908 -5.7249 -5.9487 -7.7798 0.12703 7.866 4.3405 
-3.5646 1.9044 2.8812 -0.73773 -2.1194 -0.75887 0.76732 -6.4304 9.048 -2.5691 
8.9664 7.0293 -7.2432 -5.4715 5.6746 4.9071 -2.1237 -1.9637 -1.9841 7.6629 
-5.8532 -9.1177 6.8906 9.0921 0.48453 -6.6841 4.1522 -1.6345 8.4905 3.2668 
-0.21315 1.8022 6.4827 2.102 2.1913 3.9086 -3.36 8.8521 4.4832 0.87743 
-1.1065 -5.0441 5.0534 6.5084 -1.2422 1.035 -7.0635 8.8107 -2.0221 -5.0956 
6.417 -5.6302 8.3362 -6.9931 3.984 -5.0228 7.0383 5.4544 -2.3902 9.8988 
-9.6504 4.5689 -0.972 1.8895 -1.1849 -4.1587 1.7841 -5.8986 -6.4372 -5.158 
5.7703 -6.3384 4.1183 5.1213 5.8288 6.4646 6.1585 5.2434 3.4251 0.15073 
0.8158 -7.8612 3.5272 -7.5351 -5.7991 -2.1213 -2.5772 7.1342 -0.56752 -6.5408 
-9.0905 -0.93785 -1.8588 9.7605 6.3334 -3.7716 2.8959 -4.4365 -9.4253 -0.32816 
0.27701 -6.1257 8.1918 -8.629 -2.599 0.34036 -0.014787 5.7943 1.6492 -4.0728 
-1.0875 -2.5608 7.2289 -6.0203 0.71759 1.8086 9.8395 -0.46278 -9.0634 7.8073 
-0.1727 -6.3248 -5.3036 -5.427 -6.3548 -6.1431 4.3614 -4.248 1.6289 2.5392 
3.1978 7.7354 1.2922 -3.6549 5.5039 4.059 2.9374 -3.3092 -3.435 4.6907 
0.1074 -5.7303 0.0074948 0.18403 4.3576 8.7969 6.6187 4.7175 8.4514 4.6935 
4.8372 0.8555 8.9514 -2.2832 6.9248 7.5241 -2.4664 -1.4897 -7.667 -3.5951 
8.877 -6.6945 -9.6735 9.055 -2.0305 7.1068 -8.9723 7.7333 7.9571 -9.9669 
5.9865 -1.0345 -3.8076 -3.3577 2.252 -6.2042 -9.5795 -2.3203 5.9209 -0.9769 
-1.2455 6.4522 9.3284 3.2932 -0.78933 -5.666 3.4771 -0.83826 6.3308 -4.5144 
-8.1937 -0.54918 6.9677 6.1224 -4.0591 -8.1521 -3.6307 -0.078761 9.946 -9.9219 
8.6714 7.5901 -8.0139 -8.4462 -5.5159 -2.0589 4.0354 -6.9681 6.999 9.1485 
-2.4325 3.1282 -9.1696 -8.4214 6.2934 5.2344 -9.9413 -2.0839 3.6707 -4.1784 
5.1784 0.95818 8.1824 -8.8446 -7.9224 6.5354 9.1398 0.68768 -9.9109 6.0205 
6.0759 0.37122 1.0763 -2.5797 -8.1054 8.7019 -8.6322 -1.1858 8.3926 5.9392 
6.0847 -1.4928 6.8469 2.5594 2.6824 -0.19912 4.3706 9.1897 -2.3549 2.083 
1.9159 6.2424 -3.7301 6.6645 5.3725 -8.1578 -0.93216 -3.6443 4.0267 7.0416 
-3.5003 2.8406 0.40058 -2.3284 8.992 -4.3346 -5.3471 4.7844 -4.2401 -5.2518 
4.967 -6.3145 -6.0929 0.214 7.9294 -9.4893 -7.544 -5.4591 -5.6137 -2.3567 
-0.47056 9.9541 -9.7376 -4.5085 1.5781 -8.9334 -3.0407 -2.6584 8.7114 -1.4274 
0.31181 -0.23225 8.931 -2.1227 2.6413 -2.6592 3.9014 4.0795 -2.1577 7.6741 
-0.39811 0.18471 0.67941 5.8848 -5.2118 -9.7518 -7.1287 0.54668 -8.7469 -3.4342 
-1.5197 5.2835 -7.9911 -7.9946 -0.76649 -7.6953 5.8041 6.0839 5.7477 -9.7525 
-6.4796 3.4918 -0.97204 -6.9036 -3.4991 0.85814 5.1227 0.1422 -4.8952 -1.0133 
-4.3889 4.5058 4.971 -8.9392 6.3943 4.451 0.11158 5.5591 -1.4358 4.9982 
7.5534 -5.5548 0.64173 -1.1673 -3.034 2.5984 8.1359 -7.8184 2.2234 9.63 
7.4771 -2.3383 8.5692 9.708 -4.2776 -5.784 -3.1275 -9.9384 9.6452 -0.81947 
-0.20827 -3.0767 -2.1016 -8.0282 1.8365 0.2038 5.2768 -6.0827 -4.2777 -5.8511 
2.1256 6.837 -6.7968 6.3478 -5.5772 9.0011 2.2868 2.9687 1.6994 3.6685 
4.3537 9.5053 6.9298 2.568 6.1999 6.6881 3.541 -1.201 -0.30422 -9.7329 
-7.1995 -4.3565 -6.725 -0.20169 -8.7403 -0.6247 1.2005 -6.2229 -0.7139 0.35986 
1.6611 9.5114 7.0812 -0.74164 -7.8073 3.5155 -4.8544 -1.7678 1.136 5.3155 
-6.1 2.0434 6.8632 0.77289 -7.1449 -1.3427 9.1899 -9.2009 0.93174 -0.083127 
-8.7332 -6.2611 -0.31059 -2.7155 3.3369 -0.58796 9.0653 5.6001 -3.3343 -3.3198 
-8.722 -0.73341 5.479 3.6603 -7.6905 8.0171 -5.3798 5.7235 -8.8116 -8.6186 
8.7973 -7.5167 6.9087 8.6869 -8.5222 3.7019 0.2321 -9.1368 -6.5038 3.3669 
0.40369 3.9993 -2.0053 -0.18883 -7.4888 0.17716 -0.11647 6.9043 -1.7054 -0.89692 
-6.9977 5.1683 1.1986 1.5644 -0.28931 -9.3073 0.49637 0.74178 -2.8768 7.3639 
2.9318 -0.40504 0.34543 -4.1224 -6.0544 -3.1187 7.1706 -5.2028 5.3113 2.6248 
1.6756 3.6624 -4.1555 2.999 3.7534 -2.4197 3.673 -1.7597 0.96647 0.85194 
-3.7533 4.361 8.4321 7.8837 8.275 -4.3467 -1.5158 -7.0467 6.687 6.9599 
3.4429 -5.7443 -1.9399 5.8075 -3.3824 -1.8178 -1.4947 5.7794 -8.2042 -6.218 
-2.0589 -7.1916 8.1874 -9.7725 7.6531 -5.8042 8.4165 8.5339 -9.8922 -2.4599 
-5.6097 -0.38615 -0.32824 2.6996 7.4861 -7.546 -9.0093 -2.743 5.6499 3.4631 
-5.1836 9.9881 -1.8173 -8.7723 -8.0571 -2.5297 7.4181 -7.0494 -0.64183 2.35 
-2.2725 7.616 3.9813 -1.7675 -0.3432 8.1703 -3.475 -5.013 8.3755 -1.3508 
-9.33 -9.2215 6.803 8.6867 -9.784 5.7099 -7.9287 1.9962 1.1967 -6.845 
-3.0655 8.9727 -6.1836 -9.2903 -0.56713 -1.9364 5.2321 4.2701 1.6844 4.9602 
1.0408 7.8572 7.3287 5.5855 -0.34912 -4.9305 -5.8233 -6.1517 -7.5406 9.6266 
1.1688 -5.7535 2.3351 3.9135 -9.7317 -9.3765 5.0439 -0.4568 -4.1089 2.2657 
-8.6637 9.639 -1.1549 -9.9955 -7.6655 7.4785 -8.0082 -2.8296 9.7929 6.7474 
1.6388 -4.9091 3.0792 -0.25096 9.5331 2.8013 -8.6142 -0.7856 -5.4174 -4.9616 
-0.48285 2.5371 -7.6313 -5.0947 2.1963 8.7906 -0.68094 -5.3329 -2.0877 -3.0865 
3.2387 0.37534 4.2405 2.0071 -8.5663 5.426 8.2725 -0.59983 -4.0979 -2.7241 
5.722 -0.10318 -7.9412 2.737 5.6722 3.9008 0.15316 6.8195 1.7096 7.3077 
-6.1994 -5.0679 1.3441 3.7736 1.7387 -8.067 9.1791 -8.519 -4.3733 0.48514 
9.2302 -8.7249 4.7466 -2.7225 -3.5996 4.8243 -3.3222 -0.91339 -5.2404 7.7221 
0.70123 -6.6311 8.3794 2.9249 -7.2064 -7.9861 -1.3066 5.4333 8.5934 1.9832 
8.2904 3.2975 7.5923 1.6898 3.654 -3.9839 -4.9957 -2.9488 -3.0496 2.9208 
2.9133 4.1216 -2.595 -9.8528 -4.7689 -8.6068 9.5962 -6.3026 4.2659 2.0456 
-6.9306 7.1614 4.1808 -7.9127 4.2967 -3.5668 1.405 7.3133 2.6939 -6.0906 
-8.9564 -4.6035 -2.3844 6.8853 8.904 6.2517 9.3966 0.4394 0.20902 -1.0427 
-9.699 -9.5506 -1.0978 -6.9856 -5.7477 5.5642 -1.6336 3.5607 0.069484 6.6945 
-6.0727 1.1626 -5.3602 -7.7267 5.4314 4.6157 -6.3159 -4.2444 -2.5367 -8.6454 
0.55425 -6.0205 1.678 0.39241 0.54565 2.9104 -4.6737 -5.0438 -2.4835 -3.5358 
-7.0466 8.4048 -9.7153 -1.67 -3.5594 8.0396 8.9618 -4.104 -5.8508 -6.5371 
-8.5373 -4.498 -1.829 3.7618 6.8793 -7.3917 -8.6569 5.339 0.35229 -7.7241 
1.0968 -5.4208 -2.3326 4.2332 1.8707 -2.2795 9.626 3.2 8.471 -3.2788 
9.6257 0.36299 -7.127 9.2672 -7.7613 4.2238 9.2253 -9.5167 -4.7379 -6.1706 
-6.7428 -4.8788 4.7971 -1.8602 5.3813 -2.2337 -9.7257 -5.8978 -8.8103 -5.7067 
-6.868 -9.677 -3.5042 0.59692 -5.0748 4.249 9.0332 -8.1601 -6.6088 7.269 
-6.7266 9.5297 -2.3411 4.1538 -1.1051 -7.1053 0.65929 2.0233 -0.35937 0.56357 
-8.4302 7.9756 9.7809 7.7564 -3.5276 9.2451 5.8025 0.19181 2.7852 -9.1109 
4.368 9.1842 2.46 9.9586 -9.9186 9.1737 8.9942 -9.1129 4.1063 -6.0626 
-1.0747 6.8905 -1.9205 -1.4635 -8.8314 2.7326 -6.073 8.7947 0.95577 9.2185 
0.20239 -2.3807 -5.3538 -3.2604 -8.8458 -3.2908 -2.4247 -9.9957 -9.9868 -6.6665 
2.1029 -8.208 9.3124 -6.4182 -7.914 -4.233 6.9484 1.9497 -0.32795 -6.2196 
7.6614 4.6547 -7.1037 -2.4439 -2.6747 3.2256 2.5956 1.742 9.3542 6.458 
-7.5617 3.6515 -1.9797 4.29 -9.9782 8.6345 -3.5163 4.5771 -6.7688 4.8169 
-4.1949 -1.2966 0.641 2.4263 4.903 -3.0931 4.3932 -5.3733 1.5464 -9.4083 
-8.7532 -7.1359 -7.9811 -4.0039 -1.4599 -1.5689 -6.96 -4.9109 -6.3166 -4.1086 
-7.1293 -3.8579 1.6155 3.6802 -5.4645 0.8691 7.9734 6.9553 1.3136 -2.5 
-8.6407 3.6063 -7.9103 -4.8054 3.2763 3.7341 6.7093 -0.72281 -3.5213 2.713 
-6.2983 0.078901 1.9174 -9.125 4.7347 -4.1758 0.64701 -4.5582 -6.7517 -4.7435 
5.3735 4.6931 -0.4378 -5.5858 -6.0349 -3.2008 -4.3747 2.9999 2.6991 -1.0649 
7.9535 2.9604 6.3258 2.2729 -7.4748 -4.5792 0.22833 3.3525 5.7965 3.9632 
0.36543 -8.6434 1.474 -4.8254 9.8523 5.531 3.192 7.2202 1.9343 4.791 
6.8926 9.8939 -5.7875 -3.2407 -6.53 -4.3968 -4.8155 -9.6626 3.3542 -9.7966 
-5.4249 -6.3769 -1.3789 -0.75713 -5.7464 5.7333 1.5491 -6.3577 0.91498 -9.7775 
-1.4325 -0.79088 -1.3441 -3.6034 0.579 5.2254 -3.4709 6.8335 2.1791 -9.9871 
-2.6342 1.2148 7.4247 -2.6505 -8.597 -8.2137 -2.2775 1.3936 -2.9386 2.0066 
3.921 3.1239 4.9399 -1.6981 -3.6903 -7.0578 0.035977 1.2174 2.3091 -1.3599 
8.8876 6.2444 -2.0672 9.2481 -0.10932 -4.5763 -9.7444 0.4309 8.7346 -4.2652 
-5.6423 5.5273 -6.6707 1.8728 -2.5217 6.8398 -1.1712 -4.8428 0.28628 2.8101 
5.0601 -4.0686 0.83666 -1.035 1.3794 -5.4777 -9.6811 6.3675 6.3103 1.3169 
0.39677 -6.3953 -9.5949 -4.5312 -2.3707 -9.2134 -7.9549 -7.0942 8.2921 -7.9981 
5.2015 6.8383 -7.5932 5.1288 -2.0973 4.8096 2.2351 -7.3485 -4.1054 -4.7327 
7.6174 3.0891 2.6823 -1.9942 -9.2464 -5.5865 -6.4308 0.17737 -2.5949 1.1773 
-5.2504 2.1588 -0.30427 -2.7433 7.1929 7.4538 4.2766 -5.9087 6.239 -5.9495 
8.7939 -0.45088 9.8966 -1.7032 -8.314 9.993 8.8632 -5.7273 -8.7446 -8.6339 
-9.457 2.2316 3.1793 0.83934 2.1231 -1.4555 4.3928 -6.3663 6.073 3.2621 
1.2303 -2.4344 9.4465 4.6877 -8.0181 -5.0983 -5.61 -6.6495 1.5666 -6.2447 
7.809 7.3269 7.6141 9.5815 -2.9085 -8.623 -7.6768 -9.5899 -8.9618 -7.0647 
-6.6602 -0.39472 4.0915 4.8125 8.8481 -1.3609 -4.5173 8.3091 -7.0134 -9.9975 
-1.4951 -0.77965 -8.3328 9.5363 5.8672 -3.5312 0.35622 -9.9297 1.13 -8.877 
-3.4621 -3.9675 -1.1645 -7.1641 -3.2584 -3.6948 8.9254 3.302 -7.2077 -6.5298 
1.3518 1.0939 -9.9896 -5.6873 -9.8722 1.8908 -6.6785 -4.7752 -2.9142 -6.4283 
6.5397 1.5192 3.5724 5.3755 -5.8254 2.884 9.4749 -3.7632 -2.6462 8.3844 
-2.1664 -7.1161 5.4967 8.7724 -6.3974 -9.3033 -5.7253 5.3305 8.6272 -8.5808 
2.427 4.4245 8.2375 6.6191 5.3948 3.7547 2.1149 -2.4056 -5.454 -9.8173 
9.303 -5.9983 -2.915 -5.2887 -8.1269 -1.8284 -7.0582 4.5933 8.2465 -6.2361 
6.5694 -4.4093 0.87666 1.0097 -2.3516 2.4482 6.9435 0.41408 -4.51 -2.2648 
6.268 3.9729 3.0633 2.4149 9.043 -4.2637 -3.5384 -4.425 7.073 -5.2143 
9.1019 -6.1879 -6.4493 9.2322 6.5392 -2.8614 1.9311 -0.1151 6.595 2.5598 
-6.3376 -1.5614 9.6957 9.1187 0.5523 2.7326 -1.485 1.9988 8.9412 2.9507 
3.4086 -5.8462 -9.9454 -5.9481 2.8065 -0.031571 -0.92925 6.2612 -9.3491 6.4273 
4.7119 -7.2263 -6.0846 -4.1491 -7.8698 1.2696 7.7634 -3.1534 1.1781 8.7837 
6.391 6.2752 -0.635 1.4712 3.9099 4.6471 -9.7444 -4.6744 -6.5281 5.4206 
3.6204 -3.4309 1.1377 0.091817 -4.2056 -2.9934 -1.4135 -7.3856 -0.18495 9.0581 
-3.3988 -0.38829 -4.9179 -9.187 -1.9988 3.6406 8.619 3.4394 -7.6259 -7.8753 
-9.3062 -8.6602 9.8993 -5.5773 -9.1247 9.48 -2.1801 -6.1642 -8.0795 3.9002 
-7.5962 -8.3591 -1.0672 -4.1913 -5.3169 -3.7826 4.1017 1.4918 -8.2255 4.5486 
-4.3257 -3.6508 -8.8942 -9.2204 4.6954 -9.1557 -2.913 -9.0009 -6.4905 2.7919 
6.7647 -3.7084 3.9285 2.7947 4.4485 -1.4941 9.7343 -3.896 6.2069 -0.78656 
8.0271 -3.2381 -5.2467 -2.8972 3.7386 -3.2888 -7.6666 -8.8413 3.6304 4.4665 
-1.0011 3.0806 -4.0062 1.1894 -3.2158 -0.40383 -3.7489 -3.2061 -5.3103 7.0879 
9.7707 -1.5956 -4.879 -5.7701 -0.051757 6.9825 5.428 -8.606 -3.7333 4.9742 
-9.3242 6.6417 -8.2571 9.2312 -5.0458 -6.3761 8.252 -8.6037 -9.3273 4.8118 
7.189 7.4843 1.3485 1.3002 1.6033 -4.88 -9.9159 -0.53027 -1.3513 9.7612 
0.57114 0.99386 -4.6773 2.7915 -5.5961 -9.7489 -0.60462 -9.7513 8.8653 -9.1389 
9.5092 -3.2397 -9.3595 -9.8569 1.1476 2.9647 6.0236 -8.0378 6.5429 -9.6048 
7.5444 0.83966 2.8017 -0.062733 -4.7839 3.5643 4.5307 -4.4572 4.699 -6.1929 
-6.7733 -4.9855 2.018 -3.6299 -9.198 -3.6035 5.1674 0.86686 -0.30264 2.7049 
-2.9325 -2.6366 -6.1787 3.427 -8.3948 8.5682 -2.1002 -6.5974 -2.8901 5.2242 
-8.8399 6.9943 3.7582 -7.5218 6.7156 -1.7985 5.9112 -6.5231 1.8414 5.4507 
-1.1177 7.3053 -3.7903 -9.7306 -2.4238 -4.7473 -1.7033 1.7959 9.3848 4.7505 
-1.1781 -8.5177 -1.47 0.63973 -0.28986 1.7458 -7.6161 3.0594 -5.4279 9.1535 
-3.466 8.8997 -2.3696 -1.3933 7.6374 -6.3467 3.2253 0.91101 -2.8392 1.8088 
8.288 -9.6937 2.4936 3.6387 9.5304 6.5458 1.2456 4.7986 2.6814 -4.7112 
-0.10887 -8.4146 5.691 9.6141 6.1594 3.5633 -1.4087 -5.6499 -7.0541 8.2616 
4.2047 5.0769 1.8925 -3.2555 0.49772 -2.2444 -0.67728 -4.0342 7.4246 2.0501 
3.2928 -2.5427 3.0315 -2.3375 6.8557 -0.99637 7.3135 4.3177 -3.1334 8.9158 
6.6356 -5.8115 1.7886 4.9329 2.6774 -9.3758 9.1097 -6.8608 -1.5218 9.8489 
-4.8393 6.7251 -6.8169 4.3764 1.0098 -0.97705 -8.3127 1.7016 5.9472 2.0951 
5.3848 7.1618 -9.1573 9.6822 -0.052462 7.0281 0.58317 -8.7163 -1.6625 2.4643 
-1.7887 5.4545 -7.2595 -1.274 -1.6298 -3.74 -8.5042 -1.8114 6.2109 -8.1083 
-8.8869 -3.0382 -4.3467 1.0894 9.9387 8.1638 6.3018 -2.6298 -9.5002 2.5432 
7.413 9.3522 5.1385 8.0471 5.6281 -2.3384 -9.7752 1.3321 0.37881 1.8093 
9.446 -3.4981 -1.6996 -7.6711 4.1758 -1.6911 -4.6127 8.1953 -9.904 -8.7468 
-7.6605 1.2822 -7.087 -8.4583 -3.8726 3.404 4.2484 0.97847 -3.1016 4.1191 
0.16626 -5.5722 4.6803 6.8527 -4.3328 -4.2304 7.7226 4.5574 3.5448 8.8806 
5.1113 1.7417 3.39 -3.5408 1.5045 8.6832 4.8665 -8.6512 -4.0761 7.8947 
-7.8003 -3.6659 2.7094 -0.67768 -7.2467 -3.1467 -0.10227 4.6905 -9.1606 2.1129 
-9.3227 4.099 0.85692 4.2538 5.1081 -9.8401 -6.0943 2.9412 8.9534 -1.3557 
-1.178 -8.5646 -4.9586 -0.94417 -9.7628 -8.8055 -3.7203 5.8599 1.7227 -3.4077 
-7.4043 -8.1793 -8.522 -3.7432 -9.5629 -7.3682 -3.325 4.6215 -2.0152 9.9697 
9.432 -6.3052 -2.2564 -9.5655 -3.0748 3.1516 -6.4754 9.9429 6.5273 -6.1875 
8.8031 -6.1486 9.0935 -9.8883 7.1975 -6.2495 9.8625 9.7292 5.6748 -6.9896 
8.6624 -6.8705 -9.5165 -8.6609 -1.7169 9.2678 2.7278 -2.6755 8.6047 8.022 
9.6752 -4.5528 1.8269 -9.0839 4.6908 -8.3263 3.9076 -7.6598 -9.2859 8.1887 
3.8607 -6.3456 7.6875 0.024361 -5.5634 -5.2275 -7.8476 -3.6986 7.2855 7.2422 
4.0495 -9.294 1.6381 -5.1194 3.5656 -7.7396 0.7187 5.2366 6.717 -0.074634 
-2.5738 -8.5808 4.3263 -2.7505 8.3116 9.5451 2.8983 -5.1096 -2.0764 4.842 
-8.7179 -9.5511 4.3316 7.2077 6.0799 -4.4303 -4.8205 8.9966 -0.51165 -3.4735 
-1.131 2.2655 -2.417 8.4898 2.2748 7.5397 6.4182 9.6101 -8.7116 -8.8486 
0.85975 -4.5812 -6.9146 8.8629 1.1739 5.5187 0.37715 7.9242 -1.3507 -3.2768 
0.80324 -0.60652 -6.85 -9.7694 -2.5432 -8.3598 -9.6493 -0.86149 6.4625 6.7218 
5.7257 -6.4856 -0.74877 8.593 5.0514 0.29611 -6.4336 7.9739 -4.0576 0.53702 
2.0282 6.2219 -9.2997 -4.4746 -2.7281 1.9634 -3.1605 7.4097 -1.3222 -6.7349 
8.9403 -9.6134 4.5299 -8.1187 -8.4425 0.25933 -7.5731 7.933 -6.2288 -2.2239 
2.6244 0.26492 5.0375 6.3349 -2.5549 8.395 3.2142 7.2439 7.7211 -9.521 
7.5767 8.3549 -0.9882 2.7475 4.7052 -9.4099 -4.8441 -2.7926 -8.4874 -5.1591 
-7.5463 4.9644 -4.2627 1.4249 7.0122 -7.6363 -0.38088 0.92912 -0.54243 -3.3072 
6.271 5.5929 -7.1534 -9.9843 -4.1463 -7.0604 9.6337 0.73856 -8.6202 7.9083 
9.5521 -2.6906 -0.12591 -4.0286 3.2273 3.077 6.9902 -6.4467 -7.8492 2.0463 
-5.3751 9.2631 -2.6978 7.5912 9.1826 2.4157 2.4254 -6.0952 -1.2429 2.8267 
8.2547 -2.9006 5.6175 -1.2116 1.7808 -8.0346 -3.259 -5.1127 4.1095 -2.649 
3.5274 7.4714 -7.2115 -5.4142 -9.8569 1.0324 -0.79288 0.69418 -4.8187 2.2741 
4.5013 4.6972 4.9282 4.6314 -3.841 -3.7753 -3.4781 5.7912 -3.8346 -8.3359 
3.7158 -1.5525 2.4121 -6.7159 -1.7091 -5.0441 -4.5108 7.5978 6.8713 2.4432 
5.9344 0.28497 8.1551 1.3131 -2.9265 7.5065 -0.11384 8.6827 3.0859 4.5781 
0.59254 -3.2833 4.3575 3.1074 9.3936 -5.7298 -4.5232 -4.8563 6.0171 7.8506 
5.0928 -7.7088 -7.6489 -9.1808 6.9322 -8.6158 7.0535 7.2172 9.8299 -1.2795 
0.071084 5.7351 7.4135 -6.6831 -3.675 3.2451 -4.2785 -9.2688 2.1248 4.7544 
8.1408 -0.49328 -8.6808 -7.0514 -2.6149 5.3827 -5.9692 -2.1329 -6.7284 -8.382 
-7.5278 -7.1274 -9.9731 4.2673 -6.1595 -3.1478 0.84323 5.7759 -8.1647 8.2665 
7.0445 -0.27088 -3.8667 7.2398 1.9176 -3.729 -5.9095 7.9447 -8.2301 8.2089 
-6.4991 8.1388 -2.0736 -0.42672 -0.42041 -1.3744 -9.7766 1.9211 -3.178 7.646 
5.2833 -1.2084 -4.2816 -0.23995 -6.4603 9.1021 -2.4512 2.5587 -8.4991 1.2623 
-0.81335 3.1509 2.9811 0.33597 -9.0894 8.517 6.8062 -2.4484 -9.0541 -0.40488 
2.1213 -0.7887 -4.7954 -2.8997 -2.2321 -7.5592 3.8737 -6.4084 9.0535 -7.6542 
-2.7192 -7.6818 9.7209 -6.0635 -9.568 -3.2692 -9.9401 4.8201 -0.24037 -2.9156 
-1.9611 -3.0177 3.4582 -3.5933 3.7247 -1.2609 -4.5499 5.5418 -6.7193 7.6123 
4.6015 -4.0432 3.345 5.6941 2.2498 4.0487 -2.768 1.0923 -2.2917 3.7725 
9.1026 -9.8988 5.7871 -8.7742 0.0044979 -8.7022 -1.5251 6.9497 -5.7734 -3.3034 
7.576 -6.6685 -8.6119 2.0156 1.6144 -9.2044 4.1915 1.0905 7.4743 2.7805 
2.1946 7.4918 -5.1351 5.0988 3.7941 -8.3911 -2.3919 5.7757 -8.0937 7.7665 
9.3553 4.7018 0.19743 5.4089 -9.4602 -6.3998 7.9584 -4.7973 7.387 -7.2007 
2.6828 -8.602 7.3145 -5.2458 -5.666 5.7956 2.6523 4.3767 2.8156 -9.3961 
5.5453 -7.0155 9.9478 3.8986 -7.2694 -8.4001 8.7651 0.45371 -0.23809 -0.92986 
7.9701 8.7923 2.1967 -3.4469 3.4487 -2.6448 3.1651 3.6696 2.7261 -5.9128 
-5.4687 7.6187 -9.5364 8.5416 -1.6358 -4.2482 0.21364 -0.51554 -6.6299 1.4855 
-7.9747 -3.5065 8.1127 0.14699 -7.6889 -4.3169 8.253 2.9917 -3.0767 9.4541 
6.5652 -0.73544 5.7475 -5.0824 3.8739 -4.7079 -3.3 0.27266 4.5995 -6.0032 
-1.5106 4.3566 0.17104 -7.9596 2.7129 8.6074 1.5998 3.9807 -2.4286 1.7114 
4.5419 -1.431 5.0923 5.5342 5.5664 4.0098 -2.9187 2.1738 9.8041 -3.7574 
8.735 0.71883 2.2201 7.9429 8.1128 -4.2171 4.1492 -8.4822 -9.9462 -4.3034 
-4.0694 9.0057 -1.5569 0.42609 3.1566 -7.5742 4.3928 7.0837 5.4065 0.42534 
-3.756 -0.03918 -5.0683 -1.1279 -2.1705 -4.9524 4.9743 -1.7005 0.73427 8.0305 
0.99393 6.3502 -5.8739 3.969 -2.3889 3.3284 2.0898 -5.0405 7.5238 -9.821 
1.0516 4.7145 -3.5297 9.1609 -5.6339 0.76771 -7.0638 -6.7722 -5.3927 4.5948 
2.808 -6.836 -2.8634 2.3785 -2.6473 5.627 -3.0239 5.8345 -9.5319 -4.7589 
1.933 5.8325 -1.84 -9.1854 -2.7288 -2.901 -9.5073 0.15049 9.7573 8.1826 
-6.7765 -9.7263 0.28808 5.5862 -2.3643 -5.2639 -3.5231 -4.6141 4.5626 5.6507 
-1.6418 4.4698 8.1759 1.9473 4.9971 2.7375 0.71913 -3.9414 -0.1946 -7.7567 
-2.6189 -0.15114 -7.6612 -0.62312 -2.2821 -1.5938 -8.8438 7.4948 -2.6981 -7.2373 
-8.3947 -3.2519 -6.3993 -5.2633 -7.0469 7.7299 -1.0466 -1.9332 7.7597 6.2098 
-5.2738 5.0963 -0.6177 -0.44205 -8.2826 0.12479 -6.9554 7.6372 -5.3279 -6.8605 
9.8868 4.1298 -3.7572 5.0543 4.3453 0.80468 4.372 -4.6868 6.4223 7.2609 
8.1861 -1.1488 8.6392 -3.0858 0.44269 -6.6382 4.0658 -1.0358 0.52201 2.0875 
5.8157 6.4319 7.5551 8.1034 5.0653 6.2563 2.9466 -5.0591 8.7112 -3.3006 
-7.2971 6.3205 9.7881 3.0705 0.80976 8.1203 -9.2685 -8.7916 3.0933 1.3466 
1.0068 6.3235 -6.1125 0.52342 2.6641 6.942 7.4166 -4.3647 0.7967 5.275 
-8.9232 0.02121 6.3882 1.651 5.6867 6.1076 -0.84913 9.1599 -2.896 2.1088 
3.5311 -6.7256 2.2842 1.8844 -7.4969 -7.5023 5.6198 -3.3709 -7.9874 -9.5721 
6.4456 1.6805 -5.2954 2.8133 1.9206 -1.9593 5.3778 6.6177 3.0703 1.0882 
8.228 8.1824 5.8423 -7.4155 3.3706 4.9523 1.4148 -5.6338 -3.5179 5.4571 
-7.0559 -4.2074 -1.3314 -4.368 1.9324 5.5856 1.2392 0.99382 4.8882 3.9857 
-3.9028 -2.9162 -7.4064 7.0143 -0.78285 -9.0769 -9.8318 2.8384 -1.9546 -5.6754 
5.5974 -3.4041 1.405 -6.2324 -0.53328 7.3349 9.8195 -5.8713 -5.9767 -8.5659 
-0.25543 4.5411 -7.4433 -3.6654 -6.9689 -7.1227 -2.9658 7.7237 3.6792 9.6612 
0.98348 3.9671 -5.6414 5.5253 -1.2805 -2.8628 5.2674 -3.1632 -4.9968 -0.92915 
7.5643 -4.4247 -0.64487 0.61625 -4.3491 6.4215 -5.4395 6.1749 -7.742 2.9726 
9.7658 7.3431 -0.20525 -2.8255 5.9273 -6.6768 -1.568 -9.2083 -8.5108 -3.8084 
-9.617 -8.294 -6.1309 8.0983 -7.3295 6.1749 0.54141 2.956 -9.6224 2.8767 
-2.9735 -8.6337 -7.5974 -8.7241 -4.984 2.7086 -5.6429 -9.0504 -4.568 6.1442 
0.69294 9.3651 3.5117 5.4393 -4.9893 -7.2275 -2.9427 7.6018 -1.309 2.0754 
4.9564 2.5015 9.8032 -5.0574 6.254 1.2883 1.0551 -9.3365 -3.5671 9.8539 
9.4003 5.4036 3.1437 7.2068 -7.3084 1.9061 2.7708 -8.1485 1.9905 5.912 
3.9029 -7.0922 -5.4718 -3.272 7.5493 9.4156 -1.2085 3.2858 2.8605 -5.5794 
-4.5346 -3.723 6.5599 8.375 -3.8503 -1.3266 -6.2073 3.4532 -8.1235 -4.6272 
9.0228 -9.9869 -2.5465 -2.5886 2.5078 3.0624 -2.4637 9.5637 3.7838 7.0171 
8.1534 1.1891 3.9493 8.4078 6.3023 -5.5317 -1.9571 -8.823 -2.4644 -0.55481 
-0.85151 8.4424 2.8991 -2.5983 -2.1492 2.1341 -4.6783 2.2853 2.0039 5.0385 
4.6634 -1.0936 -9.4934 -5.8075 3.9919 -6.5767 4.658 0.90039 -8.8713 7.2565 
1.1648 -3.0147 -4.0453 2.0369 3.2926 9.1384 -3.8279 -4.2407 5.4041 5.1682 
9.8779 0.26123 8.1125 -5.4957 2.0984 9.3726 -0.39873 -9.6329 -7.9404 -1.0537 
-2.214 -8.2144 3.1646 -3.7405 -1.1793 -6.1317 -7.8769 1.8134 3.6319 7.5188 
7.6337 5.2757 -3.9603 -5.1843 9.6196 -7.2615 -6.4946 -7.9244 5.8056 -6.5441 
7.8654 -2.2321 1.6168 -7.0843 2.8471 -0.060261 3.8194 -1.3301 -8.5165 -1.6867 
-2.28 -7.0432 -2.587 -2.4872 -9.949 -0.94836 -9.4932 -8.1279 -3.6237 -2.5269 
4.551 -2.2987 -6.6186 2.5532 -8.3609 -9.0581 -8.493 8.8939 -7.9391 -2.3687 
8.253 -4.5498 -9.1716 5.4495 -5.7744 -1.7321 1.6215 5.7516 3.576 4.3842 
8.0825 -4.0151 9.6475 -0.38511 8.2482 8.8916 -2.0771 5.8435 -6.7812 -8.9088 
-8.371 -9.7693 1.6979 -8.9573 4.2208 -3.38 -1.8245 9.6041 2.718 -5.2305 
-9.3332 -5.2225 2.3627 7.6409 -3.0194 1.2489 4.2512 -7.958 -6.9449 6.4035 
1.4482 -0.76212 -4.3996 -2.5374 -4.8843 7.9272 -9.3249 -9.5162 5.1053 1.7784 
-9.8142 -7.1832 8.0447 -1.4096 5.7912 0.039486 -6.4436 -1.3133 6.4559 7.7604 
-6.0334 -2.4837 -1.2005 -5.8691 -3.4657 -2.1477 8.1469 -4.1425 0.98163 8.6546 
-9.5864 -0.94767 -5.1461 4.1949 4.647 1.473 1.7936 5.5365 -4.6744 8.9951 
5.8454 0.53692 -9.1302 0.7005 2.8617 -7.6054 -1.3445 -0.57519 5.8168 6.4478 
-6.1834 1.028 -7.562 5.5375 0.5229 -9.0355 -7.6476 4.3897 5.7047 2.4447 
9.0417 -3.3525 -0.052439 -7.1098 -4.5945 -0.29109 4.2568 7.8523 5.4287 2.3239 
5.4045 -5.7009 4.0181 -4.6881 -0.70641 2.3769 1.2778 5.8341 -0.67447 -8.9055 
6.3315 -7.0175 -3.5385 0.34456 9.9289 7.2159 -9.653 -7.0891 0.85374 -0.15409 
-1.479 1.2091 -9.7427 -2.1538 9.7155 1.9594 4.2147 -5.3382 -7.8845 -3.5537 
-3.9956 -3.4272 3.0155 -7.3825 3.5013 0.54372 6.3928 4.0677 -1.9857 -0.037133 
3.6058 3.0735 -6.2018 -7.8178 8.3908 4.6317 -2.0885 -2.4485 -9.3534 5.361 
7.1703 5.8281 0.40495 -7.6392 9.4069 -8.6212 -4.4346 -9.4779 -1.6687 3.2329 
7.4359 6.218 8.528 8.9377 7.3815 -9.5572 -3.4416 6.3082 -2.9187 -4.2646 
7.9412 3.6586 -0.64932 -3.4537 -9.1995 -6.4218 5.4977 -8.1538 -0.68226 -1.9778 
6.8717 -4.3487 7.3578 -9.2478 5.7831 -0.34925 -9.438 5.804 5.2675 1.8484 
-0.29698 0.4132 -1.5611 -2.0362 9.509 -7.8079 6.4572 -0.30441 6.0204 -6.8502 
-0.22919 1.0362 7.7523 9.6865 -5.6059 3.1294 0.48646 3.3574 -7.0279 9.3181 
-8.6933 -0.36752 -2.5701 -5.0724 -7.5823 7.7695 7.1727 3.1739 1.5803 -8.391 
-0.86038 -7.1518 -7.3511 -9.9006 -6.809 -6.2295 3.9541 1.1224 -9.6647 -3.2178 
1.9111 -3.1628 -1.4126 3.4009 -2.6119 -8.1512 -2.2035 9.6464 9.6459 -3.7235 
-7.7983 7.2985 -2.2 -4.6468 4.022 -1.3605 -8.7398 -2.9287 6.904 -7.8291 
-3.1243 -5.065 9.6507 1.3176 7.8178 -5.6172 4.8439 7.5141 7.3403 -3.4821 
-4.7187 -6.2705 9.5915 5.1819 7.169 4.1662 8.1992 -8.2915 -6.1739 9.4154 
1.6036 0.52591 -3.8508 -6.6267 -3.8089 -4.0967 8.9716 -4.0434 -5.9902 9.3811 
-1.2922 -2.3479 8.6375 8.8848 3.9593 4.5415 -7.2339 -6.8673 -6.5393 3.7948 
-1.698 6.8866 5.9898 -1.3008 6.4068 -4.8713 8.629 1.6416 2.9152 7.4413 
-8.9157 4.1802 8.7482 -8.9542 2.2422 8.118 -9.5141 1.8616 -5.6956 4.9169 
-4.8061 3.7029 2.3856 -1.9468 -3.9746 -7.202 -9.6466 -0.35881 -0.83412 4.8326 
-5.1164 -3.8033 -2.6438 7.2611 3.9616 3.781 -2.3799 -9.4652 -4.074 8.9274 
4.1819 -9.7111 -1.8141 -8.9962 3.5045 -8.3685 4.1985 -3.877 6.6854 -6.0432 
3.177 -3.5285 4.3915 -9.0194 -5.019 9.8041 3.1677 9.9089 5.2515 -7.1304 
-7.6164 4.991 2.6657 -3.8285 -4.3652 0.79937 1.0671 -6.7557 4.4175 9.6606 
-7.4156 -5.536 1.4725 -1.1601 6.3054 -8.8413 5.3219 -4.1011 8.5548 2.4952 
-8.4406 9.1073 6.2886 -1.6286 -2.3716 5.1126 -6.0739 -6.7943 -7.287 -7.3856 
4.7048 -9.6887 -7.0726 -0.90011 -2.7364 -9.325 -0.36744 -8.6453 -0.53028 -2.0123 
1.123 6.2479 -4.6725 -6.178 -5.6881 8.7029 -6.7303 -2.3978 8.8383 -0.15279 
6.6874 -6.0575 -2.5104 -9.1752 -3.9344 8.1521 8.088 -4.9753 8.7369 -7.6801 
-7.8775 -4.9216 -7.9388 2.5691 3.9358 -2.9171 -4.466 -1.8388 5.4891 -2.0535 
-4.8688 -1.0069 4.7875 5.9268 -1.963 -4.1406 -8.7252 7.2165 -3.6949 3.151 
-8.9175 1.6532 -3.4797 1.1967 1.7315 8.3454 2.3008 1.0502 9.9906 4.5397 
3.1311 1.8741 1.9081 4.1173 5.6945 -8.2987 -2.6616 6.1954 3.8186 -6.5601 
-4.4513 9.3401 7.8378 -5.4327 9.9594 6.3412 6.8912 -6.3361 7.1239 -1.5245 
4.1826 -0.47896 -4.242 -8.5207 -5.75 -1.7229 5.3097 3.453 -8.0287 9.2073 
-7.3941 2.4364 4.8306 -2.032 6.1829 -5.107 7.4129 -6.0742 6.3376 -5.7767 
0.47995 2.3442 -0.4687 -3.6876 3.8111 -8.4146 1.6566 -1.3654 -0.93673 -9.4316 
-9.0822 2.3516 -1.7051 -4.9556 7.0652 -8.0105 -1.5508 -0.25917 -8.7856 -5.7383 
-7.9739 -2.519 6.5539 -7.37 9.8362 -8.0805 -7.5547 3.9905 -0.3219 -8.0857 
-0.6213 3.8914 0.48896 1.0201 2.868 -2.2936 -7.4977 0.50412 2.458 0.49859 
4.2129 -3.9065 -0.4751 -3.6697 9.2288 -9.2817 8.1921 6.9422 -8.0521 2.8175 
2.0269 -2.4241 7.2157 -3.9222 -1.5095 -5.5582 -7.8103 2.8302 -3.8011 0.05494 
-5.9017 5.1331 -7.3868 3.1736 4.9154 7.1109 -6.0678 0.30291 2.0663 1.2447 
2.3757 0.14051 -7.5086 -1.8312 9.7136 9.6852 -0.14402 9.3247 4.9145 3.0244 
3.983 2.301 -7.3567 -0.19643 -6.8473 -1.4797 9.6012 -0.63028 -2.3963 -6.0455 
-3.7034 -1.9583 3.0543 -7.9579 -7.4147 9.5742 -4.4938 9.2722 -3.2952 1.8672 
6.0958 -6.0401 9.5645 -8.1008 5.579 2.149 5.2911 -8.8742 -7.2619 -4.1313 
-6.4396 0.084495 1.7727 -5.152 4.4242 3.6015 -1.6575 -1.1398 -0.3643 -3.228 
-5.1739 -0.59772 -1.6553 4.1398 -5.6093 7.5855 4.3746 7.7283 8.1818 -5.1807 
1.8946 -7.2152 -9.8208 6.1659 -5.5109 -7.5954 6.8976 2.114 -4.6181 9.3913 
7.3647 -0.64439 7.9168 4.5401 1.413 -5.0526 7.1352 1.5233 -5.6129 6.9088 
6.3734 -0.40036 9.5057 -9.156 -9.3926 7.1309 -4.4115 5.5065 -4.5476 -1.4901 
1.8017 -9.1568 9.8283 -7.8673 -0.18987 -3.3694 -1.6924 3.4696 3.7747 -8.3852 
-9.9542 -8.1742 8.4456 9.9948 -5.3656 4.6339 1.2325 -2.6351 -8.1841 -3.2573 
8.8906 -3.6321 -6.3569 6.6332 -7.9596 6.8894 4.2896 4.3169 7.0303 5.6208 
5.8495 9.9073 1.2415 7.1605 8.2255 -4.2373 -4.6183 -7.8321 -3.3366 5.9878 
-2.0134 2.3675 -0.001116 -5.2726 1.4602 -4.8117 -7.6237 6.5764 -3.2646 9.537 
7.469 5.1155 7.2882 9.8567 -7.7672 -2.5144 8.6452 6.768 -4.9047 9.402 
3.4879 -4.4776 -2.6281 -2.2802 3.329 6.7757 0.93229 -5.7368 7.5294 2.3537 
-5.1527 0.67943 8.0704 3.0856 -5.437 -9.8033 2.4704 -0.44056 -7.0678 -8.0624 
-6.6311 -9.5483 2.3061 7.2222 9.9982 0.23762 -9.1834 5.8851 -4.4836 9.2115 
7.2225 6.47 5.442 -1.7587 2.1178 5.195 5.1446 5.9711 3.4762 0.028779 
-3.4672 -5.1806 4.6314 1.266 0.57293 -2.334 0.20342 -5.5493 0.15834 7.2147 
-3.497 3.0421 9.4711 0.23445 8.1289 -4.625 1.5314 8.3722 2.7518 6.5554 
-1.9965 2.5782 5.8282 -4.7454 -7.0933 8.0682 5.3519 -4.7145 2.2932 -7.7545 
5.2701 -6.8069 -0.79682 6.5293 0.73083 9.1309 8.8201 -9.4622 2.4796 2.2032 
-6.7186 5.1421 5.2985 -1.0126 1.0575 6.3036 -3.7487 0.49481 -9.8649 2.5905 
3.7658 -3.3633 9.4421 -2.2322 -3.6978 -1.5637 1.4967 -8.7065 -0.38174 1.7102 
2.8663 -5.2744 -4.8794 5.7642 -3.6975 0.37725 -7.8186 -1.4072 -8.933 -2.2034 
6.4271 4.2155 8.3148 -2.8316 5.2667 7.752 6.794 0.47678 1.1868 7.4275 
-2.4291 -3.4545 -3.3082 -8.6918 -5.444 -6.5065 -8.8112 -8.4795 -5.4058 -4.6129 
-7.762 0.30282 -6.3709 -5.169 -1.8331 4.3204 -8.0412 -1.4667 5.8446 7.1389 
7.1897 -1.3578 -1.3132 1.1923 8.5824 -2.6961 4.7725 -1.1662 -0.54866 -3.5988 
4.2637 5.9758 5.2115 -8.0261 0.78902 5.38 -1.7582 8.8637 2.849 -3.0457 
1.5002 0.85733 8.3272 1.2647 -7.5406 2.6817 7.754 -6.4428 -6.7973 -0.40347 
4.8228 8.3567 0.035734 -7.3314 0.83413 6.5649 -7.304 1.7839 4.0569 -9.1385 
5.0734 -7.2145 -2.5055 4.9768 7.8517 5.924 -3.9878 3.7705 -8.8961 3.6157 
1.1018 8.0301 5.4316 2.3072 -1.8011 -1.0388 7.4218 -3.2275 9.4974 3.014 
6.0182 -4.4744 -6.2047 4.8574 -2.7385 0.36223 2.8542 -2.8727 6.1858 7.2741 
3.4069 8.8737 -0.46011 -6.6944 -7.3341 -8.6641 5.6025 -0.81143 -3.8371 8.2824 
0.70215 -8.6992 1.6232 -6.299 7.9913 -8.5687 0.99941 7.3213 6.335 -4.9608 
3.7185 1.0198 7.1471 8.6696 -8.3542 -1.3437 -2.8706 -0.928 6.3615 -8.6198 
9.1037 -9.7576 3.4291 -4.6662 5.711 -7.4328 0.052597 -5.5742 -6.6645 -6.9442 
2.555 -7.1997 -6.131 7.4168 7.2213 3.5444 -1.127 5.8472 -7.9164 0.031438 
6.3826 7.1208 8.6703 2.4089 0.80195 -8.3376 0.57369 5.6802 -7.4269 6.4382 
-6.2207 2.7734 1.9786 -8.5817 -1.9362 3.9103 3.0088 0.4433 -7.0904 0.0025676 
5.0295 6.5977 3.0779 6.8588 -0.028646 -5.248 8.5632 3.0685 -7.5889 8.5375 
-5.5684 3.9812 -2.4914 4.6269 -2.4229 2.5447 -9.9563 -8.2542 9.3711 5.706 
-1.671 -7.2043 -3.4386 1.5133 9.3824 2.0663 -1.7087 -5.6404 -2.6494 -9.9084 
5.8175 3.3787 -9.3577 -9.7549 -4.7414 -2.4009 4.946 4.4553 3.9508 -7.2636 
-2.0008 -0.66645 -1.231 6.0382 0.33165 8.8502 6.1548 -2.5286 6.1121 1.1134 
-9.0978 8.519 6.4222 9.1604 -0.97188 -9.925 -1.5429 -6.2514 -7.0234 -6.9418 
-5.9791 7.7028 3.046 5.5364 -6.7532 4.5558 4.9473 2.4485 -6.8111 -6.7508 
-9.1427 4.1392 9.8894 -3.2968 0.51239 0.82247 2.8647 -2.0456 6.9661 2.4115 
2.7833 2.868 1.9975 4.7755 -5.6578 -5.6237 8.5723 7.6922 4.2609 -1.4662 
-4.9648 -4.8691 0.37343 9.8421 2.6473 -6.1619 6.6308 -9.3859 -5.2821 -4.0973 
-1.6023 4.0709 -8.5559 -6.1021 5.0205 -0.25691 0.71646 -1.8352 -0.55375 -3.692 
-6.5633 4.7123 3.2591 -6.2736 -6.9584 4.0855 -5.3833 -2.2891 2.5521 -6.6095 
7.6891 5.2758 -1.7978 -0.98613 -9.1761 -8.5222 -4.845 1.1318 0.46038 9.6199 
-3.1797 -2.105 -4.8033 -9.4166 -6.2577 9.5373 -9.3468 7.3775 -4.1252 1.7131 
-5.8975 -8.7545 5.2726 -3.5427 -8.973 -1.273 6.1947 -3.863 -2.073 0.92156 
5.9077 4.0052 7.6142 -3.4603 -6.5554 2.6871 3.6192 -1.1769 -5.5532 7.6511 
-9.5106 -2.0877 0.96722 1.4309 1.2683 -3.0425 -4.1722 6.3694 8.3208 4.1497 
-9.2044 6.7117 -0.97073 -1.8454 3.4363 -9.8366 0.065851 -6.3071 1.618 3.4743 
0.59637 -5.1155 8.7052 3.3391 -5.4343 7.4276 6.9725 9.3084 4.881 9.3457 
8.6673 9.2243 -8.3317 -1.4233 9.3505 -9.7597 -0.37019 -8.5352 -4.731 7.0594 
2.0443 8.1345 -2.6392 8.8886 -6.7859 -6.1426 -2.792 4.2374 -8.218 0.45233 
2.0235 -3.6255 -9.3374 -0.26411 2.1921 1.1807 0.81223 -0.80455 5.688 -0.74245 
2.8773 5.3449 -9.0799 4.8731 -9.0178 -3.9181 -1.8384 -2.3917 3.7031 2.2919 
8.4386 5.1082 2.8118 -6.7804 -2.4185 -4.6029 -8.5198 5.2153 8.2762 8.2181 
-5.6149 1.9309 0.20373 -4.0048 0.070407 -3.3006 4.4029 -0.73051 1.6105 9.4152 
7.6981 -7.1454 1.236 4.6041 -9.787 6.7767 -2.1537 -8.2034 0.55865 6.3014 
-9.0236 -9.0619 -4.371 4.9626 -9.768 -2.7945 2.5071 -4.0253 -6.7006 9.2678 
6.2408 7.2599 3.5746 9.2615 -8.4396 -9.3268 -0.29169 -7.8565 4.9967 5.2283 
-9.3482 1.8493 2.5373 -8.763 -3.5415 -7.149 -2.9978 -3.1129 -9.0435 -4.8439 
-1.6992 -8.407 4.1789 6.6214 -6.1226 -3.9603 0.038789 -0.87213 -6.1105 2.8389 
1.8933 -5.0578 2.3073 2.1883 -3.2396 -2.6104 -2.4817 -3.2176 3.7812 7.5025 
-6.0641 6.9396 -1.0086 -2.5079 -4.146 -5.8622 2.1403 -4.2913 -5.4161 4.5627 
5.9218 -8.5542 4.5497 6.5611 5.8613 8.7357 -7.1716 -2.3648 9.932 3.8642 
-5.7802 6.2915 9.6963 -4.3237 9.2498 9.2553 1.997 9.2112 -5.5821 9.0221 
-6.5117 7.6863 0.68952 -8.1444 -2.6287 7.5724 5.7177 4.1306 -1.5482 1.3738 
2.2768 -2.5951 5.5976 1.7513 7.3807 3.279 4.6232 -1.8795 -2.2572 -0.37056 
8.8211 6.0069 9.8306 5.0111 -5.552 -9.5928 -2.7592 7.5322 -2.6923 -7.2775 
3.2313 6.2135 2.7317 -5.0129 -8.6968 -4.4317 7.6996 -6.4586 -8.9113 -2.2484 
-5.702 -6.429 -4.5345 -2.149 2.9408 -9.176 2.7675 8.9971 8.4702 -5.8942 
8.2718 3.8859 2.0616 1.3459 -8.9982 9.9988 -1.2443 3.5243 8.6968 6.9794 
-2.3961 3.2195 2.7208 9.4621 3.0484 4.7371 -5.5605 0.19988 -5.273 4.5161 
-9.3004 9.8013 8.2217 8.5422 2.806 -1.7161 6.6296 4.4788 3.5402 -4.9236 
-5.4531 -2.3297 2.3128 5.9334 2.9754 -1.72 5.2417 -6.6847 5.0043 -8.5769 
8.1377 4.6101 8.8733 -5.9403 1.0134 7.0154 -9.9503 -6.07 -7.0955 -3.1558 
7.3798 -8.476 -4.8853 0.93554 -5.9831 -5.7904 8.8069 1.4949 -3.5422 4.5736 
1.6494 -8.5075 -6.0359 -5.452 5.8343 -5.7558 -7.0824 9.9375 -2.5511 -6.8664 
1.2157 0.6977 -1.1226 3.6716 -8.3862 7.6825 7.1522 6.3977 8.4006 4.2858 
-9.9782 -2.3031 7.5434 7.2466 -6.4746 -6.4679 7.8145 -4.2569 -1.2318 3.7738 
-7.4628 -2.4955 -3.0322 0.078785 1.4335 -4.4253 8.2609 -8.4899 -3.3136 -5.6248 
-5.7072 9.4584 -7.8496 -0.40335 -4.705 -2.5676 8.0737 0.9572 -1.0827 8.473 
6.5364 4.2615 5.2947 -7.8915 -4.1351 -6.7387 -5.2268 6.7161 9.0181 -3.1717 
-2.2477 -3.0822 7.9255 6.6883 -4.2993 -6.726 8.7132 -9.6583 6.7128 0.62425 
-3.6385 -5.1249 -6.2271 3.5383 -3.071 1.0111 8.9667 3.0329 6.5064 -6.734 
-4.7644 5.1132 3.4704 -8.4931 -5.821 -9.993 9.5446 4.28 -7.7895 5.9336 
-4.0695 7.6977 0.3178 -5.8095 -3.7066 -6.6637 9.7493 -0.50729 2.1655 8.9136 
-1.4364 -3.0685 7.2393 4.5967 -5.8421 1.1951 6.413 -7.833 5.069 0.80199 
-6.1519 -8.5317 -4.0369 -6.5711 -2.3648 4.1068 -5.2683 9.198 -4.9456 -0.59427 
1.3496 1.0559 -3.9341 -4.0041 2.0079 -0.54065 -2.5229 0.31442 5.372 -4.0629 
3.1533 -1.6662 -5.5779 7.5794 2.6243 -8.2081 8.2049 2.3751 -5.8745 2.1775 
3.7116 -5.5105 -7.2033 5.7108 -5.6057 -2.7725 -9.3494 -8.6847 2.064 4.2737 
-2.9252 -0.43544 9.1802 -0.17172 -6.1373 2.5375 -5.8396 -9.6597 -0.08185 -3.0395 
9.1358 -0.013896 3.6137 -8.5523 6.7873 7.4832 -3.7781 -7.2837 -5.5307 -5.5297 
-5.1252 2.0583 6.0959 -0.50894 5.2989 1.315 5.8238 -0.52049 -1.6778 2.9681 
4.9654 -4.2839 0.72412 2.2379 -3.9822 0.29007 -3.4297 5.8731 4.29 -5.7823 
-2.1954 0.79141 6.4291 -0.13591 -8.1961 -1.984 3.8183 -9.4998 1.9867 9.51 
6.8951 0.39025 -4.7513 6.5249 -8.3477 2.8131 -0.83355 7.9953 0.6239 -7.4263 
-2.5603 -0.43617 3.9141 -9.014 3.1986 5.5649 9.0195 8.5408 -2.6122 -1.2869 
4.1521 1.6192 7.0206 -3.9452 -0.83903 -6.8054 5.8856 8.0365 -3.5421 5.4302 
-3.0869 -2.1833 -8.2569 -9.8366 5.7342 0.6597 -5.5817 1.0506 7.1658 -0.69059 
7.5432 8.4112 9.3157 6.5507 4.744 -4.6228 6.9492 5.6155 9.9938 -9.1654 
5.0106 3.5278 4.0184 8.3968 -5.0878 5.3517 7.0081 2.8839 3.663 -8.3578 
-1.3115 -4.1707 -8.4893 8.9396 7.3637 7.5055 6.6675 -3.3407 4.8369 3.9587 
-1.9868 9.2726 8.8568 -3.702 -2.719 1.1984 1.635 -7.9115 5.1034 -4.0008 
-2.5412 -9.6722 9.2493 5.7109 1.3691 -4.264 0.61076 -1.1419 5.0228 1.7119 
-1.135 -5.5587 -2.2249 2.8503 -4.63 -2.3634 -8.5993 -7.1924 8.3929 -2.817 
-2.3939 6.5745 1.5388 2.9937 -4.4134 -0.82271 7.1272 7.1283 5.9893 8.8996 
-8.5458 5.5767 6.3432 -7.2886 -1.2852 -6.7865 9.6322 3.3696 -9.6446 -2.0507 
-1.1944 -3.9457 -8.4691 8.0403 7.0421 2.352 -8.6944 -5.9996 -3.1395 5.1453 
2.1305 7.2972 7.3063 6.4036 3.4833 -1.6739 -6.5791 9.7218 3.1861 9.6612 
-3.9043 8.5465 -6.3726 -5.2384 -8.3777 6.1415 4.3375 5.7786 -4.4676 -7.7466 
-1.8671 5.0293 6.6935 -7.0719 9.8729 2.03 1.2524 -0.9642 -8.8098 7.5008 
-7.9798 -1.1542 6.8207 5.956 5.523 2.9662 4.6634 1.9271 5.8212 -2.2544 
-0.4624 0.85218 0.17235 8.1005 -3.766 8.3664 -9.1935 2.008 -8.2242 9.6451 
-4.1518 7.5021 0.40038 3.4794 -4.8602 4.3029 8.2127 9.5322 -1.5053 6.6345 
-9.6743 9.5494 -2.6621 -3.0302 8.6631 4.5495 -0.68861 9.6159 4.6862 9.3175 
7.6883 1.911 8.472 7.4128 1.5409 -4.8643 -8.1331 3.6893 7.5463 -5.389 
-5.7938 1.7298 4.0046 1.4025 -8.3119 -6.9873 9.6408 6.0656 -7.6365 -9.6504 
3.6729 7.66 9.8146 -5.69 8.3676 -9.9382 1.1046 -3.9688 -1.876 -7.5477 
-6.9122 5.8235 9.3793 -5.0518 3.3338 1.6912 -0.20621 -7.9264 -8.7333 7.0999 
9.4863 0.24615 -8.1454 -9.2209 -0.72473 0.96648 -7.2279 8.0028 1.5129 5.5414 
0.053247 0.99824 -2.5881 -2.6721 0.16202 -2.5516 -0.41021 -3.5937 6.3575 -5.4401 
7.8282 2.7903 0.60327 3.1576 6.0696 9.1262 7.751 2.6667 9.5596 -8.0606 
4.5298 -3.3771 -8.3881 4.6554 4.3441 2.447 4.9285 -0.8446 6.3235 9.3955 
-0.056407 -3.4237 4.0861 -8.3825 2.6307 3.9658 5.7461 -2.2139 8.4327 3.7196 
2.1443 -7.0318 -3.0606 -6.6585 7.5006 -0.66184 8.3615 1.6497 9.411 1.1248 
-3.0142 4.5429 -7.7542 7.1864 2.7368 9.9293 -5.5064 7.3199 0.33914 5.7441 
0.52429 -2.6172 8.838 7.9904 -4.0683 -0.56546 1.8098 9.1354 -2.9308 -3.4151 
5.9383 2.1285 -5.8531 7.8517 -6.547 9.7772 7.9764 2.5586 3.419 -6.7535 
-4.5265 -9.8632 -9.8039 -4.5819 -2.5958 8.8251 -3.9462 -6.9151 -2.494 1.5442 
-4.1463 -7.2217 7.3713 2.262 -2.2535 -7.2627 -2.4867 -3.4234 3.1702 -4.7293 
-3.037 9.2865 3.5727 6.3165 1.329 -3.5577 1.7486 3.5481 5.8847 -5.2482 
7.5195 4.4094 -6.5659 5.0188 2.4151 5.4551 8.7765 8.1964 -2.4362 -3.0553 
-8.1336 8.3069 -6.4668 -5.6631 3.568 -9.8895 -9.9583 4.961 -6.2548 -0.40213 
-5.8664 4.5579 7.9171 -0.37526 -2.1338 8.7609 7.6226 -9.4427 5.0583 9.2539 
-3.9448 -0.046217 -8.3805 8.6675 8.1985 -0.78727 4.4754 8.3737 4.0674 -1.8055 
-2.9696 2.7463 -8.5631 2.1545 1.6061 -0.6483 -6.8193 -6.9705 -3.3955 -7.6207 
4.535 -0.30553 -9.5313 -2.8967 1.6248 -1.7275 8.637 3.3919 8.222 -9.8153 
7.7265 -1.7673 1.4502 9.4063 9.8169 -9.7213 0.39521 1.1447 7.4522 -1.3864 
-8.9615 -4.5237 -3.4922 -3.9693 9.6546 -5.8248 -3.8839 9.5733 -6.7415 9.7511 
-8.4288 7.6949 0.49827 -5.4699 1.2273 1.6738 7.7767 -9.3322 6.2892 -4.8923 
-9.7103 8.1048 -1.9618 -0.64574 5.2688 1.1302 5.517 4.9029 6.9087 7.5689 
-6.1332 -0.84551 2.5846 3.9851 -4.8987 -2.1831 2.229 -6.9164 8.7185 0.63231 
-9.4742 -1.6103 2.6325 -8.2026 -0.155 7.6096 5.3276 -7.3685 -2.7412 5.1513 
-0.62468 1.0315 -3.1465 -9.3726 -8.6939 1.452 -2.0561 -8.2918 5.5459 3.5639 
-5.1323 5.8079 9.1332 0.38043 -7.1928 8.6316 3.3508 -6.1093 9.1472 6.0176 
8.3983 -8.8255 -3.3331 7.6409 6.852 1.9034 -4.778 -3.6687 6.6192 -7.0656 
4.3167 -0.6844 3.4208 -7.8904 7.1825 0.79096 1.9611 0.11786 -8.9922 -7.7089 
-0.22709 5.4909 -9.4765 5.2069 9.7562 -3.6081 -2.1012 -3.7761 6.8077 -4.8372 
-8.4385 4.0847 7.2355 6.9188 -3.0279 9.8808 4.7125 4.8553 -4.1347 -5.6421 
0.60132 3.5269 -3.2965 -8.2049 -2.625 7.6255 -3.1572 9.8098 3.4232 -8.3393 
3.321 5.5123 8.4014 -3.5829 -3.7636 -0.053576 -5.9803 4.231 -8.8448 7.2101 
2.1543 -0.90521 -5.0784 -6.6549 9.9638 0.026033 -1.446 4.568 6.2529 -7.9995 
-1.609 -5.485 -8.4468 6.9488 -6.8095 2.1095 -4.1474 7.8229 7.8956 9.0321 
-7.784 8.7268 -4.3311 -0.30652 9.7352 5.4967 -1.1239 6.761 3.4444 -4.6362 
6.3323 2.4564 -3.9412 4.0015 -7.5727 7.8224 -3.2674 -1.6018 7.0665 6.7809 
-5.0139 4.6665 2.4432 0.11919 -5.6938 5.2502 0.54171 -8.2152 4.0622 -5.0722 
0.18357 6.7279 1.6357 -4.1242 3.1361 3.8134 9.5257 -2.1293 -3.3508 -4.5105 
6.0827 1.8906 3.8463 2.5665 -4.4685 8.5427 -8.1085 -0.32931 9.4426 -3.7388 
0.1966 -2.1042 -7.1288 2.709 -3.5191 -5.4278 -8.8564 -8.9113 5.6779 -1.0926 
-3.946 2.3645 -3.0399 5.3693 -1.9798 -1.1236 -3.2993 -1.7527 9.6192 2.0941 
7.2385 3.5433 2.4679 2.7945 1.3469 1.8821 -3.3123 2.9834 8.9593 0.85648 
-8.8521 -9.6536 7.1795 3.9047 -7.7584 4.9301 -0.10605 8.1415 -6.9039 -7.3399 
4.6151 4.7788 -0.56864 -6.7375 -7.4265 4.3741 -1.2167 1.1508 6.7925 -6.4669 
8.0176 -8.9059 3.8144 9.2756 -8.523 3.1193 7.6088 -0.89482 -7.1408 -7.3397 
-0.71913 -5.1349 -8.1248 3.2356 -6.4371 1.7561 -3.2194 -8.8666 -6.2944 -0.50106 
-0.61272 4.5818 -8.848 -5.2897 -6.2504 8.7125 -4.248 2.4083 -3.2087 6.1562 
