-0.73478
-0.60555
0.13717
-0.287
0.26826
-0.00069733
-0.23894
0.53355
-0.51802
-0.63142
-1.033
-1.0697
-0.98646
-0.89091
-1.1467
0.72917
-0.38662
0.50648
-0.23717
1.0688
0.78745
0.09428
0.11467
-0.82017
0.78653
0.85605
0.51144
0.86724
-0.023581
0.98633
-1.0395
0.91985
0.90502
1.135
-1.0462
0.95155
-0.6637
0.86722
0.29958
-0.8945
-0.83158
-0.93864
-1.1046
0.50793
0.90512
0.78924
-0.88961
-0.85625
0.99991
0.83102
0.44921
-0.3218
0.51234
1.0025
1.0519
0.96363
0.23047
0.42787
-0.97045
0.92032
-1.0453
-0.43646
0.61638
-0.9837
0.93125
0.9448
0.95906
-0.70856
-0.90247
-0.7935
0.28445
0.069941
-0.37299
-0.87132
-0.025757
-0.57769
-0.56599
-0.14516
-0.70422
-0.69256
-1.0867
-0.36085
-1.1023
0.71639
0.46975
1.1688
0.57026
0.93448
-1.0834
-0.59454
-0.0083019
-0.31027
-0.24172
-0.39775
-0.022911
-0.66283
0.63369
0.94791
-0.98274
-0.15141
0.92462
-0.60408
-0.81557
0.94569
1.1729
0.29237
-0.85913
0.73746
0.39247
0.29885
-0.97842
-0.90857
-0.7369
-0.03526
-0.65934
0.018192
-0.11755
0.3985
-0.63497
0.35473
-1.0444
0.74727
0.49329
-0.22722
1.1064
-0.35334
1.0048
-0.85969
-0.12331
0.86453
-0.65125
-0.15216
0.5612
0.75453
-0.80314
-0.63762
0.051268
0.57194
0.76177
0.035363
-0.36216
-0.74328
0.49197
0.44849
0.32676
0.2846
-0.18986
0.043493
0.87498
0.46296
0.95816
1.0275
0.13357
0.003413
0.52441
0.056458
-1.0876
-0.081492
-0.88347
-0.33851
-0.66906
-0.22817
0.55548
-0.34598
0.27867
0.72361
0.64917
0.84698
0.66766
0.86893
-1.034
-0.91273
0.24603
-0.35224
0.36732
0.73481
-0.51725
0.98174
-0.6342
-0.75374
0.90594
0.84376
-0.96645
-0.9943
-0.8899
0.56311
-0.21952
0.99121
0.43049
-0.19271
0.77683
-0.87535
-1.0726
-0.74378
-0.44058
0.34947
0.56834
-0.2445
-0.01609
0.074859
-0.68059
0.97083
-0.23264
0.3075
-0.9422
-0.72205
0.90474
0.45218
0.98787
0.66833
0.38816
-0.96224
-0.47799
-0.44772
0.64654
0.44373
-0.48924
-0.90152
-0.7555
-0.93073
-0.81881
-0.32133
-0.92881
-0.33661
0.078567
0.09262
0.7767
-1.0721
-1.127
0.63491
-0.22205
-0.94361
1.0492
0.81918
0.41521
-0.44733
-0.44672
0.67707
-0.99254
-0.017379
0.61409
-0.12036
-0.56902
0.27923
-0.79758
0.23333
0.013283
-0.56757
-0.69661
-0.37819
-0.90119
0.2567
-0.80742
0.75393
0.67179
-0.70537
0.38319
-0.66023
0.73057
0.35145
0.3541
-0.94372
-0.30619
0.71557
0.94963
0.39495
-1.0219
1.0315
-0.95495
-0.02624
-1.0899
-0.56581
0.59455
0.61521
0.38634
0.70739
1.0641
0.94119
0.047948
-0.73323
-0.19373
0.35385
1.0867
-0.5943
0.67133
-0.37101
-0.74421
-0.23294
0.32673
-0.084361
-0.25142
0.51183
-0.68677
-1.0193
-0.65524
-0.038333
-0.1803
-0.042745
-0.91252
-1.2141
0.25229
0.7537
0.071009
0.95344
-0.99974
-0.90187
0.85514
0.90678
0.49108
0.82715
-0.036464
-0.97388
-0.18425
0.68126
-0.49793
-0.29869
-0.35575
-0.27086
0.2171
-0.95595
-0.24873
0.99059
0.9996
-0.86987
0.96008
-0.4433
-0.043501
-0.86261
0.9472
0.61551
0.25818
-0.74068
-0.85076
0.17926
-0.65289
1.0448
0.16536
0.39019
-0.93427
0.7163
-0.79283
-0.35016
0.98926
-0.85636
0.59699
-0.067159
-0.41098
-0.38912
-0.091128
-0.35851
1.0559
0.53392
-0.98066
-0.96482
-0.99824
1.0562
0.51398
1.0522
-0.2666
-0.14725
0.67036
-0.04226
-0.067358
0.66975
-0.69425
-0.68317
-0.1981
0.7483
-0.27441
0.89106
-0.46159
-0.67638
0.49482
-0.9088
0.55959
-0.83303
-0.36288
-1.0335
0.043994
0.82877
-0.79655
0.2962
0.27455
0.037374
-1.1158
-0.59029
0.98735
-0.060117
0.89997
-0.50574
1.0883
0.53474
0.24709
-1.0578
-0.63664
0.01135
-1.1261
-0.57111
0.81943
-0.97682
-0.81371
0.067447
0.66958
-0.23776
0.26494
0.70737
-1.0434
0.12405
-0.30686
-0.66621
0.92576
0.11895
-0.83744
-0.44676
1.0737
0.062782
-0.9153
0.22051
-0.66555
-0.81951
0.056204
-0.67347
0.74141
0.069504
0.67736
-0.71773
-0.8949
-0.69047
0.50204
0.5864
0.90406
0.19724
0.050606
-0.65072
0.16389
0.63432
-0.93469
0.47043
0.95878
0.99387
0.22088
0.1457
-0.14996
-0.84332
0.98463
-0.45709
-0.83096
0.19686
-0.85565
-0.30391
-1.0377
-0.23304
-0.40105
-0.45752
0.83971
0.87708
-1.0104
-0.28514
0.22918
0.86806
-0.89024
-0.87518
0.50961
-0.75603
0.88511
0.78239
0.82734
0.37663
0.80756
-0.83876
1.1134
0.80079
-0.048988
0.55446
-0.94244
0.18134
0.85553
-0.50517
-0.93681
-0.60776
0.21886
-0.73374
0.67238
0.66762
-0.48523
-0.31365
-0.70036
-0.67756
-0.16695
0.1916
-0.40095
-0.3243
-0.78024
-0.89517
0.96213
-0.27026
0.35379
0.047112
-0.1644
-0.079706
0.89665
0.55389
-1.267
-0.11763
0.63851
0.25502
-1.0208
0.50254
-0.65399
0.56345
-0.036066
-0.77718
0.53921
0.63643
0.033347
0.35516
-0.82356
1.0925
-0.29168
0.18507
0.87283
-0.59972
0.14749
0.62513
-0.75613
0.89928
0.10919
-1.0132
-0.6425
0.31092
0.10127
-0.67964
1.0933
0.98893
-0.10674
-0.36442
0.3712
0.69779
0.88026
-0.62678
-0.66942
-0.27103
0.47929
-0.12982
-0.8321
-0.070116
-0.66507
-0.36575
-0.76768
0.33311
0.49372
-0.85892
0.53534
0.89727
0.47897
0.4211
0.36725
-0.31031
0.73877
-0.65153
0.87365
-1.001
-0.27229
-1.0558
-0.83494
0.98271
-0.78651
0.96883
-0.29189
0.56106
0.91098
-0.016985
-0.89582
0.40612
0.81651
-1.0479
0.87409
-0.030272
0.42152
-0.87195
0.57062
-0.44417
1.0465
-0.11209
0.60456
-0.96651
-0.055584
0.48199
-0.86886
-0.56184
0.35987
0.66095
1.0143
-0.50478
-0.059459
-0.99003
0.92195
0.37083
-0.2051
1.1177
0.65629
-0.546
0.85748
-0.18893
0.55976
0.27319
0.68182
-0.34222
-0.34135
-1.0655
0.95057
0.55709
0.078548
-0.50053
0.94656
-0.39272
0.44739
1.0822
0.90181
-0.5046
0.63169
-0.95885
0.14448
-0.91359
0.72168
-0.53419
-0.75132
-0.86737
-0.89194
1.0042
0.58644
-0.55265
0.59976
-0.92149
0.42858
0.19891
-0.9602
0.27651
0.44706
0.081203
0.31177
0.34086
1.0655
0.25995
-0.96296
-0.43841
0.52381
0.92626
-0.19398
0.63468
-0.89953
0.4163
0.98732
0.38675
-0.87144
0.13331
0.33084
-0.12086
0.52057
-0.16046
-1.167
0.91541
0.38425
1.1099
0.70121
-0.11335
-0.3215
-0.55739
0.039711
1.0821
-0.87798
1.0038
0.67299
-0.75959
-0.36739
-1.0439
-1.0015
-0.92003
-1.1011
0.47127
1.0024
0.45315
-0.041644
0.7629
1.0119
0.31786
-0.92535
0.54984
1.0342
-0.9683
0.6785
-0.78643
0.59204
0.90247
-0.79004
-0.25985
-0.29327
0.15344
-0.56002
0.36714
0.38424
-0.7362
-0.36428
-0.97506
0.32254
0.80072
0.60374
0.60544
-0.45275
0.85908
-0.65636
-0.78408
0.43701
-0.64407
1.0395
-0.23338
-0.20174
0.28078
0.88287
-0.59527
0.80789
-0.4467
0.15149
-1.1324
0.99305
-0.80984
0.67461
-0.23394
-0.94928
0.76314
1.0558
0.86207
-0.45647
-0.15827
-0.093009
-0.012279
0.88881
-0.27397
1.0398
-0.034033
0.26102
-0.020116
0.1502
-0.78999
-0.80718
0.0024067
-0.89056
-0.91894
0.75362
-0.30438
-0.27912
0.88929
0.84844
-0.20768
0.82231
-0.96246
-0.98753
0.22217
0.7928
1.1168
0.50098
-0.70159
-0.59013
1.1102
-0.51384
0.39678
0.38415
0.21097
-0.09229
-1.1088
0.34012
0.78475
0.98687
0.03871
-0.020897
1.0333
0.8257
-0.65705
0.10445
-0.57803
-0.7184
-0.73623
0.81941
-1.0333
-1.0003
-0.32771
-0.51322
0.5915
0.91495
-0.87915
0.58643
0.28174
-0.70176
-0.84529
-0.94266
-0.47498
0.90338
0.018546
-0.49364
0.64142
0.2183
-0.67696
0.7886
0.10691
0.090862
0.98375
0.7776
0.19627
-1.0345
-0.42374
0.14134
-0.51033
-0.38441
-0.6834
0.79232
0.2116
-0.23226
-0.79093
-0.5448
-0.8448
-0.89451
0.087687
-0.66081
-0.94365
-1.0154
-0.81263
0.50038
-0.65309
-0.23691
-0.91456
-0.85851
-0.29199
0.83188
-0.11063
-0.099029
-0.90031
-0.78584
-0.64758
-0.76132
-0.7771
-0.72457
-0.95911
-0.76673
-0.36324
0.76693
0.45824
0.18285
-0.42837
0.8018
0.44551
0.898
0.053796
-1.0767
-0.3535
-0.847
-0.67944
0.66208
0.19604
-0.14311
-1.0087
0.96354
-0.2387
1.0425
0.85186
0.82538
-0.12066
-0.5756
0.38531
0.13161
0.37093
0.14893
-0.30616
-0.48298
-1.0038
-0.06031
0.39612
0.77447
-0.63269
-1.3487
0.11467
-0.92744
-0.90554
-1.0297
-0.034565
0.42244
-0.83428
0.2661
0.9458
0.72935
-0.87536
-0.39707
0.79017
0.49724
-0.99399
1.0071
0.86571
-1.0047
-0.50164
0.86246
-0.81198
0.66208
-0.52523
-0.47319
0.85115
-1.0014
-0.9323
0.81641
0.32986
-0.87775
-0.026606
0.56821
0.9394
0.6288
-0.92246
0.11433
0.66682
0.78049
-0.43362
0.8732
-0.57831
0.21356
0.95307
-0.445
-0.90298
0.93597
0.49792
-1.0497
0.61406
0.97851
0.44187
0.4483
0.086891
-0.92853
-0.034399
-0.72769
0.96377
0.4208
0.82052
0.66991
-1.0511
0.56368
0.36223
1.0618
-1.0417
0.99365
-1.0802
-0.98974
-0.92597
-0.22288
-0.82489
-0.22699
-0.1147
0.41223
0.9903
-0.57469
0.89991
0.91891
0.93908
0.98532
-0.83988
0.48797
0.90567
1.1098
0.5185
0.43816
0.8078
0.5068
1.0385
0.4908
0.67112
0.34245
1.0801
0.36286
-0.79639
-0.27693
-0.39919
0.64701
-0.67468
-0.91453
0.60232
1.1104
0.93509
0.93388
0.45372
-0.0032296
-0.63313
0.85076
0.066449
0.91177
0.9534
0.7068
-0.90891
0.96345
-0.81161
-0.45903
-0.61085
-0.74991
0.76956
0.9619
0.038218
-0.63779
-0.45551
-0.60818
-0.51305
-0.92965
0.67946
1.1176
0.1955
-0.62626
-0.11052
-1.0495
-0.97023
0.13818
-0.34505
-0.053472
-1.063
0.13688
0.44485
-1.0275
-0.77045
1.0069
-0.52488
-1.0041
0.71337
0.69718
1.0245
0.76974
0.92253
-0.62689
-0.25459
0.073329
0.69725
-0.0095169
-0.16886
-0.41173
-0.0066531
0.23188
-0.47016
0.70204
0.64823
-0.37924
0.97855
1.1027
1.0253
0.81686
0.70548
-0.78489
-0.88525
-0.8217
-0.91896
-0.9648
0.060306
-0.36061
0.65399
0.56464
0.36401
-0.63191
0.79105
-0.99445
-0.89325
-0.16519
0.95695
0.54366
-0.68827
0.50959
0.83651
0.92772
0.91346
-1.0335
1.0917
0.58609
-1.0312
0.1086
-0.6849
0.014372
0.46801
1.117
0.79704
0.79111
-0.93417
0.68475
-0.055774
1.0795
-1.1642
-0.88809
-0.90106
-0.10425
-0.99061
0.2517
0.8625
-0.63744
-0.94519
0.21875
-0.70148
1.023
0.12005
-0.018651
0.84
-1.0406
0.7639
0.28671
-0.74157
-0.18229
0.46249
0.73995
-0.70874
0.70101
0.57759
0.53742
1.0064
-0.49468
0.31419
0.50429
-0.98874
-0.47303
-0.43253
0.47673
-0.73627
0.37919
0.85587
0.13303
0.87983
-0.077871
0.60169
-0.41801
0.55267
-0.70649
-0.053153
1.014
-0.70527
-0.86662
0.21013
-0.14254
0.50802
0.67352
-0.84646
-0.30809
-0.94356
-0.86315
-0.88098
0.74378
-0.97558
-0.83672
-0.73725
0.43806
-0.15537
-0.89362
1.1139
-0.67098
0.48046
-0.57734
-0.4896
0.66801
-0.7412
0.53034
-0.51517
-0.062908
0.92771
0.9417
-0.68584
0.79681
-0.090096
-0.81189
-0.29138
-0.75392
-0.55698
-0.67126
-0.88941
-0.95373
0.75172
-0.32016
0.038956
0.1793
0.92836
0.16953
0.12185
0.6969
0.43832
0.46362
0.50318
-0.91918
-1.1719
-0.44893
0.80897
-0.073075
0.96432
-0.79358
-0.99769
0.22293
-0.51086
0.97445
0.57463
-1.0097
0.31349
-0.14275
-0.6218
0.72887
-0.87523
-1.1314
-1.0366
0.74145
-0.076788
0.089593
-0.91279
-0.9618
0.81027
-0.5541
-0.84666
0.79481
-1.1649
-0.2921
-1.0991
0.67576
0.30797
0.31414
-0.9279
0.32713
-1.0123
-0.36307
1.0809
0.79121
0.021784
0.34264
-0.28871
-0.69237
0.96846
0.91883
0.53389
0.80566
-0.58515
0.24364
-1.0832
-0.47851
0.9585
0.9952
-0.97161
0.8531
0.79812
-0.48586
0.91235
-0.99259
-0.71268
0.13507
1.0735
-0.45077
0.4996
-0.1968
0.88989
0.58543
0.93757
