1000 10
3.5824 4.8187 9.4911 4.0642 6.3919 6.2456 -2.475 7.8376 -3.9333 -5.5822 
-0.28995 -4.6506 -8.3762 5.7761 6.0781 8.9736 8.848 6.4003 5.5983 2.8908 
-9.3056 -5.1151 -1.4399 -9.8267 -3.8883 5.8275 9.5017 4.6411 4.3248 -2.6224 
-7.7112 -6.6928 -8.3688 -4.9891 -2.9329 7.7008 -2.1275 -5.9549 -3.4332 -7.7503 
-8.4675 2.1433 7.0563 -8.1359 -1.4271 -3.0439 -8.0289 1.1964 5.4505 -0.06781 
2.1565 2.3014 7.678 5.6922 6.5131 8.0531 2.9614 -5.824 -7.4464 1.945 
-5.3307 8.5502 -5.4749 -9.6796 3.1839 3.7151 -2.3151 -8.954 1.5207 -0.37441 
-7.1598 9.1644 -0.42279 6.6933 -6.7668 7.0577 3.7783 -3.8618 -2.885 -9.1407 
0.60346 6.0362 2.7725 -8.6166 6.6562 3.2389 -2.7705 -1.6409 4.3539 -7.8737 
8.606 2.2531 -1.8761 -6.1985 7.4618 2.8706 -7.0477 -2.3287 3.3613 8.4154 
2.3381 7.7681 -8.181 -8.4571 -7.4722 -1.6132 0.74571 7.5622 -7.5421 2.9586 
3.7978 0.37761 4.0279 5.0163 -7.9317 2.6405 -0.84561 8.987 2.8753 8.44 
-5.3115 -0.73338 5.6757 -7.0807 3.8287 -7.9709 -9.0299 -0.37508 0.90154 -0.078233 
-5.8631 -5.076 3.7013 -2.197 -8.8751 -6.9556 -2.1799 -0.47856 -9.3551 -0.97681 
-9.2527 5.1597 3.9902 -0.81788 -2.3891 -1.8217 7.4384 -0.72544 -9.3342 5.7319 
3.2673 1.8973 -3.3847 -6.0196 -4.4444 -5.7271 -6.1842 5.9884 -0.96514 -4.0413 
0.14509 -9.9025 3.4661 -3.5266 -0.60563 4.4308 2.9633 -2.7386 2.28 9.8422 
-0.28399 3.064 6.4176 9.1658 9.0115 -5.6915 4.5903 4.7174 -4.0993 -3.2948 
7.2339 9.1066 7.6844 -6.8405 0.067521 -9.3356 4.9735 8.7794 -2.2975 -2.5334 
9.3103 -0.025256 5.6533 4.3194 3.9867 -3.3768 9.2334 6.6644 -7.6497 6.8513 
5.1938 2.092 -0.67512 -5.3012 5.7601 -4.1032 6.3575 8.3777 2.479 2.8756 
-5.0664 4.2701 5.761 6.2236 -7.2421 -5.9511 -2.5568 6.1686 -0.55034 -3.5781 
3.5253 -8.7405 -4.5179 5.685 -3.6614 -5.3163 3.988 -1.1788 8.6303 2.1892 
5.1861 -6.3512 -8.6525 4.8571 8.6481 -0.16512 5.9712 -3.3301 9.7175 7.6762 
1.7238 7.5604 9.6871 4.8512 4.5603 3.2981 4.8574 -7.6195 -0.15568 8.7213 
6.4488 5.7128 -0.68421 -8.2728 7.4433 -5.0197 -4.1961 -1.0803 8.6963 -3.5687 
8.5367 8.7741 -7.0134 -3.9137 -8.1862 -7.1816 -1.5194 -5.1054 5.6244 -5.7034 
2.7513 -3.9958 -2.5459 -0.8426 -3.4769 0.87412 5.1269 -7.5501 -5.0954 -5.0783 
-9.6212 7.1441 -1.9293 0.88555 -6.0679 -7.9928 4.6133 5.2685 2.4745 -3.0115 
-6.3132 6.3545 1.1732 -1.501 -0.79155 -5.124 1.2781 0.43629 -8.0129 4.0185 
-9.4652 6.6082 5.896 -5.505 -5.8547 -8.5691 -4.6975 -5.3224 -4.4837 -1.0798 
8.7 -1.291 -4.6742 -2.8724 -7.0862 2.295 3.7848 -0.34432 9.3771 -4.2757 
-0.31065 0.81169 -2.7369 -8.2431 6.0651 -8.4208 -5.8693 6.7841 -1.7729 -7.1617 
5.8957 8.2719 -7.5889 -1.5922 -0.68038 0.46665 6.9009 5.8694 4.9976 -3.0784 
-0.86329 1.9545 0.34316 -8.91 9.1601 -0.10261 -0.16522 0.47852 4.8516 -8.6902 
-0.11581 -9.8626 5.9042 9.968 8.14 -7.0211 -8.4963 -2.0258 -9.515 1.2086 
-1.4857 -4.5532 8.0665 -6.2041 -3.3582 -3.8196 -1.1085 -9.8539 -4.6766 -0.095173 
7.8354 -7.2507 -7.1891 -4.6202 -0.66323 -6.3942 -8.183 3.5046 -5.45 -8.5117 
7.4857 4.174 -5.4685 -7.8205 8.169 8.7993 -7.636 -9.6034 -3.5182 2.458 
2.663 -9.1699 -3.8671 9.0093 -5.9674 6.6596 7.5977 -7.9774 1.1641 7.8044 
-4.1544 -1.2651 0.073069 3.1492 3.8652 2.8078 9.7181 7.6411 -0.84813 0.43146 
-4.1664 3.6071 -5.5889 7.5379 -3.6979 3.6375 3.8479 2.1022 -9.5159 4.9454 
-5.09 1.0348 -2.5289 8.2445 4.4132 2.7739 5.3414 0.64847 2.2859 6.9895 
4.087 -6.4412 -2.3617 -9.4219 -2.5156 -8.1183 0.99522 0.39365 -0.74864 1.3291 
5.4922 -8.2891 4.7224 -0.85462 4.7395 -7.3067 5.7514 5.1771 1.3559 -4.0092 
6.4531 -6.2646 6.2088 -1.5007 -8.7095 -3.6044 -8.4154 4.4823 -7.6424 0.29245 
6.1238 -2.6247 5.0235 -0.24938 3.2279 -5.4517 -5.7938 7.5046 -4.0569 -4.2834 
-4.9246 8.6218 -5.9481 8.1624 -0.96819 7.3586 -5.1851 -4.8616 0.24563 -7.7336 
6.01 3.9328 -8.96 8.0539 0.48773 -5.6275 9.5878 9.5956 -2.8633 -1.4158 
2.5942 -6.6731 9.4245 2.5849 6.5256 -5.3712 -1.357 3.4851 -6.1502 -4.6398 
-5.37 5.47 -9.784 7.3061 9.6379 1.331 -4.4788 -9.3127 3.8032 -5.8513 
-2.3785 -1.736 0.22728 3.3458 -0.12778 3.4947 0.56977 5.0175 -5.6873 -3.9611 
-0.93597 4.1723 -7.091 -2.9742 2.3136 -9.6365 -6.828 6.3515 -5.1397 -9.6575 
0.011191 -3.3573 0.74981 -5.5164 -2.1724 9.0979 -3.6969 7.5879 4.5162 -3.693 
0.81143 1.0212 7.91 -6.5796 -1.3409 6.3753 3.882 -8.5834 9.4192 -5.376 
-3.0971 9.9294 -0.92161 -9.919 -3.5538 -7.0632 -4.7395 3.7291 -8.5865 -6.0158 
-4.1714 3.3436 -6.6264 -0.22596 3.2333 -6.5486 -8.2556 -1.1 7.2938 -2.6089 
4.0706 7.779 -2.4829 -0.38735 3.2385 -1.2896 -1.8891 -6.3039 -4.1492 7.0793 
8.6816 -2.8348 -4.6473 -4.4528 0.35055 -8.5 -8.3411 3.0148 -1.8621 -1.01 
1.8835 -1.3197 9.7213 5.3396 -0.93955 7.984 -6.0145 -3.7233 6.0427 0.69504 
1.8618 4.661 7.9792 5.1082 -0.76891 -5.4534 -9.3952 -5.7548 3.9815 6.8526 
4.7746 9.8906 2.6132 -4.0043 -0.32433 3.563 -6.3846 2.6674 -1.8251 -5.5436 
-2.5471 -0.4671 -3.7934 -0.32743 9.1361 6.5951 7.2484 -9.1599 -2.6264 9.9593 
-0.93459 -3.3688 1.1787 -2.0155 9.9026 5.5083 6.8689 6.9265 5.9607 -9.6749 
0.18751 2.1069 5.4841 -2.4268 -4.7466 6.492 -7.0325 2.2262 7.9712 -1.662 
8.5742 5.4632 -8.3566 0.15892 5.5568 3.4686 2.5306 0.11325 -0.10164 2.9427 
-0.98424 -2.2871 4.5563 5.3536 8.5965 2.2982 -1.19 6.6629 8.061 8.5925 
2.7487 -5.9227 -0.9468 -2.2633 -5.968 3.4492 3.5849 4.9648 -3.4357 -6.7015 
-0.81272 -2.2665 -7.1041 2.8517 9.8808 -3.6033 4.6214 9.8203 9.713 6.1882 
1.0755 -8.6994 -8.2428 -3.8648 5.7454 -1.2674 6.8824 -8.6471 8.4878 -2.42 
-9.1753 -1.3536 7.9391 -1.7487 0.57514 -3.184 6.1869 -8.9569 8.8011 5.715 
6.044 3.7947 -0.91936 -7.5756 3.3165 -7.9887 -1.7117 6.2215 -7.5241 2.0068 
3.4302 0.13125 7.7743 4.3599 -7.49 -7.6443 -7.3062 5.7501 -0.53457 9.3237 
-5.9934 4.3383 -1.8939 0.45619 -7.0583 1.3542 -7.3385 5.3747 3.4502 -4.9098 
-9.7083 -3.9757 1.0265 -2.2681 6.2504 0.036862 1.2053 -4.3584 2.6659 0.013124 
5.2633 4.1202 -8.2712 0.067597 0.8527 -1.8992 -9.027 1.9215 -1.4502 -9.1772 
1.3502 8.3041 5.5418 -8.5804 7.2815 -8.7373 4.7308 -7.7761 0.99785 8.0992 
3.0843 4.116 -7.4339 1.9204 -7.1874 -8.4727 -0.07577 3.656 9.2114 -5.3902 
2.6948 -7.3375 -7.7108 2.7123 -8.4576 -7.3681 -3.2867 4.232 -6.1711 5.673 
4.6866 3.3093 1.3018 -3.1884 -6.3869 6.5413 -6.4159 7.7131 -0.84865 -9.2256 
7.7465 -2.4887 9.3634 -5.4374 -5.8399 -8.5472 2.8664 -0.34209 -0.080897 -7.3053 
3.3182 0.048837 -1.5268 -2.6834 1.5849 -6.0255 1.7073 7.7931 -5.8855 6.024 
-7.5865 -2.0198 -0.021984 -9.2593 6.7161 -0.99075 9.8385 4.4045 2.1315 7.7569 
4.2747 9.2087 5.7287 -6.4108 -9.1885 9.7694 3.8112 -5.5457 -8.9162 5.8284 
-1.0555 -7.6865 1.6804 -7.633 -5.9037 3.3387 4.8064 2.9006 4.2826 -8.6018 
2.8196 1.2244 -0.60145 3.8568 0.63249 -0.96883 8.0426 -4.6042 0.24295 6.9203 
2.9779 -0.65549 -0.53832 4.483 0.85257 -8.7339 -4.203 3.4713 -5.8862 -8.6519 
3.5675 -6.8213 -3.211 -9.994 9.8134 2.6086 3.8165 9.0319 8.8565 -7.1475 
-8.8234 0.50396 2.5562 3.3172 9.9104 -6.2918 5.5656 1.8652 -3.5606 -8.7148 
-5.5209 -3.6052 -7.4926 8.9971 -4.7225 -8.779 -1.3433 -4.0287 -4.6144 0.63615 
-6.6404 5.6268 1.1541 3.2795 -3.9023 5.3946 1.9396 -2.5841 -8.4876 7.6953 
8.5706 -8.7413 8.3574 -9.5102 -3.7324 -5.7661 3.5311 9.1712 -4.4963 1.7405 
0.30462 2.4469 -3.2536 -8.9954 2.6888 3.5534 7.7185 1.152 -5.546 3.6844 
3.4673 2.7411 -3.4461 -1.5481 -5.0105 5.4708 -2.7544 -0.38659 4.4043 -4.7065 
3.356 -8.3779 1.5319 -7.1135 -0.20129 5.1759 -4.2687 6.2096 4.2449 2.4447 
-8.3708 6.9263 3.7637 -3.3496 -2.6645 8.2254 -2.6165 6.7596 -9.6593 -0.1309 
-5.4985 7.2387 2.5215 -4.4427 -9.214 8.034 0.036252 -9.3129 5.8737 8.3591 
-4.3162 5.1745 8.5953 9.3915 -2.0033 1.7195 2.2131 -2.447 1.0037 5.0488 
8.2753 8.7547 -3.3724 -4.6836 2.3006 -1.0403 4.3269 5.1317 3.0025 -2.924 
-5.418 2.9524 -1.6625 -1.9227 3.1264 6.8065 -9.6781 1.2176 4.4724 0.35253 
-5.0276 9.9205 -3.2837 -4.6354 -5.8761 8.6094 -0.63898 -3.692 0.35767 -5.6209 
3.5258 4.7243 -5.2444 5.6073 5.7475 8.2477 -9.4788 4.8139 9.2824 5.6641 
2.9698 -8.8504 -1.9955 4.2076 -4.4962 -2.1772 -4.825 -0.56125 6.3114 9.9308 
4.0735 -9.8131 9.0781 5.1524 -0.015051 6.7744 2.8499 1.9273 8.2953 -7.1785 
6.7421 6.6183 -6.1354 -5.3073 -7.1637 -1.9401 0.5766 2.5397 3.3605 1.5141 
4.5459 -3.2998 2.164 -1.4554 -0.47547 -9.6323 -7.3299 -0.59545 5.7687 7.2028 
-9.6113 -4.6206 -6.9087 -6.9056 9.363 -1.6778 6.6709 -1.0173 -2.8191 -0.051488 
1.6749 -7.834 -4.8654 -9.6443 -4.8251 1.4623 6.3252 4.9871 2.2576 -7.1104 
8.4175 -6.3667 5.9918 1.2035 -0.78844 -6.2048 -1.0623 4.8638 -7.4085 1.5018 
-8.1664 -2.3239 -5.3249 -2.0253 3.1853 5.0715 6.8751 -8.063 -6.9517 -0.56898 
1.0912 6.7421 -2.6011 -6.419 -1.6003 -1.6917 -8.1692 -0.29634 -1.9894 1.1268 
8.6161 5.234 -3.6513 5.7037 -3.4258 -0.24998 -1.3625 8.3206 -7.6261 6.2579 
-6.0109 9.7449 7.7142 -3.8073 6.7846 2.4636 6.625 1.8398 -8.8517 -4.2087 
0.50639 4.22 -9.4413 0.53544 0.55727 6.1512 -9.5051 2.3469 -6.6643 5.9117 
-7.4652 -3.1031 2.6037 -3.7989 9.264 -6.8981 -9.9676 0.38759 6.2043 -7.7743 
4.9745 0.75184 -5.3532 7.5253 9.4722 9.9437 -3.0725 -2.2525 -6.997 -3.6574 
-3.7066 4.8837 4.2593 -8.3187 -7.8129 -2.1896 -5.9314 -8.9566 0.67067 -8.8013 
-6.2565 8.5879 -8.4822 -0.43726 2.749 0.87147 6.7619 -4.0806 -4.4981 2.6851 
9.6079 -7.432 9.4066 -7.653 6.8387 1.5445 -5.0011 2.1824 -1.0375 0.89646 
4.2565 -5.5803 -1.9176 4.2204 6.2504 -1.879 4.2433 9.4319 2.1505 6.5705 
6.513 -3.4398 6.6137 0.93933 -0.52239 -4.6539 -6.6759 -4.7176 9.493 -8.8847 
3.6644 -3.2373 -4.2831 8.9782 -5.1993 2.5405 -4.904 -1.7602 0.20508 -3.7542 
3.788 7.3461 -9.7 3.5164 -7.7429 4.2845 -9.139 0.98904 -7.8066 -7.4472 
0.61752 3.5143 1.5212 -4.4612 -5.7456 -3.6766 8.6563 5.4251 6.4459 -1.8639 
-6.2229 -9.6603 -8.8487 -0.68357 5.3133 -7.2481 -7.9371 -0.73779 -0.57386 8.6407 
-0.13969 0.34879 2.0895 3.2541 -3.1455 -4.0128 8.4628 -2.9832 3.966 4.0838 
1.1908 0.24591 2.3436 2.431 -6.7268 -2.4451 6.0303 6.4467 2.5389 7.909 
6.5656 -2.0792 5.6547 -8.068 -0.9749 4.0784 4.5545 6.3831 1.0702 -6.4199 
-5.9426 8.4142 0.90046 4.8214 -4.5559 -7.9974 -3.0133 -3.8051 -0.70697 -1.4799 
0.55492 9.8351 -0.5198 7.0895 0.15947 -1.9219 7.0969 7.6753 -5.855 -5.141 
6.1562 1.0939 -3.3654 3.5418 8.0727 4.261 1.1639 -8.9823 -4.7896 0.32902 
-2.8979 1.416 -4.3906 4.1699 -1.1311 3.9261 6.8478 4.8165 4.7904 3.9852 
0.9551 -5.3574 7.007 -8.0661 6.5205 -9.4362 6.7992 -0.9599 -5.3721 7.5817 
4.3488 5.9641 -5.7733 -2.2827 -9.5796 -8.5422 -2.6423 5.4151 -4.2186 7.6926 
-5.9498 -5.2432 -7.2962 -8.9154 -9.0717 1.7846 3.7394 4.1751 -6.5995 -6.904 
2.8751 1.4662 1.2557 5.7912 3.0695 -4.5325 7.8851 4.7441 3.2955 6.6747 
-9.9982 2.3886 3.7389 -6.2855 6.9585 -7.7654 7.2154 6.815 6.9234 6.4612 
0.26354 -0.92544 -2.7472 -3.1409 -3.3928 -6.5867 4.5144 6.7127 -2.6142 -3.9532 
1.3966 5.0883 3.7387 -8.3936 5.8714 2.5584 8.0633 -9.181 5.9299 -5.2964 
-9.8593 1.3174 -3.1083 6.3731 -4.9705 -4.6888 8.0391 6.757 8.4509 -5.5124 
7.8494 5.5573 6.583 -6.7832 -2.8916 -6.3068 3.2084 -8.6712 -1.6032 7.9222 
6.6639 4.6839 3.2183 5.6099 8.9944 -2.1908 7.4013 9.0261 5.9331 -5.6499 
5.5033 9.3081 -2.8935 9.4022 -0.34255 5.0 8.7095 -2.1687 5.3048 -5.3612 
5.7627 5.26 -8.3677 -2.4766 -6.6129 8.555 0.23044 3.9915 -6.9598 1.5399 
-2.5274 1.3372 2.0133 6.0745 9.3838 8.6906 -6.4134 -2.5755 -7.4998 -4.0102 
-6.9538 1.9939 7.944 -7.0153 6.2524 -0.8206 3.9058 -2.5143 5.6303 -3.5356 
-2.9548 1.8256 9.0592 7.6188 2.6094 -3.6205 5.4488 0.63236 1.6514 -3.7282 
2.902 9.233 -1.3812 -0.087495 -8.0776 -7.7861 -7.8363 9.8058 6.8062 4.4678 
8.6387 -1.1677 8.4344 -6.8846 5.9216 -8.9921 -9.5662 -4.4895 -7.1495 7.9993 
-8.1336 3.8496 1.2046 3.6087 5.4168 7.5814 -1.73 6.9736 8.8712 8.4585 
4.7756 -5.2829 8.7086 2.3144 -1.984 0.88346 2.3173 -9.1427 -2.511 -8.2405 
-8.8947 5.4123 -9.9898 2.1363 -6.8597 1.9393 4.0357 0.023328 -2.0856 -1.3372 
5.1432 -6.8 -1.3524 5.4215 -5.2066 9.082 9.3222 6.7265 -9.2904 -0.038899 
-0.73021 -8.4269 2.1042 -4.5321 -2.5195 -2.7144 4.0773 0.56271 -5.6968 0.90954 
-9.0999 -3.7869 5.8034 9.5031 -3.1538 -7.9813 -1.9306 8.086 -4.3801 4.8727 
6.8406 -3.5151 9.4666 -0.93267 -5.0603 5.977 9.1602 -4.2676 2.0131 9.6249 
-6.7058 -6.462 6.9376 -1.4065 -4.6043 -5.5323 -4.4545 -5.3483 0.72656 3.3767 
-7.6985 -5.0798 9.9545 -0.015476 -5.4758 -9.0225 4.646 8.9931 -3.0198 6.1252 
-4.5688 9.8368 2.946 -8.8454 -9.4617 5.8485 8.1534 3.042 -0.11661 0.83301 
-3.7123 2.2261 -6.8707 -1.1453 -8.1685 4.1685 6.4176 4.9728 7.367 -5.5573 
2.1218 -0.33992 -9.4451 -5.2734 -8.2762 1.7271 0.10847 -7.9922 9.6707 -3.717 
3.5493 -5.1147 8.948 -6.0236 8.7767 -1.6205 -4.1678 -9.9465 -1.0867 2.0712 
9.7528 9.4782 -7.9162 0.23754 2.0011 4.7324 -2.767 5.3615 -6.0025 -6.8189 
9.8652 4.3083 1.2227 2.7842 3.3227 5.5714 6.8 -5.1684 -5.6835 -5.899 
5.1507 3.9678 5.3063 -7.2616 5.3477 -6.425 -5.273 -6.6022 3.8126 5.4176 
-4.4988 -6.5032 0.79375 -4.7278 3.4696 0.50195 1.7226 -7.8892 1.736 -3.1901 
9.0803 -0.59223 -0.56104 4.3674 1.5614 -6.6062 5.1234 6.0137 1.5568 5.7825 
-1.7784 6.1018 4.1515 0.016961 -0.13546 -9.8181 2.4339 9.5092 0.69719 5.1371 
-5.6675 -7.8058 -4.4945 -6.7715 -4.5502 8.7489 9.4431 -5.2526 -0.20231 -7.6377 
2.5826 5.9002 -0.60316 -2.7448 3.0081 -6.9427 -5.6276 3.7097 0.80523 -4.2948 
-9.7026 7.3606 7.2903 -7.5859 -2.3557 9.5038 9.7386 -5.2881 -6.4982 2.5575 
-9.134 -8.053 1.7667 4.3862 -5.7611 -0.021833 -2.3769 -4.9469 8.4689 5.2267 
-6.3948 -8.6831 9.7343 -4.5486 -9.7628 8.8377 9.1192 0.81685 5.0993 -3.8963 
-5.9907 -8.7943 8.8128 3.582 9.2998 5.6129 0.47593 -5.5561 5.9306 -0.88641 
4.3872 -0.89939 8.9447 3.5364 2.3218 3.4173 5.4704 -2.1515 9.2619 1.9694 
-1.1426 7.5884 1.3403 -4.777 5.5652 -3.7166 -5.0759 -0.095115 6.3936 4.0351 
6.9099 -3.0429 -9.7554 -0.34239 -0.91341 -2.9633 -0.39418 -9.8568 -3.2596 3.9166 
-2.2042 -1.2663 -3.7577 -0.35031 -1.2776 -3.2987 8.3414 4.7392 -5.5274 3.2018 
6.751 -7.376 7.4554 -1.8682 7.8666 -1.8489 -1.4801 2.2153 -5.6213 -1.1654 
4.9684 3.068 -6.657 7.3822 3.352 -6.673 8.7306 -3.2688 7.5679 -9.639 
1.6772 0.74982 7.2875 7.497 -8.9418 -6.4278 -3.5887 -2.1332 -5.4941 -1.556 
-6.7885 4.5823 3.2153 -2.7057 3.5871 -2.6851 -9.8942 1.4014 4.6651 1.4643 
0.5768 -7.3575 -7.8155 1.6952 9.982 -0.35312 8.385 3.4558 -9.9661 1.4031 
-0.74658 7.884 9.4758 6.109 -6.9045 2.4406 -3.1997 2.1539 -0.42088 -6.5861 
-2.4091 -0.84106 -5.9127 4.9446 3.0 7.3658 9.8813 -0.44966 -2.2501 5.2681 
-8.1354 -7.9875 0.85545 -5.9329 -1.521 -6.0673 -5.4918 6.6769 5.2687 -8.0318 
-4.8171 -1.9792 -9.6185 -6.316 -3.1398 6.9667 -4.032 -1.7708 2.4664 -3.9252 
-3.2833 7.3655 1.5744 -5.0747 9.9487 3.2538 6.5694 -2.2207 2.1442 -7.4652 
-2.4978 9.1489 -1.2841 7.4622 -0.023873 2.6307 9.3852 8.78 9.8897 -5.4535 
-7.0748 -9.5721 -6.1643 -1.3421 5.7759 -1.5518 -0.40138 7.8718 7.8273 5.8509 
-3.6646 8.8992 8.6102 -4.0787 -2.6311 9.1795 7.6901 1.0044 9.6148 4.2321 
-4.3755 8.4382 6.1533 -1.318 5.5942 0.33089 -6.3386 1.686 -4.587 -1.3502 
6.4025 2.2192 3.3489 1.7506 -6.2184 5.7097 7.3662 8.3918 9.6287 -9.6787 
-3.1582 -0.19662 -3.9803 4.299 -4.0373 -6.7872 -4.9808 -2.4502 -3.7782 0.23628 
7.44 -1.105 -8.8615 -6.4383 2.3114 7.6941 -0.74612 1.8444 8.8229 -9.5423 
-4.6394 -2.0636 -8.5965 7.7963 -5.4046 6.3469 6.3084 1.1383 3.2181 -8.5163 
5.5086 -6.9618 3.4392 -2.9109 -0.017648 -2.2968 3.9628 8.9138 -6.1991 2.2962 
2.1842 7.4034 0.90398 8.0279 2.0727 6.7083 -1.2891 8.3523 -1.736 -8.8876 
-9.6406 -0.28652 -0.29991 1.4668 -9.5909 7.1238 -8.9653 2.9506 8.9614 -8.0151 
4.0302 7.1979 1.2857 -0.9709 -4.6179 -5.459 -3.3188 -3.9766 -7.804 9.9283 
-9.685 4.5643 6.176 -0.42524 3.9903 2.5119 -7.4337 1.8069 7.6324 -8.4063 
3.6779 0.85135 5.9098 4.7337 -0.349 9.6128 -9.0857 -4.0643 -4.5858 -7.9613 
7.558 2.6152 -7.7559 1.7225 0.54415 -2.0191 3.9487 5.8683 -4.2137 -0.81549 
-1.3639 -4.6185 0.021333 4.5339 8.9523 3.3808 5.4027 -8.5533 2.9141 -8.1159 
2.6269 1.8362 -8.6047 -2.1534 2.4956 5.5405 2.1895 -7.1785 -9.4039 1.1054 
1.7208 7.3261 7.3385 7.7231 7.8973 1.4364 -2.1464 2.4955 -6.2539 -7.0073 
-5.4518 8.5109 7.5756 9.2054 7.7897 -0.69552 -2.5364 0.46021 9.4608 9.0664 
5.6931 9.0224 7.8236 1.5603 0.37718 7.0314 -8.4255 -3.6804 -9.4009 6.6703 
-4.2473 -8.6659 2.7402 -3.5053 -9.0769 -2.8794 2.496 5.062 5.8463 2.2101 
8.4875 8.9228 4.0167 -9.1551 -4.7148 -1.2059 -4.7035 2.2774 -1.2871 7.3689 
-4.0305 -0.067334 -2.0484 -2.0688 8.0789 -0.8446 -5.8575 2.8297 4.466 5.6673 
0.72606 -8.6395 5.6 4.6036 -2.9376 0.46565 -1.001 4.1511 -2.0065 7.8652 
-3.3271 -6.9272 -4.4194 2.1394 -3.5683 2.0087 -3.4943 7.145 -3.5869 8.1937 
-5.2541 -4.0785 -7.4646 4.3798 7.1121 6.0926 9.5342 -3.1997 2.1326 -4.0207 
0.90478 -6.625 7.1977 -4.9801 0.58133 -9.4628 3.1065 8.2256 -8.9062 0.31584 
-7.8463 4.7039 9.7909 -8.9332 -8.4632 -1.916 0.14771 2.5671 7.0497 5.9069 
-7.2569 7.5939 3.0853 5.1811 9.946 -3.7185 5.7571 3.1705 7.941 1.181 
-8.1115 7.0285 -8.999 5.7186 -6.8428 1.8184 -7.6502 7.4269 0.40858 -5.581 
-3.7823 3.4406 6.5679 -8.3073 -3.2121 -3.6759 6.0568 7.7071 -6.3831 -8.3805 
6.2527 5.9699 8.3935 5.323 -6.3287 -4.1289 -6.6243 -2.7685 -1.7523 9.6113 
0.27115 -7.9904 -8.2854 5.597 9.1548 -3.0613 -5.7885 9.68 1.7636 -4.4783 
7.3295 0.45337 8.5247 5.834 8.3781 3.6187 3.0069 -8.5675 7.3254 1.615 
9.6097 -8.8262 7.7572 6.2896 8.7064 2.674 -6.2799 -3.7602 3.3973 8.855 
-3.4669 6.2729 -5.1467 1.8412 -1.8916 -7.3636 6.0136 0.99613 -3.7129 2.3375 
-5.6077 -3.0863 -2.0036 -0.0097402 -4.9459 4.3709 -0.0056774 -4.6321 9.1383 -2.4348 
0.36447 6.5785 -7.9148 1.6061 7.6328 1.358 8.4342 -5.3245 8.3858 -2.6764 
-2.9399 4.4993 9.1265 -7.5069 -5.5587 9.7582 -7.1844 -5.7127 8.4409 9.8163 
7.1895 -3.2541 -6.5024 5.8196 -1.1082 6.1363 -6.4063 9.0353 1.761 -3.6668 
-4.7996 -5.7707 0.18348 -4.6491 -2.5862 6.317 8.6719 5.7531 -6.4349 -0.43705 
6.8744 -3.2032 -1.5415 5.6072 -2.3074 -1.5522 -1.0972 -6.8107 -3.2717 -5.0794 
1.656 -0.81416 2.6884 7.3324 -6.1623 8.4935 -3.2841 -0.12767 2.4731 -8.3697 
4.3881 0.57495 0.93644 6.1569 -4.816 -4.7039 -5.7544 -7.1622 -0.41236 7.8869 
-3.1295 -1.9759 -7.4181 -3.1741 9.0853 8.8913 -1.4986 0.41173 6.5401 -2.777 
-9.8145 5.0384 -0.096345 -5.6658 -2.648 9.1581 -8.5422 -2.3663 4.6338 -4.1307 
-6.1511 -9.4612 0.0072313 -7.8738 -9.9499 -4.0837 5.5937 -3.8038 -5.4748 6.3374 
0.14776 -2.507 -1.4495 6.0687 9.5843 9.2619 2.6667 -0.291 -5.9049 -4.783 
-9.5152 -6.2664 2.0749 0.24422 -7.6778 8.027 -0.64258 9.7012 -9.9986 0.64724 
1.0008 -2.5604 -8.2478 -1.0531 -3.9941 -5.9164 -5.9577 -8.62 0.62962 8.1884 
-4.4763 -3.383 -5.6918 1.6948 -9.0966 5.2103 -9.0755 -6.2837 -3.6471 -9.1822 
3.9248 -9.6298 -2.753 -3.75 1.4998 -1.4694 -1.3516 7.444 5.1099 -6.115 
7.6271 3.7046 -5.3964 -5.9179 -2.8136 -4.2468 7.6066 9.7711 1.6691 -4.2994 
-9.5064 3.4468 -7.1952 2.7549 2.5085 -9.9085 -3.0763 -0.2925 1.9913 -0.58051 
-3.1759 6.6607 4.358 -0.29024 4.0218 0.49575 0.51116 4.8574 -0.74338 7.0234 
-1.5719 -1.2722 -4.3195 -7.9468 7.7383 7.4427 -5.0658 5.178 8.4789 -3.9442 
-8.3998 2.7148 1.3472 -8.7325 -6.6649 -5.5663 -0.78979 2.88 -9.9307 -1.3637 
-8.4129 3.3023 -7.9707 4.442 -9.6697 -2.1422 7.5699 0.78341 -9.8758 -3.7986 
-8.5525 -2.8845 8.918 -5.1526 9.769 2.4577 0.32015 -2.3469 -1.7403 8.9431 
8.0068 -3.6293 -2.7029 4.0384 8.8189 -8.8438 7.5717 2.383 4.5458 1.5783 
9.3862 3.7955 2.7014 0.9397 -2.7173 -6.1889 -7.3127 6.4298 7.3605 6.4005 
-2.1739 -9.4737 9.3184 5.3851 5.0339 -6.6289 4.0698 6.1373 4.335 -5.2389 
-3.7283 8.7984 0.68636 4.5823 -9.568 -0.90885 -5.0592 3.2157 7.8912 5.0169 
1.0663 2.5309 -9.3471 1.2156 7.4202 -7.9405 -6.3762 -6.0843 4.6283 6.0909 
5.841 -7.298 -3.3197 -4.625 4.7188 2.5673 -4.7344 -0.61662 -4.9927 9.4044 
5.9663 8.7703 -8.3222 -3.0733 3.7464 8.8544 9.0623 -6.5305 7.0697 2.1158 
7.2652 -0.64284 5.7606 5.281 1.8926 7.5726 9.1048 -0.12381 6.1535 7.6107 
5.9592 8.6641 -1.9426 1.2081 3.279 -1.711 9.2484 -6.0673 -4.0853 -3.6013 
-9.8725 9.4649 -7.394 -7.6994 0.90585 9.716 -3.3791 1.0015 1.4074 8.4942 
8.398 -4.3128 4.1725 1.8942 1.4873 -6.0036 -8.9945 -3.5881 -4.1177 -9.8409 
-9.6408 0.77618 3.2308 -1.6697 8.1037 -7.3608 5.7841 -3.2584 -2.5903 -4.1573 
-9.4117 -9.7485 -4.4247 -1.4316 -9.1377 1.6275 -7.9599 -0.47628 -5.743 3.6631 
4.229 -6.857 -0.12967 -7.5048 -3.8311 -8.6912 -7.6598 -9.2473 -2.248 7.6955 
0.76828 -2.9671 4.8375 -3.19 4.5985 9.1198 7.9217 -1.3336 3.3651 4.1378 
0.49177 5.4625 -0.61639 -2.7331 -1.3837 0.62296 -3.1468 -9.744 -6.7418 -7.9681 
0.044799 -3.596 7.7454 2.0774 4.8609 -0.031079 -1.1868 -3.5215 6.8534 -1.241 
-8.6866 1.0696 -2.8141 3.4786 -7.316 -1.1328 -9.6716 1.4713 9.5465 -7.2876 
-5.3992 -2.3976 5.1823 -5.6981 9.9349 8.2283 5.6865 0.10121 2.7736 -5.5265 
-7.6592 5.0042 -8.5197 -6.9859 1.0013 -7.5837 3.1616 -9.5738 -0.64688 6.2579 
9.7954 9.7015 -9.784 -7.5365 4.6543 1.6669 -9.7226 9.3406 -0.41537 4.916 
-8.5897 -1.0577 1.7104 -4.8513 0.13713 -4.0955 -1.2146 -1.4147 6.5575 -5.4188 
-8.7995 -8.5075 7.1404 -9.3037 1.496 5.2981 -7.2923 -7.2453 7.5662 7.8991 
3.2315 -7.9912 1.5943 7.0036 -8.7351 -9.9972 -6.5172 -8.2467 -8.5089 7.5036 
-3.1188 -3.2755 9.0651 4.5504 8.3905 9.5985 -0.43745 3.5528 -3.748 3.7348 
-7.4297 -4.1558 -3.2368 -1.7414 3.2193 -0.6379 7.9558 3.4437 1.7655 6.7738 
2.7427 8.3395 -3.6665 -7.0788 -5.7473 -8.2217 3.7304 -6.1093 8.8903 6.4401 
4.9298 0.095244 4.7706 0.95367 3.4186 5.103 -8.1661 3.5711 0.01939 -3.8184 
6.1053 1.5845 -7.0233 6.1486 5.7906 0.98279 1.9816 -1.6228 2.7733 0.60898 
-4.6195 -8.9663 9.916 -2.7338 -8.2998 7.7151 -3.4635 8.833 -5.2662 4.3293 
-1.3204 -4.6647 -4.5571 -0.53408 0.43384 -4.6605 4.3031 6.0724 -6.7655 -0.18495 
-1.9639 5.6575 -6.9873 -1.0249 2.3036 8.3885 0.47973 6.0859 -7.5436 -6.3461 
2.1628 0.76055 4.9405 4.2456 4.7028 -4.644 1.4863 2.7642 -4.7753 -0.19234 
5.4017 8.7952 -6.667 6.163 1.5076 9.6005 0.82116 1.3907 8.4727 1.9798 
8.8225 0.75219 5.9712 -5.5725 -7.5613 -8.3209 -3.711 -0.42011 -8.7036 -6.0411 
-7.3707 -1.741 5.2753 -4.0228 -3.2277 -8.0532 9.9063 8.7092 -6.0523 3.5163 
-4.8855 9.2818 -8.2635 9.6062 0.86602 3.1036 -7.615 5.4799 8.9903 -8.2526 
-2.4338 1.9825 9.6552 4.0832 -2.4734 7.4548 -7.86 4.8308 -2.5144 0.24989 
9.8747 8.8253 3.4627 -1.9872 3.8365 -5.3581 5.551 -5.0302 -9.6318 -9.8872 
-3.181 5.2201 -4.2747 -2.4613 9.0586 1.1759 -3.7516 -3.7174 -5.0144 3.4451 
7.991 -7.7826 -4.6113 -3.3601 9.8526 9.9089 9.177 -3.0208 -9.1329 -8.0639 
-5.2504 -4.2973 0.12451 4.666 5.1794 -5.083 -5.2049 6.7837 -7.3039 -9.2333 
-5.6 -5.7481 1.4416 0.84922 1.092 -4.3955 1.3742 5.158 0.32942 1.4696 
9.8215 -1.7047 -6.1643 1.0567 -8.1404 -4.307 -9.9966 -0.93388 -6.0015 -9.456 
9.0221 0.033424 1.8477 -7.244 8.9616 -9.0819 6.627 -5.9328 7.2359 1.3164 
2.7643 6.8241 -1.3404 3.6876 3.2733 5.6815 -6.1994 -9.8001 0.12553 -3.5559 
0.082617 5.5921 -7.4577 -4.2425 6.809 -7.8722 -6.1373 1.3495 -3.9979 1.4391 
-2.8376 1.6731 -6.8083 8.4007 9.4626 6.7298 -7.0285 1.0513 2.4736 -9.7661 
5.369 0.37965 -5.6611 -7.5257 -6.5317 5.4564 -8.9465 5.4742 5.0678 -5.7181 
5.6873 -4.0184 -4.1199 5.1375 8.3983 2.9481 -4.5036 2.8041 -7.3103 -4.7454 
-9.4216 3.803 5.6117 -1.1266 6.7055 5.3783 9.8911 4.514 -0.082788 -8.4696 
-8.9512 2.5582 -3.5249 7.7633 -4.2852 -7.7897 -3.8348 1.1591 -4.9719 -1.3578 
-3.5316 5.5282 1.4225 6.986 0.13704 -4.9286 -0.21903 -5.8746 8.314 4.1552 
5.9937 7.3599 2.4867 2.9914 3.5286 -4.7191 -5.9307 8.3471 -6.1979 8.0229 
2.6046 -9.4711 -3.2527 9.464 -5.0609 0.81078 1.5413 9.6882 1.5482 -2.6098 
9.656 2.3103 9.9423 7.2794 4.1143 -2.432 5.6454 -4.0479 9.9474 -3.7132 
-6.835 -6.0342 4.2861 -0.5339 -7.4318 -8.2211 2.4246 -8.6028 2.3853 -5.4473 
2.3335 7.2953 2.12 8.1342 -8.4938 4.0384 8.1918 4.6542 -7.9974 -2.2591 
-3.8257 8.564 -2.9107 -3.4947 0.76869 -2.5303 9.7944 8.8034 1.3635 -8.0176 
-8.2984 6.9451 -6.1268 2.7369 3.562 2.17 6.7501 0.36709 -8.931 6.5765 
7.5366 -9.2239 -5.5945 8.7141 3.9144 -3.4742 -7.6721 -9.7967 -3.1667 -5.0249 
1.814 0.5444 -8.7836 -1.9187 -8.1931 0.84269 -0.47879 4.2392 -6.3662 5.2458 
-3.9375 -2.7235 5.6659 7.7147 -3.2508 5.3743 7.2465 -3.6876 8.3426 -5.0965 
-6.6386 -8.5974 -6.5159 2.3406 6.3279 -1.7331 0.10689 -3.4606 3.8287 1.8372 
-3.2025 -5.0348 -5.9582 -8.1951 2.1838 -4.5593 4.2066 -0.88492 3.5173 -4.3511 
-8.6511 -8.8187 -8.6565 4.3924 -5.9575 -5.7342 9.0248 5.4258 -0.24965 -0.52155 
3.0698 -5.3731 5.7357 -7.4668 8.6196 -0.67286 -2.227 4.2968 6.3181 -7.4104 
-5.1143 8.7088 -5.7244 7.064 -6.7776 2.3503 -6.5499 2.6629 -2.0377 -9.7251 
5.1584 6.1343 -5.4487 -8.9823 -3.3651 0.20869 -0.33742 -6.7384 5.5511 -1.1915 
-4.0197 -9.2386 4.5849 -2.7632 -9.9929 -4.3979 1.4618 1.5778 5.8518 -6.977 
-1.6237 9.3629 4.2542 7.4656 9.0339 -2.6684 -4.2492 -5.9163 4.4494 1.5932 
-8.8834 8.6009 -5.4196 0.30515 -0.13956 6.4461 9.2617 8.6594 0.46382 -3.5865 
-9.3829 -9.0815 -2.0108 1.7407 9.5619 9.1076 2.3372 1.6634 5.3585 5.8923 
-6.2684 -3.4096 1.7459 4.0154 0.90735 -8.0066 4.1318 1.7171 -0.9923 -9.7688 
-4.5819 4.3304 -0.098164 7.2596 3.0533 -1.3766 0.45373 3.4655 2.8877 -8.9413 
-8.6751 -9.3708 9.1405 -5.8042 -4.3289 8.2891 2.5764 6.2274 7.9432 7.9831 
-3.3301 -5.1431 7.8355 -2.2946 7.1733 7.1347 -5.2039 -9.1366 6.2752 -4.859 
-9.0019 -3.8693 4.4757 6.0138 -7.7469 5.3529 5.4355 7.849 -5.4725 -2.9441 
-7.9738 6.68 -8.1783 -0.07539 3.8961 -8.9932 -7.4138 -8.0849 6.3828 -9.681 
-8.5626 0.43657 -3.6877 -8.0162 -1.7646 8.2975 2.8132 8.3984 7.3368 0.39116 
8.0903 -7.6903 -6.387 -2.0911 -3.9577 -3.7945 9.951 8.6481 4.1358 -4.0028 
-3.764 -7.214 -7.907 7.9547 -6.4233 -6.268 3.1209 -4.8132 -5.7081 -4.9747 
1.8354 -1.9092 -4.3926 -6.9505 5.0846 3.1058 -1.5402 -1.2854 0.82193 -6.8249 
-2.4475 -6.8137 9.8391 5.2712 -1.8241 6.0773 4.3993 1.2452 7.8079 4.3182 
9.0313 8.8891 -1.2186 9.5576 4.9292 4.2173 8.6161 -0.16528 9.6002 2.4689 
4.8479 -7.4032 -5.9402 -6.8725 7.6371 7.2709 8.7625 3.3763 -3.2731 5.2425 
7.7419 -5.4444 4.8232 8.1066 2.012 -6.3808 -5.858 4.0044 9.1359 8.2369 
1.9779 -9.4651 9.5235 -2.9076 0.19136 -8.989 -1.4733 8.1923 9.9443 -1.8526 
3.7926 7.8158 0.087923 3.8266 2.7928 4.5149 0.28309 0.14901 -7.1383 8.4004 
-2.1777 4.418 9.1615 -8.5485 -5.1026 5.5894 0.89743 -4.1308 -4.8325 0.87156 
-5.5345 -5.919 8.4821 -2.8538 -8.1532 -4.6572 1.2981 0.83311 -7.9612 -5.8572 
-7.3748 -3.1883 0.2854 7.1719 8.4132 1.8303 -8.1247 7.0077 -0.16987 -7.2064 
-6.5504 1.9258 -2.9546 -1.0064 -7.6341 -6.3686 4.754 9.4199 -6.6728 -4.1496 
8.772 2.2497 2.7069 -7.9011 -6.6181 3.1784 3.7411 -6.6451 -2.3481 -7.2574 
-9.3104 -8.6851 -4.5056 0.32363 6.9709 -1.4175 5.9951 -8.9621 1.8694 -8.9177 
7.5911 -6.4685 -3.2109 -1.5742 3.7004 9.4513 5.5965 -6.4769 -7.9118 7.2726 
0.44655 -6.531 5.9813 5.6354 8.4791 -1.5606 0.9326 7.8122 -2.9835 -1.8913 
6.1649 7.1295 -5.2415 8.3061 2.7139 -5.5066 -0.44382 2.7852 9.0268 8.72 
-1.0484 1.5908 -6.196 3.5486 0.87199 6.1579 -2.3791 -6.3687 9.3942 1.9164 
-3.0692 -5.9634 7.4644 1.8332 7.3347 2.254 4.8878 3.0336 8.4491 -9.0805 
5.143 3.5086 -9.7857 0.035198 -2.8745 -9.7148 -9.5006 -5.0607 -0.41573 9.7188 
-2.7957 -8.0106 6.2543 7.228 3.8111 5.1271 -4.7682 2.0758 -3.9597 7.8267 
1.1321 -9.9178 -0.70358 -2.6483 3.2965 -5.0815 5.4934 -1.3409 -8.0585 -8.5411 
7.7744 1.234 -2.0736 1.7651 -6.7091 1.7286 -4.7417 2.6938 -9.8964 7.3295 
6.8033 -2.8706 -1.691 -8.8188 9.3816 -1.975 -9.1543 -6.2033 8.469 7.4261 
-5.1195 -1.3604 -3.8961 4.7583 -0.31345 -6.8745 -2.5845 1.412 -8.4006 3.5505 
-1.2876 -4.5185 -0.43048 -2.0923 -5.1731 3.9698 0.85538 1.8836 9.5405 -1.7668 
6.5711 0.11613 -3.9104 -5.6648 -0.19318 6.5261 6.7202 -3.9535 4.9944 4.2109 
-6.9459 -4.7408 -3.9474 -6.7482 7.3604 -7.88 8.1618 4.8897 3.5271 5.2288 
5.1591 -9.8835 6.6046 1.9238 6.2622 -5.2849 2.0015 -6.8748 -0.78277 9.7465 
7.5302 8.5002 -0.045377 -7.2473 -3.6328 3.1367 -8.5796 -4.3518 5.4582 1.6853 
0.042472 -0.11014 2.3494 -9.8029 8.7272 4.1436 -9.6246 6.252 9.8561 1.7599 
1.4053 -5.5787 3.4779 6.5008 2.8322 -4.1356 -1.5534 9.9809 2.8937 2.4869 
7.0296 7.7011 -6.0444 -6.2611 0.26293 -4.5901 7.3297 -5.5495 -3.0891 2.3714 
9.6929 -7.5933 -1.7308 -8.412 -7.2222 -3.4144 3.0477 -0.28924 -9.2202 -6.1221 
5.8043 0.63985 1.8968 -8.1807 2.4976 -0.52519 5.8551 6.8666 5.2004 5.7927 
-2.9863 -6.5935 -2.2726 5.0902 -7.5784 -4.6579 2.9297 -7.9894 0.29279 0.66291 
0.038097 9.3118 2.205 8.4954 6.8797 1.7103 3.9159 -1.0637 3.8985 6.5947 
-4.8958 8.9025 -9.6768 -7.8291 1.0507 7.924 -8.3757 1.7553 1.7344 0.16539 
0.19743 -0.16673 0.33623 2.5748 5.1773 7.8239 4.7241 8.1063 -5.0804 8.2633 
-8.4276 -6.6548 0.80909 6.5288 4.4028 -4.1104 -2.0383 4.359 -2.9705 3.9786 
-8.882 4.2178 8.7514 -8.2283 -7.0022 -5.4272 1.6837 9.3137 -6.1913 -1.3117 
2.6998 5.1354 8.7883 -9.6081 3.0953 7.8485 -8.8089 5.3716 4.7528 -2.0805 
2.3381 -0.40257 -1.6483 7.9869 0.96403 1.0221 6.5461 -8.5358 6.2943 6.8606 
-8.3705 6.7302 -4.1361 -0.34208 -9.1198 -2.4836 9.667 0.67621 -1.5674 8.4195 
2.1904 6.7416 -9.8779 6.2859 -4.5999 -2.5663 -7.5573 7.0452 -5.7968 -4.4475 
0.89341 1.4065 -2.9833 8.5486 0.8448 8.1019 1.0108 0.88266 -5.5149 -3.7952 
7.1184 5.6617 0.027028 -7.234 -4.8191 -6.1066 9.1292 -8.6468 9.5247 -7.9581 
2.8538 -0.48505 -8.301 -7.1502 -0.74479 -4.3618 -6.7643 -9.7749 2.6363 1.2354 
-4.5673 5.5533 -6.4705 7.4744 -0.1673 2.9945 -4.6707 1.5343 -1.2985 3.1944 
-7.865 7.9199 2.8465 -3.8058 3.0477 0.35854 -5.0156 1.1593 -3.4701 2.045 
-8.7897 9.1284 8.585 -6.5782 -2.6588 7.3985 -3.4646 0.29694 7.7338 8.6668 
2.4377 -7.374 6.7197 6.8221 -1.2759 -0.097169 -3.9775 -2.5537 9.1273 1.4947 
3.9814 2.5283 -3.2061 -0.6584 -1.5592 2.6631 9.2295 2.1437 -6.9235 0.92131 
-4.5012 4.9918 -9.4579 0.70786 5.3266 -1.2032 -2.4768 -8.9972 0.21007 2.4054 
-1.5606 -6.1824 -5.4013 9.725 9.1942 6.5433 4.6859 0.16436 -4.1867 9.255 
-2.6835 -1.1249 2.8512 -7.7702 4.1351 -3.079 -8.6555 -2.9957 5.1839 -0.65627 
-8.3568 -4.16 0.88339 2.742 5.2209 -1.3839 6.8602 -6.9975 -6.9672 0.40864 
-8.6046 -1.2796 -4.3819 -7.3769 5.7074 -8.2258 5.8295 2.3065 -9.7637 7.3835 
-7.5822 3.5989 -2.7157 8.0509 -7.6538 2.0903 -3.1805 9.7052 -9.2933 -1.4582 
3.5571 -4.9401 1.9283 8.3857 7.1122 -3.9538 2.0422 -5.6366 -2.579 0.050565 
-5.6213 7.4428 6.6474 1.1046 3.8681 -0.5713 9.4243 0.40446 6.5478 -5.4777 
-5.2544 0.72407 4.3487 -3.464 9.8425 -3.1655 8.0369 5.6155 -5.3975 -0.4546 
-9.8273 8.2477 -7.3542 8.2614 7.6064 3.2325 -5.0151 -7.2797 -6.6116 -5.7372 
4.5422 -0.68171 -5.5276 -1.3206 7.488 -9.2438 -5.5451 9.2509 7.9598 -9.9457 
1.2207 -2.5373 -5.6649 5.6668 9.1485 7.4966 5.301 6.4959 8.5579 -7.05 
1.0395 3.8698 -4.854 -5.3595 -3.0599 1.7843 9.7177 8.5966 -6.6415 6.2893 
4.8451 5.1383 7.8009 -5.0533 -3.1129 6.7337 0.14753 0.98994 7.1149 3.357 
6.4927 8.169 4.7035 -8.7767 7.6928 3.7402 1.6511 -0.62846 7.4049 -9.7902 
-2.1321 -8.754 0.20615 0.69253 0.0691 -5.8688 7.0151 -8.115 -9.804 -2.588 
-7.2811 5.6691 -0.71313 -0.25689 6.3523 -9.0226 0.38469 -0.13079 1.7017 2.258 
-6.0851 -6.6426 -9.4224 5.9996 6.8763 -1.7608 -9.2364 -6.7556 0.19799 8.0153 
4.406 6.657 -1.501 3.5437 2.1101 -3.0317 7.9943 -0.32614 1.494 0.84798 
3.3927 -7.4108 -4.7649 3.9525 7.7612 -9.9375 1.0872 7.8822 6.4583 -9.821 
-8.803 -0.15904 -2.6504 -2.8833 -7.7555 -6.8573 -9.5818 -9.6024 7.0172 -9.8792 
-2.3145 6.7874 -6.612 1.1115 7.2235 5.2149 8.6536 -6.8775 2.8428 5.5986 
-0.17528 1.5714 4.6583 0.62027 -5.9523 -4.4832 3.7556 5.1008 -6.6036 -0.027105 
5.4832 -4.4874 -3.7024 -2.3159 -1.249 3.8929 2.1811 1.3892 -7.694 7.8388 
-7.0438 -2.7531 3.1284 5.025 9.7932 -6.3423 -5.7173 1.3061 2.2476 2.9871 
-0.28932 0.68683 3.256 3.5967 3.2487 -1.622 -8.5328 7.4529 -6.8025 -5.9015 
-8.5633 8.7641 0.51804 1.8219 -6.2187 7.8157 8.7246 6.9161 -7.4718 -7.7643 
5.7489 -4.3338 1.415 -8.5655 9.6029 -3.0572 5.3273 3.9076 9.9958 6.2172 
-2.1254 2.7962 5.5086 -6.9955 1.009 9.7526 -6.6703 -3.8747 7.0015 2.1057 
-5.2768 -9.2452 8.7499 -3.5723 -1.0778 -0.49069 -6.5789 -7.9008 5.4581 4.426 
-8.3886 5.144 9.2627 7.4631 3.6835 -0.66706 -1.066 6.3014 4.199 8.902 
-8.4199 -6.2519 -9.7232 5.7971 0.29633 6.772 -2.628 -8.5024 -4.2182 -6.7371 
8.5486 0.19258 -9.2543 3.4683 5.1705 4.4464 -3.5153 -4.1459 -4.5468 6.2794 
-5.9057 1.8407 9.0921 -1.996 4.3874 8.5354 7.2567 6.1406 -3.7354 2.9639 
9.1316 -5.2187 -2.5306 9.0751 2.936 0.71689 0.79141 -2.9783 7.3373 0.59159 
-3.2052 -0.28368 1.685 7.0482 -8.2394 5.409 -8.5205 -4.994 -5.821 -4.564 
9.1993 8.4124 1.5186 -2.2196 1.7614 5.4937 -0.064872 0.40056 2.05 2.1794 
-3.1371 -2.7493 -1.7506 3.6097 -4.296 5.125 -3.6685 0.80375 4.7399 -7.8427 
-8.7315 -8.7292 0.59622 -0.65444 -4.2088 2.2943 -5.8629 3.8693 -3.5702 3.0231 
2.2495 2.1303 -2.5867 -6.9832 -0.82128 6.7177 3.6228 -1.4192 -1.1988 -1.2369 
1.1123 -6.5179 6.7808 -5.1919 -8.975 -4.4725 3.0005 -7.1305 -6.3408 4.9462 
8.129 2.6253 1.5599 -5.6357 -8.6973 -0.64543 -9.8717 8.4582 -4.6524 -1.88 
-5.9755 -2.8636 -7.6187 1.6403 9.5175 -3.1539 7.6418 -9.9288 9.0479 0.24064 
5.7539 3.8214 4.3599 -3.536 7.638 0.20936 -6.5674 6.0939 6.3266 9.5312 
-3.0456 -8.8994 -8.2499 -9.47 6.8127 8.0865 9.1223 0.1793 -0.085719 5.515 
9.443 -3.4624 -4.6427 2.0617 8.0746 0.89479 -8.611 -8.0804 -6.2339 -8.5819 
6.721 2.2563 -8.0036 0.92663 -2.5296 -2.3015 2.6465 2.968 2.6795 2.0788 
4.2361 9.6565 -2.0534 2.1122 4.3861 9.4683 1.5447 3.0104 7.9639 2.8105 
-5.702 -0.90677 3.0079 -0.26119 9.6675 -9.8716 -9.9162 -3.0479 -5.8636 2.936 
-9.691 -4.9334 8.8733 9.9358 -9.8264 -5.1579 -0.82683 0.3943 9.9515 -7.0062 
-5.7991 -9.2556 -5.0036 -3.7983 -0.95402 -6.7879 3.9766 -4.6892 2.1845 -6.2935 
0.72937 1.2954 -3.7911 -4.5699 -4.1185 0.34698 -7.4025 9.3645 7.9032 -5.8048 
-7.8308 -9.0858 2.261 -5.8969 2.2647 5.8175 1.0283 -7.9841 1.6029 2.8536 
7.0752 8.7557 4.0437 7.2116 -1.1287 -3.3191 -9.7786 -7.555 6.6838 8.8265 
8.217 -0.9216 -4.2472 -7.4323 7.619 -4.2736 2.4812 3.7758 -5.485 -0.70491 
-3.3255 7.3932 -6.2581 6.3519 -2.4744 -5.1412 -7.9161 -3.0611 -6.5327 0.94106 
-0.61714 8.5408 0.56995 7.1916 4.3217 9.1869 5.0723 -9.6942 6.8915 -3.2869 
-9.9421 3.6304 -4.4315 -0.052118 -0.53815 7.9587 8.3882 -5.3264 -3.0167 2.0962 
-3.7818 -2.8551 -1.0229 7.4482 -4.5413 9.2468 2.7923 2.8504 -2.1911 -2.962 
-0.29556 6.0329 -9.2123 4.2116 3.6675 5.0319 -7.0387 4.7714 1.0106 -9.3369 
-4.7567 1.5252 8.7521 2.5931 -3.444 -0.6874 5.5512 -8.675 -5.5261 7.5594 
3.6622 3.6053 -7.6382 2.63 7.3721 -9.9887 7.4565 -3.1208 -7.3323 3.2095 
8.2237 1.6485 0.47985 8.4333 4.6868 -3.7127 -7.1412 7.7176 -8.6845 -5.388 
1.41 8.1812 5.653 9.6692 1.7803 -6.987 -1.213 0.37635 -8.6667 5.2472 
-4.6944 7.9673 -3.4893 3.3905 3.6869 9.6867 1.3108 -3.5308 3.2801 3.0081 
8.5694 -0.8733 2.3775 -7.0538 7.2289 7.7602 -3.138 0.36318 0.7388 4.498 
-8.7151 -6.3566 -8.4888 -9.3318 -8.9872 7.0279 4.578 -6.3581 5.939 1.5632 
2.526 -3.4431 -9.2174 -5.7161 -9.06 6.9408 4.8282 3.4263 4.1284 3.2115 
8.9656 -9.5242 -8.5113 -3.3057 8.0314 -4.0596 -0.71948 -8.9764 -2.1902 2.327 
0.32787 -9.8566 7.0096 1.1673 -8.5632 8.1915 -6.0487 -4.2776 2.4673 5.1413 
9.1341 6.0706 6.2019 -2.0394 -2.5179 -4.0151 2.1193 6.3327 4.8588 -0.99028 
-4.5596 -5.149 -3.6453 -9.0268 -7.7315 5.0037 1.406 1.0877 -1.5261 -4.8215 
0.5398 5.8514 4.4554 0.014717 3.8504 1.4863 1.6853 -2.6721 -7.9546 -6.0799 
8.2238 5.98 6.964 -1.1088 8.5108 3.587 -9.3522 -6.0136 8.3397 9.9292 
-5.7063 -5.8994 -8.7675 -3.8399 -4.3664 -5.577 -6.367 3.8725 -0.12739 0.48012 
6.5357 -0.16584 3.2689 7.1933 1.4564 -2.2468 1.314 -3.9764 6.2342 -4.0221 
-7.2334 7.0009 6.4589 0.7937 -2.1278 7.7813 -7.0088 -1.8075 -9.7595 2.9696 
-1.245 2.5136 -7.9128 -2.9134 -0.90283 -8.5976 4.8336 -5.7818 5.8072 -8.5738 
7.5057 -5.7044 -8.1254 -8.2842 7.7275 -3.6955 0.067418 -4.3667 -7.4183 8.3125 
4.0862 9.4555 1.9515 -1.8674 7.4603 -8.3538 -7.2809 6.7088 -0.36109 -1.3732 
-0.059556 0.7377 2.8873 -0.713 8.5567 0.47557 -5.8885 6.5203 9.5323 -2.1365 
2.1919 6.6928 -8.5785 -5.5527 -2.8755 -1.8525 8.5261 -1.2036 3.1658 -6.6653 
-8.4434 6.3111 9.1342 -8.6095 7.1402 -4.8289 -9.0575 -7.5269 5.4042 7.486 
-5.1713 1.0966 -7.7314 4.4601 -8.8618 -9.8328 -2.5933 9.1583 3.7722 -7.613 
-9.4843 -1.4294 -9.9138 -5.7323 -8.527 -0.71994 -9.4421 9.3907 -6.2614 0.33313 
6.9295 -4.1539 2.6155 -4.0597 7.4064 -7.0768 0.96172 -4.542 -4.7037 -4.0262 
-9.7027 6.0531 7.0377 1.5201 7.3187 -5.5096 7.8277 3.4712 -9.3807 -6.8165 
1.0083 9.7753 -1.0774 5.2294 2.8565 -9.2828 8.3156 -4.5678 7.1322 5.2845 
-7.6066 0.16772 7.4838 6.4252 2.9116 8.8508 -7.0867 0.93451 4.6286 -0.19443 
1.759 -6.184 6.3837 -0.28001 -2.9726 -3.3216 2.5979 -7.1789 -5.9833 5.7311 
2.4442 0.82322 -6.452 -0.60164 -8.666 7.2141 7.7893 3.9051 -2.7493 3.8811 
4.9404 -5.0261 -7.7231 0.010179 -3.5504 -9.9937 -3.7578 8.9047 6.0302 -7.2679 
-3.8014 -2.1691 -0.93193 5.1586 9.2001 -4.7306 -1.8857 3.0021 8.9569 5.0498 
8.3301 -5.8681 8.6523 -4.1321 6.3031 -9.2804 -7.6136 -6.1175 -3.5776 -0.53303 
5.6453 5.7155 2.972 6.2816 -0.48241 5.7597 -8.7033 -3.4863 7.2978 2.0825 
-7.9791 -0.53655 -9.3915 4.058 9.4752 0.81132 4.5494 -3.1532 4.3908 -1.7608 
-4.3779 -0.54028 9.8943 -9.8962 -5.5653 -2.6308 3.5017 6.2027 -3.646 1.372 
8.1501 4.3638 1.4301 -6.846 -5.9049 -9.0712 -0.52274 6.7832 -6.0419 0.21239 
-7.7783 -7.4399 6.3058 3.1807 -7.2155 0.19566 9.6306 7.7617 0.77654 2.6788 
5.7964 9.0161 -3.6837 7.1631 1.8746 8.02 -4.7135 -2.9942 -4.7019 -8.45 
-7.9544 4.6968 -7.7463 -2.1301 -4.4187 1.4629 2.19 9.4934 4.8258 -4.052 
5.3589 2.3728 -8.8277 3.8401 1.194 -9.9338 -5.2418 5.3838 5.8328 -8.4097 
3.2411 1.2326 7.5778 9.6216 2.5585 -9.2268 1.1605 -0.99553 3.9053 0.29489 
5.462 -5.4447 -8.4692 8.3712 0.44331 -4.0902 -4.0076 7.2951 9.6871 -7.0626 
8.6396 7.7014 0.10118 0.30817 7.3402 8.1548 -7.4984 -8.9376 -3.7974 8.5626 
-6.4623 0.28064 -6.5789 2.6737 1.0348 -6.2599 -2.7493 -8.39 7.1215 -3.9677 
-9.5916 -1.6272 -8.18 -2.3966 9.7156 -2.2421 1.6887 4.2614 -4.3148 7.51 
6.6728 5.5061 -8.3461 -8.1845 5.2604 -0.70661 1.9135 8.9107 4.9134 1.4711 
-0.53613 3.9443 -4.9103 -5.3694 4.5188 3.8858 -5.3844 0.085605 3.7178 6.1255 
-7.8271 9.8055 1.8194 -8.3181 8.4554 -5.0603 8.1899 -8.1687 -6.8602 7.1241 
-8.2189 1.8582 -4.4329 9.7568 7.4672 6.7114 2.9619 -8.4781 2.968 -3.6409 
-7.6974 -6.8733 -5.3369 -0.76228 -5.6594 -1.9853 -8.9374 -5.8933 7.734 7.1256 
-6.6405 -7.3842 -5.8852 5.3182 3.3855 1.5601 9.2935 9.4406 8.2106 5.6304 
9.4502 -6.5929 -3.6636 4.9458 -8.6087 -6.9189 9.1684 2.3405 -2.3863 4.12 
-4.2799 -8.6796 8.8168 -0.59936 -8.1567 -1.5661 6.873 -9.9881 -2.8213 -0.63688 
1.9805 -2.4944 -2.6563 -1.0352 8.6993 1.4123 -7.8598 5.463 -1.2079 9.1436 
7.0442 4.5272 -9.2764 6.0757 2.2931 0.11569 1.5309 -8.5723 3.4073 -3.0077 
-5.1043 -2.2179 -4.1502 1.9902 4.076 6.9673 5.2743 5.1745 0.98963 9.9103 
4.5434 -9.2797 6.9895 -1.4623 9.2466 5.436 4.919 -1.3492 9.152 -0.036081 
-1.9842 -9.8869 -0.53002 -3.7562 6.2234 8.287 -3.1977 8.2956 -8.0949 1.3906 
-3.788 3.1232 0.25447 -3.8063 3.6423 0.28596 -1.4251 1.5286 -5.3402 -6.2757 
3.076 5.0532 -5.7134 4.3792 -2.9992 -0.036713 -4.2331 -3.195 -5.3555 -5.1592 
-2.1635 -8.6477 8.4748 3.7448 5.7414 -2.715 0.01201 1.8276 7.6015 -6.629 
-7.6133 -3.2146 -6.6898 1.066 0.88577 3.5005 3.8772 9.6534 4.4691 -4.6473 
9.5708 -0.052162 -4.2781 7.5822 -5.234 -4.3005 -7.2958 -8.5045 3.306 -2.7703 
0.36504 -3.7635 -9.9198 -8.7072 -8.7821 -2.6062 2.6482 -0.21473 -3.178 1.1423 
0.15537 3.4404 -1.2751 7.8261 3.8131 -0.13241 3.5258 -6.8367 -1.014 6.1678 
-3.4996 6.1678 -2.3104 2.5069 8.4869 2.5736 -2.7147 5.2393 -4.8182 -3.7605 
-6.0546 3.5381 9.8408 -8.7913 -7.0438 -0.2547 2.3563 8.7162 8.7429 -2.5428 
7.2579 8.6145 -4.7412 9.6337 4.5398 0.18065 0.095943 -8.5251 7.6123 5.4717 
-4.6426 2.7784 -5.8887 7.9023 -0.79757 4.2599 3.6628 -9.9975 -4.6343 7.929 
0.77362 1.4582 -8.1046 -3.9387 -4.6232 0.27542 -1.4384 7.7595 -2.5918 -7.6452 
1.0293 9.8135 -7.2212 0.86394 5.5939 8.4698 0.55042 -2.7689 -7.2573 -7.9421 
9.2651 -8.909 8.5892 -3.0377 1.0278 -7.218 -2.3929 5.2388 6.032 -0.083301 
-4.6085 -8.2988 6.1876 -2.6968 3.5625 7.9706 -8.9702 1.4323 -1.0091 -7.7457 
-4.6856 9.225 7.4181 0.26238 4.6527 8.0393 9.8858 -3.1178 -1.3695 2.8375 
-3.8002 -1.8914 7.2395 6.0336 -3.2633 2.4963 2.4868 1.1645 -8.1836 -2.2541 
1.146 3.7056 -5.5138 -0.46735 -7.3744 7.8891 -3.0579 -6.1601 4.0967 -1.2471 
-2.4362 -1.8792 3.7475 9.8107 -8.3187 4.2798 5.9214 9.8512 8.9383 -9.4824 
-5.0847 9.8998 -4.0038 -2.5376 5.7231 9.4214 -0.031623 -6.0145 2.7286 -4.4558 
3.5236 6.7578 5.381 6.9413 0.3678 -2.3978 -3.6041 -5.4078 -9.8231 3.9006 
-4.7741 -5.0802 6.5906 -9.3193 5.7374 5.9025 6.9144 -3.5151 1.8614 5.8057 
9.2297 -1.6705 5.8525 5.5325 8.3104 -2.8202 5.1819 -8.1865 -7.5707 -1.9582 
-0.048465 -2.6005 2.2049 -3.3499 6.1195 6.1965 3.615 -7.3829 -2.6391 -8.8819 
-1.4446 5.836 -7.1325 -4.7946 -7.6644 5.7558 -2.1288 -1.8313 -3.4677 -3.7657 
1.3558 -9.3578 8.431 2.9874 9.2573 -9.4956 1.5861 2.0824 -9.5803 -4.8388 
2.2608 5.9295 -1.5371 9.325 -9.6636 -5.4434 7.4046 4.087 0.23373 -2.1017 
6.1399 -9.3189 -7.427 1.6835 -8.2007 9.3958 -3.8224 -1.8527 -7.1532 -6.5391 
7.6157 -9.6307 -8.5323 7.3366 8.0787 3.2774 2.0119 -2.0621 -4.7627 -3.4642 
-6.8004 -1.051 1.3998 0.43801 2.8346 -5.4322 7.6819 4.472 7.6102 -7.4685 
-8.2165 6.7503 -7.2385 -1.756 -3.6348 -7.4479 9.0871 -7.431 -9.2504 9.0861 
-3.7373 5.92 -7.5862 0.79956 3.0591 4.6761 7.8682 -6.1884 -8.6969 3.3846 
2.1471 8.7374 -2.3985 -4.2632 2.6688 3.0218 -4.1756 1.7932 -3.3496 -5.2122 
-2.4252 -5.9738 9.9046 3.6037 -6.5775 -3.1907 0.5356 -7.7052 -9.3681 8.6321 
8.5109 7.2536 -2.9838 -1.8608 4.3316 -5.9843 -4.6968 8.7401 2.9329 7.2304 
-8.8597 -4.8839 8.1505 -7.3054 3.6501 0.82071 6.8068 -3.8095 -0.034019 -6.1589 
9.8803 -8.8064 -0.60829 1.6387 -6.3977 1.001 1.9814 7.2571 3.7596 -6.3177 
3.3392 9.3736 -4.7125 -7.5249 -8.0599 -3.5664 6.9941 -8.1264 -3.2206 2.2842 
2.343 -8.6899 -4.9142 8.8385 -6.2845 -8.8768 -2.3043 7.9948 6.046 -9.9774 
-7.0423 -5.4092 -6.8082 -3.5401 7.6551 2.705 2.8418 -7.9811 -2.0013 9.8502 
-9.4201 -9.3384 1.2011 4.4202 -4.6256 3.8289 -1.2885 2.0208 0.63419 -1.588 
1.4494 -7.4436 -6.1242 6.6072 8.6496 -6.6249 -7.175 3.9697 1.1442 -8.1745 
-9.4004 3.6007 -8.0306 -8.7481 -4.0409 0.69351 1.2824 9.885 -0.10447 -8.7115 
4.2307 -9.4341 -3.9947 -5.2558 5.8103 9.5721 4.4911 -6.2421 0.76319 -5.1414 
-5.7192 7.0381 -5.3738 2.1355 -5.4353 -3.6105 -5.4078 0.81889 -2.0494 -3.2198 
-4.8963 -4.3556 2.1177 6.5881 6.5632 -8.0644 -9.1142 -3.7297 3.6489 -8.9163 
9.1719 -1.5602 -0.43574 3.7634 9.4511 -5.1683 -4.9885 -8.0673 2.274 -7.7881 
-6.3622 3.0663 8.5791 -9.0507 -5.2934 -1.5927 -9.0822 -2.0979 3.7741 -1.5696 
5.9691 8.4319 -1.3625 3.6828 9.097 -4.9928 3.4957 2.8911 6.8033 -5.886 
-9.1991 -4.153 2.2252 7.9617 -6.327 -5.2874 7.254 -1.8376 -1.0726 -3.8042 
-3.8168 9.336 -8.4767 -8.844 4.7879 5.954 -9.2952 -3.2953 9.9833 4.683 
9.3418 5.5883 -9.4974 -8.0504 -5.8375 6.5583 5.8368 -4.6141 -8.061 1.1839 
-4.6602 -8.2737 -7.3274 -2.0403 3.3143 1.9757 9.3593 -3.9491 -1.1748 -0.82105 
-7.5625 -6.4222 -7.041 7.8861 0.4216 -6.9817 7.0732 6.255 7.5354 7.5239 
2.1476 -6.1939 -0.47778 3.4121 5.9503 0.19114 9.3065 9.093 -2.3723 -0.49521 
2.907 -8.0164 -1.7828 6.4887 -1.9607 -6.4182 -4.6973 -2.1248 8.0527 -9.8297 
7.4885 8.198 5.5867 7.3708 9.2051 0.15071 -4.3454 -6.5151 3.8847 -7.7462 
7.9466 -9.0315 1.7857 2.608 -1.016 4.7628 1.554 7.4065 -8.5619 -9.6087 
-8.9364 8.2005 -5.6146 1.4494 3.9364 -3.5569 3.7457 1.7908 -5.6698 3.8572 
5.1903 -7.5592 7.7663 -0.83988 -8.9027 6.6205 0.40742 -2.7299 3.1794 -1.8575 
7.1781 -2.9267 8.3451 -1.1517 0.17144 3.063 -3.1617 -3.4985 7.6909 3.0542 
-0.36554 -5.3646 2.8939 -8.2879 2.6898 3.5558 -4.2757 -2.8892 -5.8261 -6.1207 
-8.4981 1.2145 -2.2266 -9.4163 -4.0516 9.5929 5.6829 -1.153 -4.5858 3.3473 
-8.1856 1.4662 8.858 6.144 -0.063865 -9.2746 9.5571 1.7592 7.2485 -8.9601 
-5.9957 -3.9446 2.239 3.4902 7.2568 -3.4062 -2.889 -5.0369 -5.4445 -6.762 
5.5657 5.469 6.9387 -4.4249 -1.8102 -7.2668 -7.2649 2.906 6.2604 -2.3256 
-1.8544 -9.7227 -6.4416 -6.1417 -0.35631 -3.1337 4.3803 -1.5618 7.2172 -8.1107 
6.5408 -4.6568 8.2528 -2.1234 5.9788 -9.1953 -5.3991 2.3559 1.7023 4.4477 
-7.0406 8.6416 -6.7488 2.6478 -8.9795 -4.9469 -9.1636 -0.85524 3.2648 -4.7921 
4.6583 6.7661 -7.3747 -5.477 0.29896 1.7134 5.9957 4.4338 6.7815 6.5981 
-7.0022 -9.5423 -4.4714 -9.2032 2.376 2.2872 6.4994 -0.31271 -6.9266 7.0769 
6.7686 9.3121 -3.073 -8.2176 2.5246 8.7527 -0.745 9.2912 0.75025 -3.8709 
0.90734 -2.0417 -8.2314 -3.5317 0.6729 1.5525 1.0552 -7.486 4.4392 2.0327 
9.2234 0.30458 -6.1591 2.1395 7.9224 -4.2399 -4.2718 9.1549 -4.6796 -9.6255 
-8.4901 4.6331 -3.4763 -1.4383 -2.4002 -9.9848 0.87883 -6.7774 4.2165 -0.52635 
8.6767 1.0646 5.4282 7.9722 -2.6488 4.7861 7.4906 -8.2094 0.73984 8.8481 
-2.8115 9.6648 8.1483 0.49442 -7.7177 -7.1811 -0.76406 3.2159 2.0785 -5.4582 
-8.6614 0.68707 -2.9671 6.6096 8.9696 7.2777 7.2051 8.2976 7.2434 -2.0043 
9.3187 2.8262 -2.2336 0.35018 8.4377 -8.1177 -8.8207 3.0759 9.9754 -3.7971 
2.9891 -3.2675 -6.8246 -2.0741 -0.96744 1.2373 3.9291 9.0683 -8.9986 -6.8654 
-1.5877 9.6467 6.9387 -5.8722 -5.154 -9.3394 1.8054 -1.1967 5.0905 3.7377 
1.9288 7.7206 -5.7382 4.4293 0.13641 4.4005 6.638 -4.7516 1.2218 2.9849 
-3.0582 -7.8658 -9.99 -2.6939 7.5808 -3.9723 5.8078 7.8965 9.9736 8.8688 
-5.6475 2.4064 9.2309 1.0892 -1.7023 9.3826 -5.3681 6.2362 -1.7126 -8.0459 
-9.2432 7.4225 9.5227 2.7881 4.3108 6.8599 3.1765 9.4121 3.3566 -2.6885 
-6.9315 1.7766 5.8562 5.0747 -1.2787 -8.3755 3.8936 9.0 -5.0402 9.7929 
-2.5324 5.3118 -6.3041 -0.97851 2.9483 1.6929 -8.0356 -2.1322 -6.0944 3.0604 
7.5363 4.9558 -7.0193 -9.5845 -2.8448 -2.4731 -5.8799 9.8515 -5.6055 -6.0889 
-1.177 -7.475 -4.8287 -6.0689 -7.2966 -5.8065 -2.0613 -2.4557 7.8874 3.0068 
2.7554 2.7348 2.3238 -4.8083 0.34785 -0.67205 7.7603 -8.2745 -9.5681 -7.5524 
-2.2439 8.0713 8.8873 0.32639 -2.2937 -4.1553 5.3568 -4.548 -2.1218 5.8747 
6.7439 -3.3249 -0.92657 -5.0269 4.2263 1.7985 4.0189 9.981 6.7882 -5.8655 
5.3263 -0.18224 -4.36 2.7429 6.8054 -0.32027 -1.8825 0.4637 1.1244 -9.7904 
-7.4883 -5.4923 -9.7643 3.8666 0.25946 8.0207 -8.4714 -4.3491 8.643 -8.0712 
-8.1468 5.2802 -7.9324 5.2127 -7.0254 -4.7471 -6.2978 -1.3155 0.48881 -8.7742 
3.2064 -1.9042 7.3639 -4.7789 -9.0563 3.7189 1.9934 -4.0205 -2.3554 0.70725 
-2.4466 9.2022 -7.0769 -6.0929 7.5231 9.0249 1.2319 3.6299 7.3415 -2.051 
-7.8442 2.2479 4.023 6.8033 2.5761 -3.8291 -4.6282 0.82951 9.7585 0.27671 
2.4762 -2.9283 2.9366 -5.7447 2.9783 -3.7601 -5.3353 -4.6761 4.597 -1.7297 
2.432 -5.8307 -5.8379 4.4082 3.3421 3.4933 3.9373 6.6099 -8.3392 -2.6874 
8.2325 -8.4657 -2.3284 1.9543 -8.6184 8.8564 2.4578 -6.7618 2.8209 6.8868 
2.1226 1.7058 5.876 -6.9961 -1.2051 -7.6434 -8.343 6.1106 -0.98822 9.824 
-0.29309 -4.7248 5.4586 1.4601 -2.9645 7.5951 4.4634 -6.5816 -9.2843 -6.4747 
1.5348 1.6743 5.6342 -1.9664 -4.812 4.0901 2.1711 -5.6753 6.0281 -7.5933 
9.642 -9.2619 0.19637 -3.2114 -9.072 8.6124 1.4803 -5.6005 5.334 7.6103 
0.37137 7.9303 -4.861 0.98702 7.5918 -1.728 5.4805 3.9246 -8.7617 7.6572 
-3.026 -6.4946 1.9966 7.1179 -3.1993 -7.6135 -3.2289 -0.15795 2.3496 -1.7436 
9.6575 4.4188 1.2912 -0.92501 -5.8817 -6.9503 -9.912 -7.6823 2.0319 -6.4106 
9.8402 -7.628 -2.9108 -2.9077 -8.3434 0.31093 7.9003 4.6473 4.8785 3.3694 
7.9231 -0.46419 -6.7788 -1.7113 -1.1762 3.6536 8.243 -7.058 4.7525 3.2311 
4.8316 4.8539 0.46687 -3.5659 -1.8595 -2.7257 -1.6702 8.3489 7.4771 2.7099 
3.2947 0.67102 -6.9032 8.1607 9.7887 7.2505 6.1417 5.7623 -1.2639 -4.1504 
4.6673 2.7021 8.101 8.9965 -7.0804 -2.9596 -0.38876 -7.3345 -5.7652 3.9913 
-1.2817 9.1481 4.0102 4.1025 6.8046 -7.0502 -8.8003 1.6691 -3.4993 -7.972 
-2.0074 -5.1393 8.6781 -8.1458 -3.5686 8.4022 -2.9001 9.6673 -2.0921 -2.0183 
-5.6422 2.5768 0.52475 6.1825 0.18431 9.4358 -5.3921 -9.8932 4.7643 -4.2285 
7.6326 4.923 -4.5052 -4.5818 -3.7044 -6.8469 -8.8517 -7.27 6.9131 -3.3186 
8.8414 7.0506 -5.3882 3.7364 -9.8421 9.7574 3.5822 -6.651 -7.5495 0.22979 
8.9791 3.4171 -3.7683 8.2672 4.6071 -7.9175 3.3369 -3.3608 3.9929 -2.5348 
-7.8711 9.3755 -2.6867 -8.1255 -7.3935 3.0695 -9.81 -2.1553 2.2438 -3.2921 
-8.8405 -9.9427 9.8909 -4.0607 -7.5295 0.6469 -3.1526 -5.4336 4.9678 -9.7605 
-6.7255 -8.4007 -6.9405 5.4023 8.539 -9.8109 8.9075 -8.6162 -3.6457 -0.98561 
0.54948 1.3541 6.6479 0.37946 0.29587 7.6116 -5.2071 -6.4755 2.2728 7.9349 
-8.605 -3.2519 -4.525 2.3421 -6.9512 -7.4474 -7.9668 -9.4584 1.3213 -5.8491 
-9.7971 2.14 8.2539 -7.6164 7.7717 -3.3448 -0.15939 7.748 4.5358 5.6259 
-8.1664 -7.5113 -0.56594 1.2109 -2.0444 -3.7941 -9.2235 -9.2727 -7.1911 3.1311 
2.1487 1.6323 9.7223 9.1295 -4.28 -7.3496 -6.5701 -5.6307 2.9028 8.7439 
-8.8783 7.3601 -8.2544 4.5485 -2.5046 8.4607 5.5084 -1.8677 6.048 6.6035 
3.162 -7.386 2.0741 8.4665 -3.8541 -3.5959 8.1084 1.9189 -9.6077 -4.6504 
1.5164 -2.7259 -9.2334 -8.9337 5.7237 5.3582 8.8006 -0.94485 2.9532 -8.4886 
-8.5233 -8.2189 -4.1229 4.5066 4.7709 -8.7375 3.0158 -7.0941 8.2081 6.0863 
-5.1686 -6.3453 -0.29355 -8.3556 -0.80977 -7.5875 3.009 3.9377 9.318 3.4236 
-2.9761 2.254 -6.6268 4.4748 6.038 -6.3367 5.8653 -4.626 -7.1031 -2.8172 
-7.4652 8.532 2.1786 -9.0797 0.33537 8.9426 3.7499 -4.9975 3.3375 -1.9088 
4.7882 4.7642 0.092976 1.7093 -8.7612 -6.1206 4.0988 -6.2137 -7.7772 9.3436 
-1.0864 -9.8951 5.713 -3.9763 7.5735 1.9162 -0.6945 5.4594 -3.1816 4.2456 
-9.6478 -0.93067 -7.1815 -1.7077 -4.7708 6.7051 3.4792 4.2638 -9.1275 -8.555 
3.6342 1.0585 -3.1151 9.1721 -5.1153 1.7582 -9.3677 -3.0119 8.3956 -3.8917 
7.6167 -2.787 -7.0935 -6.0306 -9.9719 -2.5056 6.4116 4.7839 0.94039 7.2642 
-7.2036 -9.4986 -0.23157 -0.12019 3.9438 8.5512 -0.48436 -8.3268 4.4782 -2.31 
6.2171 3.4423 -0.60299 -8.2112 -1.7084 7.328 0.60987 -0.99886 -1.4821 1.7516 
-4.9428 3.5473 6.8109 6.8162 6.3894 5.8399 1.1024 -3.9841 -4.7971 8.6659 
-9.5123 -2.4305 0.65202 2.889 -7.0182 -0.78541 -3.6621 -1.6924 -8.6831 -8.1407 
0.61447 -1.3112 6.3467 -9.8485 -8.7256 8.9275 2.1104 -8.1809 -6.2668 6.5722 
8.6971 0.65898 5.0906 9.1619 1.337 -0.0015293 0.71723 6.0644 6.6319 -7.6759 
5.3866 -8.9614 -9.2194 -5.5203 -2.9915 -9.602 2.6344 -2.8841 -5.0077 9.2126 
-1.905 -5.3717 -7.9126 -5.4044 4.9367 -3.9766 -4.7688 5.0507 -8.0853 -1.3752 
4.3562 -1.4786 -4.1979 5.5616 8.1078 8.5653 9.8198 5.2855 3.8949 5.0363 
-0.37355 -7.1443 0.89405 9.8459 -8.297 -5.2348 -7.5269 -4.8922 -1.0188 -3.4712 
-1.1765 9.7625 -7.5694 0.93694 -0.81807 -4.8211 -7.6351 6.1013 1.6138 -3.1805 
8.8472 6.9618 2.1133 -7.9486 5.0068 2.0308 -0.46105 -1.8767 -2.3641 -2.9593 
1.5756 8.5614 3.2014 -8.8768 -7.3223 -3.2762 8.7299 -6.7396 4.776 1.1295 
5.6722 7.4494 -2.7881 -5.4708 -8.179 -0.51869 -7.3317 -6.8044 -1.0299 -9.9223 
4.2961 -2.1079 -4.669 -3.8091 6.1563 0.60729 -8.5662 -1.6616 4.9747 9.9201 
-7.1567 -2.4597 7.7784 6.2442 5.8808 -7.118 9.2931 2.3818 4.104 -7.942 
3.8584 -9.4852 -2.4976 7.118 1.6858 5.4412 9.16 -0.58967 -4.6162 -3.3012 
-2.127 5.4949 3.4874 -7.1139 5.305 3.7777 -6.483 1.2516 1.0802 7.8205 
-7.4446 -2.9561 -3.5237 -5.7393 0.61393 7.4931 -9.9081 -1.2482 5.3655 6.8841 
2.8181 -6.0387 6.1844 -9.4663 3.7681 6.4024 -3.7829 -7.5643 -7.5224 9.6566 
-0.04983 3.7875 -8.2165 -3.2617 0.65603 -1.3848 -6.6663 -6.5241 -9.6123 3.4272 
-8.7205 -5.7591 -3.1851 3.5265 -8.4973 -7.2478 -1.0946 3.1683 -0.27668 5.2212 
0.47074 -7.7702 0.016312 9.1062 4.826 2.5667 -9.0273 5.942 -9.9455 9.6776 
-3.7092 8.8494 -7.3642 -8.9996 4.4605 7.9845 9.5874 0.77383 -0.29581 -2.9584 
7.0978 7.1033 9.3118 4.2332 5.3962 5.4507 0.41799 -6.4205 -2.7274 6.0177 
-9.8197 7.2556 -1.8284 -5.367 6.4149 7.9224 -0.10001 9.6659 1.9482 -2.3316 
-5.9483 -7.4825 9.4247 -6.7998 7.8181 9.4671 7.7296 -7.8667 -0.87661 -2.7668 
7.6121 -5.4102 2.7418 4.8756 -8.892 -5.3957 5.9254 7.6214 6.5386 8.8887 
-5.639 6.8878 -0.7876 9.4201 -9.4328 9.4575 -4.6085 -9.938 -2.2468 -3.5248 
-3.6462 6.1365 -4.9688 -2.595 -8.2954 -6.9758 8.9528 3.1618 1.148 2.5032 
-3.1207 -4.4705 -6.4408 3.1042 4.795 8.2817 3.4044 -0.21766 8.1259 -1.8871 
6.0015 -3.7752 1.7805 3.6313 6.4262 -3.9189 6.1226 -8.1404 8.1866 5.5627 
1.4217 -2.3879 -6.8096 -7.4665 -6.3803 7.7497 7.4124 -2.7221 0.93056 -4.3268 
6.2648 -1.6305 -1.9662 9.3506 6.6613 -8.2467 -7.7494 5.8378 -5.2025 -4.4865 
-8.2764 -8.6813 2.7635 -5.1507 -9.2369 6.5029 7.6761 -2.1732 -2.7096 5.1304 
-6.1573 8.943 4.0142 0.65514 -0.92778 -3.7266 5.5871 -0.89388 5.1097 -0.14137 
2.59 5.8051 -1.0416 6.6288 -2.5781 2.5798 3.0796 6.1621 9.58 -5.8141 
-8.7227 3.0429 -4.4954 3.6459 -1.4807 -0.6513 -6.8203 -6.5649 -0.70646 7.159 
4.8592 9.5056 -8.6588 0.34287 -8.1124 7.9754 8.7022 -1.4325 6.8477 -1.701 
2.0679 -7.3851 0.38275 -1.8046 -0.14899 7.1332 -5.0844 4.0628 -1.1992 -2.7161 
5.9689 0.31672 1.1188 -7.0979 -1.0093 -9.2369 2.6771 -5.8566 -8.1283 2.5899 
-6.7881 0.63644 6.1744 -5.0911 4.3496 5.4785 -4.7471 6.5397 -5.2208 1.2419 
4.7586 -7.3626 2.1669 3.9774 -1.5294 -0.54508 -0.0019249 8.4786 -2.4898 3.5627 
5.1408 2.8827 0.1454 -1.6333 3.7557 -6.7978 6.3081 6.3724 5.4694 1.4234 
7.6262 -1.8539 0.84183 -6.9536 0.58403 4.6656 8.3711 -8.1767 -8.3062 -0.097612 
-1.4152 3.8344 -0.9261 6.2677 -8.9793 -9.0384 -6.75 5.2702 7.2925 -4.1561 
-6.2503 3.9054 -4.5744 -8.0786 -0.66689 9.2834 -0.15531 -2.5332 -2.4874 5.1143 
-3.9394 -3.9648 6.5836 7.4656 9.2026 1.8714 9.946 0.38893 5.6626 3.3195 
-3.5849 6.6416 -0.54324 0.30934 3.4405 1.9094 2.471 9.0618 -5.7028 -1.8791 
-1.1599 5.4092 2.8713 -6.7258 6.9751 -8.6823 -1.2262 2.4235 2.9718 9.1837 
-2.7623 9.7374 1.9342 4.9168 6.2993 -1.9911 -3.2073 0.36477 4.6437 4.1863 
2.512 2.2435 -7.281 -1.3953 4.9427 5.7008 -4.4504 -0.2469 -1.4312 -3.4032 
8.7765 -2.6872 -5.0277 -6.8461 6.395 7.0816 -8.8516 1.1383 -5.085 5.5743 
-4.2619 -6.9852 -3.4234 -8.2998 3.7149 -3.0696 5.8697 8.2071 8.5662 9.8705 
-5.108 9.514 -8.9024 7.279 -8.4439 5.809 0.019577 -1.6281 -2.9125 0.25507 
8.4171 4.1253 4.4114 5.5427 -5.8778 7.8889 8.1206 8.3687 -7.7874 5.3026 
8.5243 5.3317 5.8285 -4.6597 5.6661 7.3329 4.5314 -6.3984 2.0456 -5.8404 
-3.8012 -6.4528 9.5648 -4.307 -2.7943 3.8085 3.8304 8.8158 1.1625 -1.8908 
-8.4705 -5.1896 -8.0163 2.1397 4.2265 -2.2703 -7.2374 -3.1033 -0.65246 8.4732 
5.6176 8.0898 3.9822 -9.0535 5.8376 -5.3397 -4.1352 4.426 -8.5669 6.5638 
-7.3851 4.676 -7.2837 6.711 -1.6846 5.2905 2.5494 7.3675 0.31784 -9.9745 
-0.77036 7.4935 -3.6878 9.3761 -9.9188 -4.9068 8.1393 -7.1281 -7.4688 -2.1401 
-1.1966 -4.6453 -1.7422 5.002 7.2196 -9.9797 -1.6733 -7.0244 -7.6287 6.1059 
2.1 7.0365 -9.4855 8.4847 9.648 -3.6172 -1.9149 -1.8129 0.37732 5.686 
-7.4596 6.5668 2.3807 -7.86 -0.95123 7.7495 6.6345 2.738 7.3915 -6.8995 
1.9809 7.591 0.017725 8.1835 6.5153 8.5344 -7.7567 -5.847 -3.8503 7.4886 
-7.3575 -8.925 -3.1043 6.3916 -1.5472 -0.7727 -2.7682 3.7295 -3.9968 -4.6956 
-7.6933 -4.9794 -9.8441 2.8722 -0.56049 2.1114 -2.0814 -5.5191 -4.771 -2.2267 
-1.1785 7.0754 3.7588 9.9767 -6.0768 -3.4828 0.66045 -4.2861 -8.1352 3.0359 
-4.578 9.0588 -2.9995 -5.7042 -4.4065 2.5152 9.9731 8.8951 -1.8573 9.1475 
8.8821 -7.3682 9.6415 9.8147 -5.3265 1.6712 1.6295 0.21098 1.7333 6.7644 
0.33286 -3.9824 6.331 -9.5494 -2.0233 -9.751 9.9668 8.1244 0.85875 -8.0163 
-1.0942 -8.9618 -1.2686 -2.0956 -9.182 -9.6398 1.581 5.002 1.0386 2.02 
-3.8282 0.92883 1.453 1.2605 -6.2939 1.4482 8.6472 -0.086959 -8.2448 -7.1006 
-0.60805 -1.2661 9.4266 1.2777 -6.857 -6.1055 -5.1697 -0.47629 -7.3838 -9.2315 
5.5889 -6.0646 8.7011 -0.61111 -8.4043 -1.4294 2.593 -8.457 9.8817 -3.6789 
-6.6237 -5.9073 0.76153 -1.1288 -4.4868 6.6085 -7.4389 9.4592 1.2752 3.6648 
-9.551 -8.197 8.3562 -5.9686 -8.4199 6.831 -5.0231 -2.386 -4.7405 -2.9883 
4.1746 -9.9096 5.224 -6.0765 4.3363 -0.49655 -4.8412 -4.5239 -6.6472 3.3406 
2.103 -6.2575 9.5737 7.0446 -6.6643 -4.3192 -6.8277 4.6421 1.5611 -4.994 
-1.7264 3.027 -1.6162 3.8228 1.7154 -0.63837 3.9893 7.897 -3.3281 7.8647 
8.2954 1.9145 -6.3056 -2.4229 6.9233 -9.213 8.2491 -4.0749 0.85838 8.9415 
-0.45638 8.8458 7.7461 -6.195 -5.1401 -9.617 -3.3054 6.4886 -3.6874 -2.554 
8.3244 2.8041 9.4724 -4.8875 -1.9254 -1.7886 -8.3266 8.7303 -2.6898 3.7112 
-0.061865 -1.0165 7.078 -4.0613 4.1707 6.1904 1.8648 -7.25 -3.0363 9.8257 
8.5511 -2.4635 -9.0374 7.9161 5.908 -4.3365 -7.8071 7.6692 -7.0029 -4.6044 
4.073 -9.8242 -5.9511 9.8192 -4.8207 -0.97984 0.28284 1.2545 8.2358 -7.5992 
3.8928 -5.6663 6.6104 -8.3201 2.5532 -4.3861 -8.594 4.2291 6.2611 3.7606 
-9.9081 -1.1362 -3.5327 -3.0592 1.9963 9.6166 6.4983 1.178 9.2053 0.63789 
0.80439 -3.2126 7.7652 -8.2302 7.4243 -3.9465 9.5993 -3.534 -1.3188 -5.3488 
-1.7406 -7.1972 -7.3589 2.6128 4.6375 6.3033 -2.6768 8.2271 -2.6368 -9.2323 
2.5626 -8.2318 9.077 -4.9632 -1.3265 -8.3688 0.57555 -2.1716 4.0698 5.0202 
0.87071 -9.9254 -5.3788 -1.4821 7.0505 7.9012 0.55228 -7.5312 4.945 6.8277 
-5.68 5.9533 -8.9204 0.18245 -1.8027 -4.9877 -5.4008 -0.12129 4.5858 2.8049 
1.0421 -4.1267 1.8755 -4.4307 6.2083 -4.9285 8.3683 -3.0631 -4.9003 0.99328 
7.255 4.227 8.113 0.76569 -7.6931 3.6963 -5.7078 -5.1639 -0.35774 -5.3053 
-9.9012 -1.1301 6.5766 6.0504 -3.4227 1.3798 -2.456 8.9765 1.7973 8.0016 
-7.4983 -4.0782 8.4923 -7.5546 3.0445 -5.7248 5.3211 9.697 -8.4707 -9.9593 
5.5014 -4.7588 -1.781 5.0094 5.5936 8.402 2.7137 -2.5575 1.7756 1.61 
-9.5923 -4.4952 1.2482 -0.40183 3.4715 -6.8726 6.0593 7.0632 2.1381 -3.9712 
-7.1473 -8.526 3.2346 9.9775 -4.1055 -3.0558 0.14003 9.5636 -1.4728 1.1166 
-3.5918 5.8438 -6.8358 -0.65974 -0.1145 6.7842 -8.6189 6.2697 0.74539 5.4153 
8.095 -3.9915 7.2509 0.82218 2.7757 -3.4317 -1.8815 -7.7261 -8.0526 9.6453 
2.2831 -8.9933 -1.8567 -8.2346 -1.0501 -0.43079 -3.8398 -5.2543 -9.7309 0.35135 
-9.682 -3.2782 6.0388 9.3979 2.4596 2.5275 7.8527 -2.8458 -8.4447 7.9219 
-3.7721 7.2473 -6.3362 2.4474 -4.3132 -2.5318 -2.0472 4.2403 -1.5602 6.814 
-6.1446 -6.9628 9.7544 -1.0046 -1.1473 4.9117 4.0087 0.10202 2.533 -3.5704 
-4.4906 -3.8091 7.199 8.2008 -2.2666 8.1259 -8.9653 9.8866 -7.6228 -9.7545 
-9.4658 0.61742 6.4767 8.1286 8.0544 9.6344 -8.3848 -3.7344 -7.2462 -2.5284 
6.6128 0.78646 -1.8879 -7.4703 7.7697 7.2821 -7.5765 4.55 -0.46343 -3.3502 
5.2856 5.89 -8.6274 -4.8577 -7.7697 8.0998 9.7618 6.1163 -7.9222 -7.1299 
4.4231 -8.7846 2.2143 2.0675 -9.4818 -8.6991 -1.445 8.8628 -7.0738 5.5379 
6.4543 6.8537 9.8196 -6.2372 3.3536 6.5352 3.8522 -2.3204 5.0036 8.6681 
5.2909 8.6208 -1.2672 -4.6857 -7.4208 -6.003 0.90726 5.8334 7.3934 -0.32799 
-7.5887 5.1852 -6.8283 -6.5237 -1.9577 8.3537 -5.2139 -3.5537 -6.8834 -9.5407 
-2.3134 -7.6329 7.7367 0.17021 3.6227 -1.0949 -7.7377 5.8571 7.2032 -3.1991 
-9.4415 -7.4807 -6.726 2.5317 0.26509 1.4869 5.9496 1.1377 -1.1201 6.5322 
-9.9739 -4.0 -9.9653 -1.7087 0.76107 -6.7499 5.8747 -3.2529 -3.5454 7.6917 
-9.86 -2.4662 7.2872 -8.1222 5.1577 -2.3512 -7.649 1.7083 -5.4287 -3.4634 
-6.6443 3.1244 9.4807 -3.0037 6.9326 3.5723 -4.2635 9.2389 -3.1336 -1.1802 
-6.9913 6.9337 4.4315 0.58263 8.1918 8.2923 0.99595 -2.4045 6.2168 6.8216 
0.30988 5.5702 4.4131 9.8481 -0.17361 -6.5997 -5.4913 -8.5222 -2.6586 -5.713 
-1.6223 3.9766 0.99883 -7.8878 7.3468 8.181 4.8064 2.039 0.64477 8.4458 
1.8763 -0.42542 2.0404 2.6109 -7.1935 2.5303 -8.8333 -7.1553 -1.2786 -7.791 
-4.4604 -2.1564 -7.8788 2.0807 -4.8052 -1.8235 2.1261 -3.4567 6.5676 2.6468 
1.8565 0.98375 3.7727 5.4921 3.8659 -6.9314 -1.5169 7.021 -2.0365 3.1108 
1.7028 1.9006 6.5111 -0.62379 9.8211 8.7932 3.6692 -5.2001 -1.86 0.7124 
-7.5682 -8.8076 5.7601 -7.0777 -9.2774 4.5076 7.5748 0.020024 6.3428 4.6185 
-8.4281 8.3842 -7.9947 -5.6556 -8.2023 4.4661 9.833 5.6635 4.6636 4.3025 
-9.3587 -0.34838 8.31 7.4287 -9.4827 6.8501 -7.5294 6.5051 -7.4745 -1.2427 
-6.6366 -8.5283 -2.7605 8.8464 3.7663 4.0211 2.6598 -6.5926 -5.6586 8.0182 
0.48342 -3.1439 -3.5066 -7.8575 2.0504 -8.6824 9.1895 5.4064 -8.4541 1.6086 
6.8274 0.81432 9.133 0.063602 -9.8564 -4.9828 6.3524 8.153 -5.9991 9.2772 
-3.8718 2.1018 -8.1836 -3.9038 -7.8866 -9.2944 7.766 4.8996 -4.8425 -7.6487 
-6.1768 5.5357 5.0765 5.5197 7.8115 -8.3267 -1.8786 2.1536 -1.0165 6.8082 
-8.6976 3.2296 -2.4859 4.5524 -4.3758 6.0396 -2.567 2.2948 4.4006 9.4782 
8.9202 3.1143 -8.2258 -4.6391 9.273 -8.818 0.7913 0.014326 -7.49 9.609 
-5.1047 1.5564 9.5896 5.3699 4.2636 2.7254 1.7452 -9.9552 -7.5105 9.9586 
2.5081 -4.2511 3.5435 6.8278 5.4211 5.0306 8.2573 5.3273 -9.6095 -6.6375 
-5.8665 5.5464 6.5769 -1.9453 -0.22907 4.6342 -3.6972 -1.4597 2.2846 -7.1831 
-5.1651 0.43288 9.2526 8.8075 9.547 -8.6154 -3.8732 -1.5037 -5.4077 -1.2348 
4.8683 -0.58791 2.6244 -9.6886 -5.7602 8.4526 2.1549 -5.0117 -5.6073 -6.9419 
-6.8799 -7.5279 -9.4302 2.2816 9.8561 -9.1233 5.2898 -8.5389 3.0987 1.7703 
6.4634 6.8371 -0.085118 -6.8249 5.2064 -0.28533 -5.6556 -1.6617 2.3337 7.0292 
-8.1203 -6.893 -6.3255 -2.3762 -0.37171 7.9172 -0.97013 4.6664 -3.5706 -1.1088 
9.596 5.3328 2.2874 -1.5046 2.6437 2.2473 7.0266 0.10357 -9.1461 4.1587 
3.0644 -9.0396 -2.4318 3.6235 5.8519 -2.8968 2.2349 -3.5984 -1.6962 -6.517 
-4.3177 5.2718 2.6602 -2.2751 2.994 -1.2721 -0.46988 -8.4548 4.3434 3.9099 
7.3447 -2.9898 6.9428 -4.9205 -6.1283 6.9836 -4.2115 1.0948 -3.6651 -7.7802 
-9.3972 -0.80238 5.0272 5.378 -0.90747 -8.3759 -6.3149 5.5159 3.6202 -9.685 
5.2188 -9.0293 -2.4904 -6.3572 -3.9206 -6.8158 -6.8915 -0.88402 4.0838 -8.716 
7.9235 -4.1339 3.7606 9.9704 -9.4066 7.8062 1.8788 4.9428 -7.7642 -9.1564 
2.3775 4.9069 -8.9466 -3.5751 -3.6793 3.2948 -9.4027 1.1612 -8.5467 4.252 
4.4149 8.5206 6.1012 -7.5869 8.8639 -5.2676 -0.1363 8.4068 3.1021 -5.3755 
-0.723 5.053 4.5034 5.5429 -5.1921 5.9788 -8.9355 -8.3426 3.9111 5.2793 
5.1777 -7.0957 -9.2872 9.2451 1.4646 4.7136 -6.1086 8.6939 4.0665 8.6661 
-9.8572 -3.0603 0.034514 -2.1521 8.2746 0.64183 1.6513 -4.9342 2.6256 -4.2187 
-6.1303 7.875 8.562 3.5122 -5.8986 -8.1559 -3.5537 9.6456 0.82281 4.0022 
-8.171 -7.1646 -5.0401 -4.0628 -7.2007 -8.2452 -9.6762 0.27312 -5.4754 6.1944 
-6.6413 7.0238 8.4225 -5.415 3.7814 0.12776 -5.6102 -3.6509 4.7903 -3.4618 
8.845 -0.44931 -6.9612 6.8135 -9.6102 -7.7806 1.7098 1.8416 4.257 8.2218 
6.9886 8.52 -5.403 -2.2031 3.7791 7.0722 0.99981 4.7812 6.2507 -5.8924 
-7.2543 0.82819 6.7179 2.4476 7.6355 4.6186 5.5463 -6.227 -8.8516 -9.7507 
3.2145 0.56201 5.6486 6.3007 -6.3906 9.0945 7.9547 -2.2788 8.4386 -1.3661 
-9.2302 6.8415 3.9981 9.1404 -6.6399 0.77313 -0.37836 2.1802 -8.713 -0.5746 
-7.0367 -6.4071 6.9577 -0.08663 4.1186 7.8368 9.1465 -8.8729 -9.9665 9.447 
-6.3047 -4.4766 -7.4072 6.8753 -1.1226 7.4678 4.8293 -8.9124 5.05 1.6625 
2.9072 -6.8738 -6.7706 0.88447 9.91 1.2926 3.2663 5.3813 1.1927 -5.6071 
7.1311 5.6822 -5.9663 2.038 -2.1272 -1.0651 6.2716 6.9994 -6.1682 -5.2366 
7.0675 2.2717 0.64293 -1.1275 6.8421 -2.2715 -3.1258 0.12302 9.8838 9.1005 
-0.11924 2.6211 7.5497 3.6386 -1.0844 9.5282 -1.9304 -8.4444 -4.0509 -0.17332 
5.6175 4.6261 1.7571 3.4566 -9.1969 -0.044783 -3.0863 6.9576 9.7012 -3.1817 
-4.5069 -7.6328 -3.4829 8.378 -4.3209 -0.22971 1.0342 2.4441 9.2354 7.097 
9.3476 9.4795 3.7144 2.26 -0.62245 6.9766 -7.7842 0.92823 2.5451 4.6219 
9.8106 -7.5107 -8.4903 -5.3447 -1.609 2.5811 6.4957 -2.7623 4.1192 -6.0885 
-8.311 8.0343 -4.2563 -7.1319 -5.8909 9.7398 -6.6188 -8.9603 0.53632 8.0785 
-3.4041 -8.4159 1.8549 -6.5369 6.587 -7.218 -8.2463 0.64132 -8.1255 9.0015 
-4.634 7.4822 -6.5362 5.0599 6.3082 -9.8564 1.2179 5.9119 -6.7081 -3.0885 
-5.6815 2.0972 -5.7803 -8.4909 -1.9371 2.8615 -0.37059 -9.52 -4.7433 -6.1322 
5.3404 6.951 7.8299 -8.5205 -5.8275 -6.1175 -8.1996 -5.7871 -5.3691 -5.2546 
-2.6989 4.3036 7.5593 -4.9006 -7.5879 -2.2183 7.9178 6.9181 -4.0727 -5.6056 
-6.9197 9.1977 -6.2888 -6.9174 -0.85374 8.4371 -7.4261 7.4817 9.5694 7.4079 
-6.6996 -6.1275 -3.965 -6.1911 9.0713 -4.2526 -0.3312 -7.072 6.1308 -9.2866 
7.8673 -8.4971 -3.014 2.941 5.0577 5.3885 -6.2994 -5.6858 3.8771 2.5549 
8.9158 -8.3174 -6.46 5.7647 9.7992 -2.527 3.779 -0.13973 -0.67009 -1.0089 
0.34935 9.2212 -6.4019 -9.8352 -9.7188 -7.7198 4.8146 -2.7754 -0.5527 5.5936 
-9.6325 9.3048 5.6289 9.673 0.56961 -6.5217 3.6496 -6.4761 6.6183 -0.26755 
-1.6139 8.6456 3.5244 -9.8429 -0.5042 -4.2526 -1.123 -9.4288 9.4813 9.3297 
-7.5583 3.7381 0.79104 6.2304 9.0029 -4.3236 -1.792 -4.9603 -3.0478 -9.4599 
9.037 -7.2341 2.4262 -7.825 2.7383 8.8086 7.8767 -1.2205 0.46142 8.6168 
-4.5964 2.955 -4.7548 8.399 8.1785 0.16473 1.0472 4.0881 4.7853 -9.3167 
7.8731 -1.8501 -3.7564 -9.4157 -2.7275 9.663 1.7636 -7.114 -9.0968 4.0022 
7.9038 4.0701 7.0742 2.1462 9.7876 -5.3103 -0.16147 -7.5308 -1.425 2.4599 
5.5106 -5.5058 -8.8182 4.4316 2.129 8.667 -3.139 5.9373 -3.6465 -0.20664 
8.1764 9.912 -3.2727 -8.4385 -6.6804 -4.4946 4.7311 2.0939 -0.11479 -8.425 
-9.6664 -7.9723 8.8498 4.4877 -7.8674 4.3177 7.0292 -9.848 -2.9283 -6.5684 
9.1858 6.3622 -7.3952 8.3295 9.8448 3.6349 -8.0786 -2.9411 5.2837 5.5059 
-8.4949 3.7168 5.1287 3.9564 -4.7559 -7.1312 2.4561 -1.3627 -2.6875 -6.9886 
-4.2973 -2.0966 -8.668 7.7428 6.4765 2.8596 5.3454 8.8165 6.6031 9.9693 
-0.23766 7.828 8.9602 2.0466 -5.1695 -6.3459 -0.235 -4.054 7.9769 -8.3847 
9.4114 -2.3547 3.0734 9.5375 6.3097 -2.6692 -1.0008 -6.2322 -1.3447 7.6498 
1.3623 -1.0803 -7.9351 6.1709 2.3386 -4.6956 -5.0786 4.9605 -0.36445 -0.78648 
-4.5206 7.4477 -1.9946 9.3548 -3.7914 -5.135 7.1948 -7.6275 2.2348 0.32965 
-7.4183 7.7006 1.4042 -1.1844 -9.5953 9.9329 -7.4362 -4.0919 5.8843 -1.1294 
-6.8962 -5.8442 2.6398 4.0005 2.621 8.3538 9.9809 -1.9336 6.7217 9.1325 
-4.6238 5.9169 -4.6046 2.1836 9.6015 5.3438 0.38595 -4.0647 8.4991 2.392 
-1.3222 3.8286 4.8019 -2.1354 2.8678 2.9514 3.6987 8.5962 9.0803 -3.286 
-2.0819 2.4035 -2.525 -7.3401 6.2753 9.8352 1.5031 6.6412 -3.0911 -1.0828 
-1.4951 -1.9057 5.4595 2.9853 3.1686 -8.1054 -3.7668 0.075148 0.834 4.905 
2.2878 -7.0788 4.8547 1.1576 2.6665 -6.7067 -1.3278 -3.5732 -7.9831 1.0769 
-1.0639 -9.07 8.8795 -4.0815 1.6982 5.5973 -9.4443 -4.5546 -1.247 4.8759 
-9.7595 -5.0863 -8.0439 -9.0174 -9.143 -2.6495 5.7413 -4.318 8.0339 2.6149 
-9.3146 -6.5404 -3.613 4.156 1.2603 -8.5692 -4.4455 9.7761 -0.47449 -6.7113 
-2.0246 -4.7972 -9.9878 -7.4602 -8.4955 -2.0765 -2.5013 2.9716 6.8232 2.0179 
9.589 9.1335 -0.041397 7.9751 0.24883 -9.1628 -4.5102 5.3871 8.6862 -2.1563 
0.85538 2.1785 9.3674 -8.8889 2.6515 7.0465 6.7957 8.0578 1.5496 1.857 
8.2477 2.1712 -9.5192 -4.7196 9.6236 -3.9201 -8.9596 -0.16012 -7.7612 -7.1713 
-3.5168 -4.9884 -0.0013964 -8.4422 -7.2668 1.8959 1.4779 -6.5062 5.1336 -1.8032 
-4.1897 5.7 -1.6751 8.6352 1.0168 -4.2042 -1.1776 -3.1187 5.9805 4.5154 
7.5795 -9.7743 6.5436 -9.8534 -6.3505 -3.8112 -0.59409 -4.1003 -0.030522 2.1766 
5.5829 -7.5305 4.3743 -7.4572 -8.9048 1.2892 -7.3372 4.8394 -4.8359 1.265 
-2.1118 2.8719 -9.1605 9.9829 5.5116 -5.5817 -5.3056 2.1193 -4.014 -9.8373 
7.6465 8.0298 5.2914 -3.5417 4.5403 3.3616 -6.9326 -4.2649 -5.0619 -7.197 
-1.4866 -2.2947 -6.3395 -9.5718 4.107 2.1025 -1.9405 1.076 -1.3716 4.1562 
-0.67244 5.3463 1.9212 -6.3402 -4.9629 5.8618 6.9653 6.7195 5.5137 -4.8605 
-1.5014 7.7626 1.9906 -5.5156 0.031809 -9.0569 -8.669 0.97885 1.9751 4.4645 
-0.8958 -8.4807 6.9464 9.1154 -1.8366 -7.5755 -0.76702 9.3006 0.25529 1.1884 
3.9085 -2.9477 7.1876 -7.3613 7.1163 1.9848 -9.3821 5.5268 -3.2809 -3.293 
-8.0884 9.2799 -6.9371 -3.0052 4.5448 1.3219 -8.1673 -6.1152 -4.8778 -1.9415 
4.6692 1.2147 4.7097 8.4134 -3.0349 -2.8306 -7.6984 2.619 -7.0492 6.2797 
-7.3996 6.9911 7.2724 -2.086 2.3852 5.308 -3.4361 2.9624 9.0559 -2.9108 
-0.069426 7.0356 8.9879 7.558 -3.9503 1.6881 -5.3436 -4.5011 -6.3752 -0.93955 
-4.8068 4.4775 -2.3353 1.9999 2.8396 -5.6878 6.5824 3.6597 -5.752 4.1393 
1.8333 8.9187 -8.1306 0.47593 -3.028 9.9114 6.1018 -3.0744 3.3273 9.3401 
-5.4476 3.9337 -6.0207 -8.1512 -8.3584 -3.5146 9.7722 7.5954 5.403 5.8235 
9.1024 -8.6558 -2.7825 9.1264 0.62906 2.401 2.1364 9.8778 -4.9055 -0.99275 
-8.7398 -4.1989 8.4828 0.75381 2.9278 4.6894 6.0119 -8.5759 6.7955 7.0457 
-6.3351 -6.0563 -1.2185 6.2207 -2.5798 2.7398 4.6351 9.8285 9.9182 -2.6909 
2.4848 -6.8524 -2.4577 0.84188 1.9317 3.0728 5.4154 -3.9382 -1.916 9.9805 
-4.1719 -4.0777 -0.50397 3.9933 -1.2547 1.7893 0.54083 -6.6335 8.5369 -8.3243 
-7.2563 -4.8504 -8.3072 9.7255 -6.3327 -3.4965 -1.7298 -8.4007 -9.4641 -1.7659 
-6.2213 -5.673 -0.44209 -8.1974 -2.8437 -8.9798 3.1645 -5.8279 8.7858 -2.6309 
9.1323 0.52052 5.4257 8.9876 8.5173 7.4768 -5.3572 1.8759 4.515 -2.3469 
-4.0677 -3.5822 -7.0039 -9.0268 -7.1631 3.5253 6.873 8.821 9.9617 1.3913 
-5.2559 -4.3064 -3.9289 8.9929 9.805 8.9941 -6.2097 -9.0226 -1.3274 5.8652 
3.2032 -8.4702 9.6978 -6.1378 -6.11 -7.3567 5.9372 -6.7194 -0.71343 -9.5387 
-9.9141 7.7018 -2.0769 -5.9673 -2.1284 -6.8112 0.85192 -2.7792 -0.033309 -3.2526 
-8.4366 -7.2481 3.2741 -3.2363 -2.1178 -2.7077 8.8473 -4.6088 -3.0783 9.217 
-3.8083 3.325 5.4377 -9.5364 -8.8011 9.862 2.4826 2.8089 1.3844 -0.14824 
-5.5206 -9.9746 2.2762 -2.7117 -4.9942 -6.1565 6.0355 -8.4489 -3.3476 -9.716 
3.9058 7.8005 -6.441 -0.23076 0.11696 -1.6003 9.508 3.1057 6.4802 -2.1437 
4.0046 -0.033448 -9.6098 -6.4687 -8.2827 5.4897 -7.5198 2.1137 0.50215 -2.8271 
7.0363 8.7475 -6.0449 6.6186 6.4239 -1.4484 8.655 -1.6383 8.1322 -0.015544 
1.1812 -9.6609 0.98718 -9.5012 -0.76281 3.4197 -7.3041 -0.34875 -2.8912 4.554 
1.4066 3.9454 -3.7904 3.3467 2.9596 9.5781 -9.8443 -3.391 -8.3923 -1.5696 
0.61841 5.5664 -5.9638 4.5549 -5.9512 -7.7838 -5.7959 1.823 -7.0923 8.7375 
7.1777 3.0498 -0.011031 -8.8493 7.5591 7.0242 7.7782 9.6995 7.5249 3.2316 
-1.0731 1.0317 2.1832 2.1431 6.6248 -9.2748 3.9763 -0.23991 -0.19496 -7.9675 
-2.3324 0.34796 6.1556 -9.8233 -7.8917 -3.329 5.0326 -7.1232 8.0028 7.759 
1.9072 -1.9007 2.3085 3.0215 -6.6517 3.852 -5.6884 -4.308 -6.2524 6.0955 
-3.8992 0.8123 -1.8876 -1.1714 -5.599 -8.1212 6.3697 6.4886 0.15735 3.82 
-7.9778 -4.527 -0.57755 2.2096 9.5516 7.6572 7.855 7.1576 -8.5994 7.5842 
-2.5612 -6.8954 -9.8539 -6.9408 4.6765 -0.58098 -9.9019 -4.3445 -5.2384 4.4463 
-5.5569 7.6493 -1.2679 -7.083 -4.6044 4.4531 -7.6083 -1.1152 -1.4628 1.1723 
2.8645 -6.2406 -6.7927 9.5173 -2.1684 3.6403 -2.8128 -1.3357 -6.2216 -8.5211 
5.5331 -1.2839 -0.61607 4.5961 2.1683 -9.3742 7.8336 -5.8262 4.3555 3.1233 
-1.3993 -2.7389 6.3288 -9.5879 1.8209 -9.8683 3.7873 8.4235 -7.3567 -9.5882 
2.4212 7.6205 0.94189 -3.5558 -5.1393 -3.8169 -6.158 -7.4054 -4.717 -8.6592 
-4.4185 6.0249 -9.1728 -2.6035 -4.13 8.9083 -4.4151 0.68147 -1.1726 8.2857 
-0.43904 -9.8809 -4.4041 -5.9395 6.3495 8.8055 7.3131 2.0146 -3.2428 6.3952 
-3.7052 1.7909 -8.9452 -0.16669 8.792 2.8505 -3.61 -3.4706 -0.1683 -2.4831 
6.5434 -1.8644 -2.9683 -6.9823 -8.5009 1.0675 5.1504 5.2037 2.535 -4.6701 
4.8632 -9.3811 -7.1928 6.8887 -4.8322 3.2737 -5.9931 0.99721 9.2893 0.93944 
-7.1138 -1.3523 -2.8033 0.59679 -9.1106 8.311 8.0635 3.1974 0.10628 -5.3107 
-8.6347 -1.7358 -5.957 1.943 -0.84458 -8.6832 -3.2166 -3.4538 -4.241 9.3998 
0.64273 7.709 -4.1748 -3.7284 -3.9489 -2.0311 2.3533 1.1925 -2.4104 0.88297 
4.8791 -5.465 4.994 -3.1472 -2.2 -6.7061 9.0008 -6.3073 -2.2147 -0.35634 
6.7147 9.4936 5.7997 -0.81844 -3.9804 2.2519 -1.5245 3.9385 8.8892 -9.5215 
4.4133 0.19697 9.883 -8.6766 -9.5274 8.06 -8.2811 -5.8767 -1.9669 3.3862 
7.7525 6.4304 7.538 -4.1043 -8.0116 3.7805 -4.9411 -4.0881 -2.6879 9.6995 
-6.7429 -5.9273 -5.8658 3.7855 1.5322 -0.99247 5.0688 3.3381 1.0441 6.5358 
-5.9752 -6.1614 -5.7942 -7.0769 -1.8391 -3.6093 6.0325 -5.6872 4.5969 5.7467 
7.6392 7.7964 8.8525 9.572 -5.3829 -2.918 -0.19536 9.8963 -8.7019 -7.4212 
-0.76082 4.6501 3.3381 9.8039 -2.4307 -6.152 -3.5214 6.452 3.5793 9.9399 
-6.259 5.0452 -8.2038 -7.0725 2.7922 -6.3553 -0.020478 8.7371 -6.3135 -1.7131 
4.4976 -1.922 -0.21948 -1.5607 -6.8505 -5.7977 -1.8981 -5.3391 -3.7863 9.1939 
7.6711 4.4357 -6.9108 3.8269 -5.6285 -2.2181 1.0052 2.0445 5.1719 -6.1831 
5.9602 -1.6633 7.5106 2.0456 -4.0882 9.1425 -5.9573 7.5631 -8.6929 4.9509 
6.8594 9.7318 7.6965 8.1132 3.658 -5.3392 2.0987 -5.2636 7.1368 8.806 
0.76093 0.78106 3.1854 -6.7147 6.3035 -0.091135 -9.2131 -7.1407 -1.7489 -3.5576 
-5.8082 -1.5259 -9.46 -3.0833 -4.0713 -6.8793 1.289 3.9648 7.8711 -9.9786 
0.60891 -8.5804 9.1609 -0.50132 -6.7773 -1.6107 8.8859 6.8238 -6.8631 4.8038 
6.866 6.914 2.9191 -3.0252 6.5459 7.1161 -1.1496 -2.7743 -5.0069 -1.2978 
-5.6932 3.1494 -8.1999 1.5411 -0.58771 -9.9117 5.2653 -8.9972 4.6596 4.7249 
4.3345 -2.6539 -4.36 1.217 5.2564 -8.0432 -1.4386 -2.5266 2.7533 1.3848 
7.2534 3.9942 5.3391 9.2281 7.6802 8.6623 1.6477 -8.3822 8.3182 -9.5699 
-0.57471 -4.5285 -6.0819 -0.3149 1.9506 -4.1731 -8.2905 -2.6387 -4.5012 -8.9868 
-0.78992 -7.101 -9.5014 -0.50555 6.0574 9.5201 -6.6536 3.1314 -4.0693 -7.4424 
8.8506 -3.905 -7.3652 1.1777 6.6504 -0.63259 1.0364 -3.6299 1.3303 1.0522 
2.5669 -7.7617 -3.0199 3.9878 6.0794 8.4096 -7.742 2.905 -3.8654 -3.7238 
6.1277 9.6641 3.7907 8.0015 3.5177 7.6284 5.1036 4.0085 -0.44207 2.5551 
-1.9692 6.2163 -8.0879 -4.3551 0.90275 -1.5904 7.9361 8.3256 8.3997 6.5942 
-3.5721 -0.64469 -0.015609 4.0594 -0.40659 5.2507 -6.4408 0.92733 -7.4875 5.1379 
-2.4239 -2.3918 -7.3605 2.4535 -3.7449 -1.5404 -0.94099 -1.818 8.1987 -4.787 
4.3794 3.8491 2.537 -4.2655 -0.29586 -6.0471 0.99159 -4.7414 -1.7421 7.3508 
-6.1387 -7.9045 0.8772 8.1709 -1.3088 7.7467 -7.1231 -7.0746 8.1155 4.9497 
-0.20026 -9.4321 2.0759 5.6985 1.3127 -2.9009 8.1785 9.9743 -6.4837 7.9251 
-7.5846 -6.0174 6.0908 8.7302 -4.834 8.1588 7.1607 -6.3524 -6.8352 6.5938 
-7.2016 -4.7299 0.44789 7.835 -7.8222 -0.24523 -4.2567 9.3701 6.5471 -4.9364 
8.9439 9.7477 -7.9791 -3.2816 9.2749 -9.5215 -4.7909 7.8286 -0.48901 1.764 
2.6189 -5.8672 3.5681 2.382 -8.6154 -2.6472 -3.4415 0.74284 0.60223 -2.3649 
-1.2269 -8.9296 6.3709 -0.68939 9.9519 3.1778 4.8788 8.3705 4.9572 1.4023 
4.1552 -8.2771 -2.4796 -7.5732 8.7518 -2.3267 -7.025 0.86992 0.39711 -2.0006 
0.59293 -2.8383 -9.9986 8.7236 0.901 -6.1236 4.2198 9.5506 6.9323 1.2437 
3.0485 6.692 -9.6743 0.57337 7.0552 0.21872 -8.4663 3.3335 -9.2757 0.20564 
5.5637 -9.4194 -4.8094 8.2424 2.0396 7.2941 7.0804 3.3694 -7.6656 -9.003 
2.3604 -7.3438 8.8553 -5.2325 -1.3744 -0.98123 1.7962 -2.5452 0.13546 -4.229 
0.041747 -6.2728 -1.9829 -3.5395 -8.8379 -2.3898 4.2953 8.0293 -2.6251 -7.5258 
-0.29255 9.0102 -7.0011 2.8418 -3.7716 3.2466 -7.6073 -3.9435 -6.6256 -4.5354 
-7.797 9.9378 -3.9007 -2.1993 -9.9126 -0.2778 3.0065 -3.2877 5.8132 6.5567 
8.331 9.0107 -6.6862 -8.9447 5.0551 1.2274 6.3485 3.02 -7.6014 8.0272 
-1.3476 9.1882 -2.5171 5.7782 9.0776 -8.6688 -8.6104 -2.406 -0.36113 0.63822 
-1.46 -5.4649 3.2846 3.3557 9.3866 8.8318 1.6421 -5.4715 -8.0864 -4.6839 
-9.4143 -4.7905 4.6332 2.3434 6.4358 0.40004 -5.1387 7.3342 1.8546 0.39009 
0.20853 -2.3266 -7.3006 -8.3714 -8.3409 5.3147 -2.4453 2.2712 -2.7507 8.8787 
9.2741 7.5124 -5.0314 -4.6632 -2.8349 -6.9874 8.0842 -6.7976 8.1212 -3.2525 
-4.493 9.182 9.5276 2.0299 -4.7356 4.785 0.64506 4.4883 2.2843 7.5718 
4.8682 2.6134 4.0769 9.0819 -6.955 -5.3419 8.7449 2.3045 -9.7351 4.1429 
-7.6639 -4.4276 -1.4482 -5.3013 3.4603 -0.28954 5.2711 3.3988 1.2834 8.8272 
5.3866 -8.1397 -7.1238 -6.4441 -9.145 -6.4536 3.3888 3.8439 -3.3298 8.2997 
5.3144 -5.9544 -0.82921 -2.0248 -9.2387 5.4807 8.5222 6.0985 5.3338 9.3584 
0.81533 4.8715 2.0051 -1.4917 -8.4697 -4.9127 -3.6602 6.8687 1.8801 -6.7552 
-6.6136 3.6339 5.0828 2.029 -5.6517 -1.9579 7.4996 7.8383 2.415 6.7468 
8.6024 0.58861 -6.2752 -8.1691 3.7472 -5.7678 -4.5675 -8.2227 -9.9679 9.2233 
-5.8358 6.7489 6.4595 9.0467 7.2448 -5.0332 -0.96417 9.5759 3.7795 4.9197 
-9.6048 -0.67405 -5.4231 -6.2488 -6.2198 -9.4661 0.97198 -9.3523 -6.9736 8.5122 
2.0322 -3.5525 8.1185 9.4561 9.2127 -9.1593 -8.5197 6.2089 -7.3553 -9.9699 
2.1474 1.7451 9.0705 -2.7855 -9.4692 -8.0184 -3.9486 -3.023 -5.9496 5.5114 
-0.6229 2.7909 0.030355 9.5449 -9.9498 -1.8698 -7.2443 -3.7079 4.25 3.9276 
1.9263 -9.6503 -3.3576 -7.1831 3.8348 -7.9261 -7.0292 0.39798 -0.90013 -8.0925 
4.4692 -9.2652 -6.1096 -4.9428 -1.7104 -0.30974 9.9783 2.1512 0.24406 1.4645 
-1.8378 -8.8973 -8.4177 -6.3306 4.7356 -2.6786 2.1328 0.040763 -3.5568 9.4123 
1.9523 -8.7203 -6.7272 -1.7695 -3.0537 -5.0191 -8.8171 -1.8317 7.5648 6.0016 
-1.4858 -8.5725 2.6572 -0.23055 -1.7401 -5.1113 9.0384 -9.3173 2.4763 -6.9158 
-7.5632 9.2955 5.1676 5.8726 2.14 6.8493 0.60144 1.9885 2.4716 7.1177 
-3.0009 -8.3369 -0.27857 1.5031 -5.6813 -9.7464 8.4057 1.7538 8.7446 7.8143 
0.93491 -0.89471 -4.6517 -0.48585 3.4469 9.8304 7.5696 5.8686 -2.5232 -0.69888 
-7.458 9.1239 2.4304 0.7612 8.1423 -8.0235 -0.79574 1.2492 8.4582 -9.4063 
-8.3701 0.17272 6.7996 -9.1965 9.4458 9.6282 -1.9582 0.35574 -6.3388 9.7694 
-4.2109 -5.7938 -6.0356 -0.76905 9.9041 1.2888 -0.21747 -0.14354 4.4026 -9.995 
3.5363 9.9691 5.7397 4.3491 -7.4347 8.7803 -9.531 0.40876 9.2865 7.9114 
-0.85916 9.3982 0.76782 1.9475 9.7932 -6.9414 -9.9607 3.1963 -4.2101 -5.4066 
-0.015698 3.463 0.18069 9.4209 5.8478 0.4771 -1.4473 -4.1539 -5.3963 3.8005 
-8.8304 -8.4699 1.1393 3.2512 2.0116 1.5476 3.03 8.9754 5.7869 2.3234 
-8.5279 -5.7661 -3.6194 -6.9672 -0.22777 -9.796 -7.5536 0.83633 4.6735 -2.5679 
-3.2425 -9.0848 -1.7741 -7.4061 3.887 2.8292 7.874 -1.3102 -7.0416 -9.5625 
-3.2786 0.11421 8.089 8.2045 -8.8534 8.0146 3.1902 -0.21795 -2.3101 9.8076 
9.6992 9.0032 7.3267 8.3964 3.3925 1.2626 -1.1724 2.4568 6.495 -8.3479 
5.0333 1.5512 8.4507 -7.2261 9.8442 0.82353 1.2558 0.007322 4.5142 5.5043 
2.9306 -1.2111 1.2747 -9.0135 -3.4655 7.6778 0.1312 -3.1902 3.4237 6.0043 
