0.85197
0.91302
-0.305
-0.89912
0.57329
-1.1426
-0.58551
1.0416
0.8431
-1.0785
0.14055
0.22477
0.73079
-0.93626
-0.48395
-0.43849
-0.56256
-0.65753
-0.30171
-0.78557
0.16594
0.76129
0.88926
0.52911
-0.11101
0.84399
-0.15333
1.0723
0.91904
0.99806
0.32974
1.0278
-0.88136
0.9948
0.16543
-0.81576
0.3541
0.27373
-0.62397
0.57979
0.27939
0.65741
-0.64237
0.96884
0.98455
0.70912
-0.15573
0.40025
0.08793
-0.80401
-0.81335
-0.17073
0.63006
-0.12713
-0.25316
-0.87772
-1.091
0.20693
-0.48397
0.592
-0.89199
-0.8429
0.88048
-0.53636
0.85811
1.0741
0.85637
0.91936
-0.54163
0.93462
-0.85311
0.2802
0.86431
-0.90803
1.0363
0.91337
-0.31152
-0.28868
-0.80515
-0.91204
0.94165
-0.90932
0.97731
0.96648
0.35386
-0.82599
-0.091928
-0.50981
0.47488
0.95532
1.1304
0.33665
-0.70312
-1.0041
0.80613
-0.97004
-0.020986
-0.32667
-0.79797
-0.92709
-0.92828
0.1225
0.30885
0.85453
0.1683
-0.64734
0.69599
0.95728
-1.0361
-0.82836
0.30895
0.039728
0.33714
-1.2186
-0.79261
0.25016
-0.89985
-0.66452
-0.57245
-0.39463
0.35012
0.6656
0.21063
0.6213
-0.95269
-0.75477
0.30859
0.85372
-0.12605
0.99597
-0.32707
0.93149
0.32606
0.15651
-0.96037
-0.070091
-0.85279
1.0025
-0.69972
-0.93676
0.17527
-0.80152
0.76588
0.14864
0.97649
0.73046
0.21311
0.88447
0.98952
0.99584
0.22237
0.97449
0.072983
0.4953
0.35574
-0.80243
-1.0284
0.014676
0.73542
-0.80788
-1.019
-0.073971
0.37769
0.83164
-0.52383
0.96971
-0.77723
-0.96326
0.29939
-1.1297
-0.32375
-1.0245
-0.69978
-0.74082
-0.92396
-0.87016
-0.73057
0.40412
-0.58145
-1.0334
-1.0861
-0.70516
0.95172
-0.65005
-0.45219
0.78256
0.50691
0.38679
0.86462
-1.016
-0.39091
-0.091512
0.77725
1.1284
-1.0457
-0.27275
0.99399
-0.57575
-0.54251
-0.51849
0.11438
-1.0079
0.26446
0.56156
0.3394
0.74057
-0.84743
0.86572
-0.94019
0.42968
-0.82829
1.0828
0.45852
-0.70522
0.57989
0.84979
-0.31092
0.081033
0.98669
-0.97212
0.24145
0.94556
-0.94493
-0.88543
-0.17221
0.3806
-0.35553
0.53525
0.96476
-0.95528
0.52785
0.066752
-0.95365
0.29515
0.64663
0.94243
-0.42092
-0.51472
0.86788
1.0131
0.89059
-0.91928
-1.1041
-0.77754
0.74839
-0.9959
0.32606
-0.90514
-0.63549
-0.20302
-0.75706
0.99758
-0.93033
-1.0021
1.058
0.81914
-0.92536
-0.83396
-0.09452
-0.78074
0.94275
-0.56841
-0.85789
-0.85936
0.38413
0.64017
0.68733
0.04999
-0.85958
0.96784
-0.25249
-0.83178
0.93632
0.86982
0.57308
0.63915
-0.54507
-0.73221
0.27009
1.1967
-0.8316
-0.96404
-0.33196
-0.10858
0.33029
-0.9853
0.17588
-0.64666
0.4385
-0.41037
-0.90589
0.27833
0.8639
0.46975
-0.75296
0.79864
-0.63912
0.90518
0.8062
-0.98477
0.4212
0.76795
0.91326
1.0046
0.79857
0.14396
0.75059
-0.74209
0.90229
-0.0069461
0.55669
-0.88156
0.029601
0.17229
0.028165
0.42592
-1.0141
0.81238
-0.30912
0.82595
0.87546
0.88318
0.81073
-0.62291
0.047784
0.69652
0.049093
-0.97998
-0.1443
-0.35833
0.17081
0.4268
0.40257
-0.83549
0.61784
0.7966
-0.8696
0.92753
0.03956
-0.69935
-0.91617
1.2131
-0.91635
0.30613
-0.97157
0.048812
0.080924
-0.90899
-0.85008
0.12414
-0.28127
-1.0621
-0.69061
1.066
0.62427
0.82503
0.97725
0.405
1.0914
-0.88977
0.21072
-0.32603
0.31485
-0.11522
-0.6285
-0.97376
0.88189
-0.49136
-0.86504
0.1987
-1.0755
-0.47207
0.92873
-0.8905
-0.59686
-0.13345
1.0146
1.029
0.068308
-0.035301
0.027318
-0.10212
0.48997
-0.61059
0.8705
-0.70189
-0.75433
-0.49236
-0.85141
-1.1916
-0.86758
0.66899
0.22328
1.0659
-0.4341
1.0016
-0.6567
0.99908
-0.56232
-0.017643
0.31311
0.70453
0.47872
-0.099318
0.68151
0.20061
0.86914
-1.1371
0.76056
0.26124
0.76797
0.84849
-0.11565
-1.1052
0.89175
0.69926
1.0388
-0.65651
-1.136
0.72484
0.9448
-0.22686
-0.93906
-0.38422
-0.82198
0.49696
0.18474
-0.43753
-0.91906
0.80093
0.71037
0.2698
0.81144
-0.53206
0.61269
-0.86343
-0.97481
-0.94022
-1.0262
1.0475
0.45307
0.0020983
-0.85807
0.52633
0.83208
0.54324
1.0692
0.43553
1.1638
-0.78309
0.51651
0.98195
0.40043
-0.64088
0.92792
0.75284
0.28034
0.14971
-0.74077
-0.74734
0.42468
-0.41316
0.49807
0.46852
-1.0208
-0.185
0.88258
-0.27564
-0.75711
-0.401
0.97988
0.80997
-0.0099091
-0.41674
-0.33841
-0.84115
-0.69178
-0.52317
-0.44246
0.80188
-0.95669
0.98206
0.31938
0.07185
0.071856
-0.66352
1.0308
-1.0326
0.60844
0.90159
-0.99257
-0.36967
-0.027196
-0.65574
0.24147
-0.55518
-0.15795
-1.1114
-0.8696
0.066475
-0.12108
-0.12571
-0.74165
0.96903
1.0407
0.3492
-0.83158
-0.70853
-0.39592
0.33539
-0.79283
1.0856
-0.0082019
-0.14885
0.49644
-0.36126
0.69369
0.10065
-0.39321
-0.98144
0.48261
-0.45842
1.0055
-0.85736
-0.57087
0.84191
-0.75034
-0.4932
0.24472
0.35348
0.187
-0.96714
-0.4173
0.75707
1.0314
0.58988
0.94468
0.68887
-1.0383
0.72804
-1.1011
0.10262
-0.30467
-0.85762
-0.48448
1.0671
-0.40831
-0.18398
-0.27145
1.0855
0.27817
0.14566
0.34026
0.85465
-0.54669
-0.83935
0.012598
0.29517
-0.99924
0.72918
0.72946
-0.68717
0.81974
-0.64671
-0.49282
-0.01993
1.0177
-0.98239
0.21824
0.8349
0.99157
-0.75187
-0.57241
-0.83386
0.193
0.70622
0.72563
0.48072
-0.79876
-0.17288
-0.77475
-0.59909
0.25212
1.0806
0.2855
0.57124
-0.011852
0.28525
-0.73967
-0.9345
0.35302
-1.244
-0.23744
-0.72345
-1.0524
-1.0553
-0.59944
-0.58865
-1.0006
0.99132
0.71833
0.4445
0.93951
0.059035
-0.31123
0.71697
0.65071
0.58365
-1.1209
-0.11106
-0.64796
0.41492
0.94132
-0.48645
-0.911
1.0245
-1.0978
0.892
-0.80463
-0.18346
0.43828
0.76965
0.52639
-0.22692
-0.62631
-0.33613
-0.96983
0.87037
0.28924
0.70096
-1.0599
-1.0285
1.0151
0.84917
-0.60883
0.2285
-1.0467
0.40508
-1.1153
-0.69008
0.79918
-0.42519
-0.55839
-0.18963
0.9852
-0.65761
-0.49217
0.97732
0.8207
0.84861
0.11007
-0.96828
0.1684
-0.79939
-0.71083
0.078232
0.49636
-1.1496
-0.11111
-0.74997
0.38909
0.070259
-0.99708
-0.97096
0.35741
-0.67371
-0.8808
0.67486
0.68277
0.39901
0.94554
1.0424
0.91008
0.78893
-0.1265
0.96906
-0.99776
-0.2697
-0.97722
-0.50802
-0.86599
0.75987
0.88794
0.30774
-0.82852
-0.82452
-0.70618
0.65878
-0.39533
0.04564
-0.94366
0.49399
-0.75656
0.82217
-1.11
-0.65221
0.084177
0.13752
0.78168
0.44804
0.48054
0.36089
0.28595
-0.19782
0.92577
1.0772
-0.59264
0.89678
-1.0011
-0.63809
0.60012
-0.29788
-0.91755
-0.23799
0.85415
0.57301
-0.5488
-1.0475
1.1204
0.73683
-0.42869
0.63459
-1.0113
0.43828
0.6539
0.50964
0.766
0.33525
-1.3179
-0.983
-0.97692
0.95704
0.01235
0.29547
0.825
0.22818
1.0469
-0.29471
0.80201
-0.053741
0.53391
-0.41382
-0.99498
-0.94131
0.12392
0.22579
-0.96149
-1.0283
-0.57817
-0.33718
-1.0003
1.0318
1.061
-0.75584
0.67334
-0.2396
0.81963
0.84131
-0.62588
0.88163
-0.29656
0.40182
-0.36833
-0.20405
-0.47037
-0.29059
-0.35085
0.32771
-0.85504
-0.0045979
0.61579
0.70545
-0.38703
0.15618
-0.88528
0.69874
0.52528
0.78298
-0.38847
0.818
0.84475
-0.69802
0.25497
1.0047
-0.3602
0.30218
0.70508
0.45544
0.91504
0.33143
0.96847
-0.87419
1.0064
0.85468
-0.42117
0.31557
0.24888
-0.41123
0.76979
-0.24731
-0.97579
0.88204
-0.297
-0.96586
0.22686
0.39615
-0.2155
-1.0295
0.90435
-0.75036
-0.92988
-0.72181
-0.73435
-1.0752
0.31245
0.90689
0.66146
0.98883
0.61884
0.89393
0.24416
-0.98261
-0.12212
0.43388
-0.8982
1.124
0.93029
-1.0032
-0.57666
-0.65395
0.78188
1.1787
-0.85666
0.67149
0.25888
0.74425
-0.31744
0.18428
-0.29392
-0.28725
-0.48786
0.73898
-0.84162
-0.49726
-0.15188
0.090355
0.36182
1.0744
-0.8801
0.40279
-0.18142
1.1602
0.75145
-0.84857
-0.35637
0.31658
0.95064
0.28925
-0.87025
-0.26535
-1.0862
0.0057893
0.85227
-0.43665
0.17138
-1.0285
-0.25403
0.59866
0.81004
0.27214
-0.84359
-0.1336
0.38785
0.95654
0.091527
0.65755
-0.14954
-0.82684
0.33095
-0.54519
0.87862
0.44018
0.80433
-1.1376
0.67163
0.64535
-0.0022107
-0.6944
0.93155
0.83452
0.94524
-0.86467
-1.0174
0.7879
-0.57629
-0.98123
-0.10954
0.63277
-0.5234
-0.64095
0.35455
0.37458
0.81807
1.1104
0.82798
1.0322
-0.7892
-0.12589
0.37319
-1.1739
-0.8492
-0.69223
-0.85753
0.71552
-0.31236
-0.76682
0.93725
-0.47269
0.51296
-0.73582
0.29012
-0.31443
-0.9619
0.080443
-0.67884
-0.92385
0.082984
0.17628
-1.2293
-0.27352
-0.9663
-0.57473
0.49864
0.34645
0.28275
0.83527
0.71583
0.011225
-0.70814
-0.81703
0.77109
0.2547
0.73906
-0.13218
0.68286
-0.67548
1.0343
0.31563
0.19787
1.0411
-0.52479
0.066547
0.44804
-0.70907
0.63625
0.7965
-0.80953
0.14146
-0.75504
-1.0386
-0.58638
0.65298
-0.2659
-0.5524
0.10065
0.63782
0.44052
0.030804
-0.70068
0.29976
-0.60528
0.8529
-0.56726
0.8687
-0.55106
0.6779
-0.44336
1.0562
0.77558
0.54648
0.21613
0.050325
0.82384
0.89437
0.86676
-0.48598
-0.19391
-0.86183
-0.89952
-0.42962
0.91744
-0.2449
1.0591
0.92062
-0.93358
1.0265
-0.70115
-0.79271
-0.73691
0.25811
-0.68047
1.0302
-0.93423
0.22456
-0.86131
0.87516
-0.27626
0.047047
0.90124
0.54164
0.92884
-0.15534
-0.12681
0.25536
-0.018446
-0.36163
0.5036
-0.93114
1.0105
-0.76678
0.2917
0.70202
-0.12292
0.77584
0.92136
-0.7547
0.11369
0.41322
-0.053827
0.24813
0.050592
0.56448
0.88549
1.013
0.65281
-0.46735
-0.38793
0.022108
-0.5412
1.0245
-1.0602
-0.32156
0.86014
-0.65709
-0.4301
-0.78409
-0.59294
-0.97972
0.87507
0.89066
-1.0445
0.89337
-0.76184
-0.93231
0.28866
0.28842
0.39128
-0.19411
-1.1644
-0.64577
0.23687
0.23306
-0.13335
-0.73089
-0.68002
-0.090328
0.82612
-0.9325
0.91047
-0.93367
1.2182
-0.89501
1.1467
-0.85628
-0.89988
0.74208
0.93791
0.65719
0.21595
0.98291
0.93662
0.90377
-0.84538
0.95096
1.0505
0.31887
0.34483
-0.41235
0.13919
0.18123
-0.27433
0.71907
0.73833
-0.84774
0.32533
0.36318
0.89675
-0.028805
1.2291
0.15905
0.80802
0.25685
0.0010643
0.15711
-1.1907
0.71996
-0.85039
-1.0873
0.57331
-0.63693
-1.0535
-1.0132
0.76624
0.50354
-1.1149
0.98271
0.9382
-0.59967
0.61513
1.0972
0.93455
0.81193
-0.17179
0.9449
-0.80291
0.26224
-0.27749
1.1568
-0.91124
0.11498
-1.0786
-0.24238
1.1198
0.73676
0.46767
0.48401
-0.26908
-0.23523
-0.81423
-1.054
-0.16775
0.99881
-0.24446
0.0019818
-0.99142
0.1978
-0.25124
-0.76649
0.4444
-0.41388
-0.058008
-0.10259
-0.96983
0.23125
0.26277
0.37379
1.1185
0.39448
0.86891
0.93791
-0.94613
0.78926
-0.61615
-0.93235
-0.88766
0.15263
0.59712
-0.50606
0.21306
-0.29915
-0.9121
0.9758
-0.22742
-0.51602
-0.79127
-0.91727
-0.66268
-0.045825
-0.8998
-0.78661
-0.41366
0.23883
0.36178
0.99839
1.0642
0.62794
-1.0098
-1.0001
-0.6709
0.82194
-0.90329
-0.69783
-0.17552
-0.9847
-0.67527
0.52915
-0.56379
0.83696
0.82873
1.0754
0.92855
-0.97814
-0.40247
-0.2287
0.87975
0.97396
-0.67323
0.91545
-0.96313
-0.81315
-1.116
-0.21922
0.82086
0.9887
-0.58972
0.46222
0.82918
0.60494
-1.0426
-1.0985
-0.9285
0.82356
-0.36508
-0.81013
0.79511
0.1775
0.72335
0.70715
-0.41368
0.51515
-0.6538
-0.77213
-0.99635
-0.42618
1.0156
-0.25457
-1.0187
0.54623
1.0601
0.90438
-0.60241
1.0367
-0.52182
-0.0311
-1.072
-0.6724
-0.59485
0.16255
-1.2326
0.81756
