1000 10
4.8974 1.6246 -7.9294 3.5229 -5.6743 8.818 2.771 -4.1438 -5.8502 1.8669 
7.8453 -8.5879 -3.5862 -2.3305 -0.12208 -2.3995 9.8593 -8.1009 0.30601 -3.1811 
-5.1479 -2.5151 4.5982 7.4339 4.3284 -6.1145 0.84699 -9.7719 9.9779 5.8535 
-7.4081 -9.3282 -2.6822 -6.4416 -1.2719 -0.88145 -0.74664 1.8515 3.2155 -4.641 
-5.4986 -1.8771 0.20375 -7.8899 8.1882 -7.7112 -9.5878 -8.761 -9.8611 9.757 
-2.9997 3.1592 -4.8232 -7.0924 -0.93818 -3.1063 -8.8539 9.5538 7.7612 5.766 
-4.2583 1.5048 1.5416 -3.4346 -1.4256 7.4909 4.403 4.1662 6.6623 -2.4969 
8.5498 9.5191 -0.64891 6.3232 -0.053518 -5.8943 0.26392 -4.2055 0.0059237 4.9213 
-8.9737 -1.1672 4.6215 3.2093 -0.54038 -9.2301 0.99108 0.11411 -3.9238 -7.4061 
1.8533 5.5567 -7.9015 -5.2578 2.985 -2.1553 -9.8553 5.8458 -2.8225 6.2529 
-6.742 1.3892 9.5944 4.0961 -0.5263 -9.7521 2.1648 7.0854 -0.99592 7.0164 
6.7681 -9.578 -1.6923 5.3245 0.0041088 -3.3587 8.538 -4.462 -3.5587 -3.8723 
-6.6488 0.24547 5.8968 0.74886 2.3479 -3.2504 3.0483 7.8104 1.1965 5.5522 
0.044012 -1.849 -1.3828 -6.8611 4.7055 -8.6806 3.6677 0.37928 6.5542 7.1137 
9.9866 -5.6033 6.2128 -5.256 -0.50565 8.5658 -0.15939 5.0329 4.6945 7.9397 
-2.8919 -5.3908 -0.30587 -6.1401 5.8214 1.8223 -9.4912 0.98521 -4.6076 -9.8875 
-9.0584 -1.229 0.77959 5.5795 0.44033 4.3372 -8.6281 -7.7642 -0.36622 9.4164 
-5.7268 8.3979 -9.781 9.4053 9.8442 4.4052 5.1936 8.0966 9.0743 -6.0941 
-2.0432 -3.6192 2.105 -2.8275 3.0682 -8.8409 -9.1633 -8.5806 -1.9994 2.7774 
-3.3266 -4.3133 -5.4065 7.4748 0.7093 5.2159 2.6629 4.5276 3.4761 7.0104 
-5.4079 -2.7244 3.8015 -6.8381 5.4988 9.7593 8.2241 5.6812 1.7552 5.7206 
8.7224 -0.013649 0.34001 6.3014 -1.9315 -3.9183 4.354 4.7739 9.2697 3.0118 
3.6638 6.2705 -6.073 -4.2297 -9.4405 -8.5462 6.201 4.2368 -0.73272 -4.4559 
9.2423 -5.3036 6.7802 -8.9642 7.1836 1.6259 9.366 9.9773 -7.1437 -3.7659 
-1.2405 -9.5547 -8.0507 -6.2324 7.4427 9.0773 -1.4563 4.0163 2.6182 -1.7842 
8.8067 -3.9776 -4.5818 3.5115 8.609 9.6933 5.8755 4.7662 9.6701 -1.4807 
-9.8833 -4.0388 -1.0901 3.4782 2.0505 -8.2198 6.088 -7.9046 3.5961 1.5167 
2.2061 6.5186 1.477 1.6423 -5.9799 -3.0859 -9.8406 3.0555 -5.2419 1.9374 
6.0215 -7.2721 -7.8531 -7.348 -4.7665 -0.22284 -0.34779 8.4178 8.9168 -2.7266 
-5.3404 6.2916 -7.791 3.8156 -7.8903 7.9127 -9.6566 3.7754 -1.2948 -3.2761 
8.6494 7.2218 -9.6805 -9.6213 -8.1337 -0.69339 4.7484 -6.6403 7.6421 -1.2941 
5.2653 1.0588 -1.4917 -7.7647 4.3313 8.5757 -4.149 5.8907 -2.1835 -5.0465 
6.529 -9.6294 -3.9903 9.01 -5.4597 -9.4837 -9.1364 5.407 2.8243 -4.2053 
1.4693 0.15643 -4.5603 -4.8888 5.8378 -8.7499 2.3411 -3.0139 1.4575 5.1832 
5.8516 4.2729 3.1147 9.0673 -3.679 -6.2212 2.0171 -2.7627 -0.92239 0.031157 
-3.4192 3.955 5.322 0.14943 6.5678 -7.3818 9.156 -2.1965 0.9953 8.8454 
-5.5308 7.8691 8.2109 -1.2328 7.4157 -6.5103 -3.1333 6.517 5.4115 -4.4091 
-3.7523 4.0237 -0.41977 -5.0695 2.9787 -2.3718 3.2697 1.796 8.1837 0.706 
1.6905 8.7458 7.4802 7.3503 7.8556 -0.86601 -9.5779 -7.0919 -5.8584 1.7857 
6.5983 -9.7821 -8.3385 -2.2131 2.2261 4.5938 -3.9722 -8.3581 -1.6222 -4.0028 
-4.1908 6.3948 3.4827 -8.1846 -8.7522 6.8173 -3.5621 -7.8404 -7.9733 8.8736 
-1.9489 -9.3146 4.7976 -3.3723 4.5272 -7.2437 6.3849 9.2429 -8.3901 -1.9216 
7.2411 0.32321 -2.3003 5.5258 5.8989 9.0691 0.92664 -3.525 -5.954 -4.5136 
2.2948 3.0666 3.1785 6.5566 -4.7995 3.602 -2.0536 1.0994 8.8827 -5.5061 
9.8238 5.0825 -9.611 -8.8805 -1.7362 0.77213 -4.8252 7.3984 1.3068 -4.6161 
-5.926 -4.4001 1.9658 -3.885 8.7971 8.7727 1.8602 -1.4821 -1.1931 -5.3616 
6.5442 2.061 -3.3114 6.43 -2.8417 -1.5938 -9.86 1.7712 -1.0903 7.2895 
3.5172 7.7756 -7.7189 0.4051 -8.7252 2.6799 7.2193 3.5675 -6.0914 -0.93877 
-5.021 2.8647 3.3594 4.7189 5.4543 -1.4915 1.2743 -9.3092 -7.5284 7.5701 
-0.48429 5.7213 0.8611 -1.7104 -6.2837 3.0479 -0.48112 -8.1021 -3.3905 -3.0529 
-2.0185 -0.17718 -6.4522 -5.3314 8.2306 -6.4703 -3.7137 5.2446 8.5415 7.5599 
1.9888 -1.9308 -2.0814 -7.0984 0.41126 8.4215 -9.0283 3.0173 0.34206 -7.0291 
6.0105 7.5488 -0.15672 -4.4315 4.417 -2.5829 5.4725 -6.7613 -9.3554 1.9488 
-7.8986 4.1637 -1.2423 -4.3728 8.2572 6.6911 -9.2834 9.0751 -5.4041 -4.7509 
6.4288 6.5298 2.7073 -1.6329 8.5275 7.2997 -0.22342 -3.0913 -2.2249 -3.7361 
6.8217 -9.7866 -6.9454 -9.3657 -2.4925 7.681 -0.42457 9.4119 5.0567 -6.175 
-2.9099 -8.0889 8.5862 -1.4622 2.0846 1.2681 0.14957 -8.83 -7.8618 -0.50982 
-1.3986 0.86569 7.4033 -8.9309 2.0487 5.1083 0.40356 -6.6781 -3.1865 2.4005 
1.4448 7.1243 -4.6882 8.7518 -4.0193 -9.3975 -3.9876 -9.5022 9.5029 -2.8716 
4.0165 -4.7129 0.18103 8.8722 -2.3926 -8.4132 -0.82119 3.709 -9.503 -9.1121 
4.8494 5.5109 -0.19109 1.4303 -4.3403 1.5283 -1.0938 0.36374 3.2126 -9.9503 
5.1577 2.7584 -9.1693 5.4106 -0.69421 -2.8668 3.4907 6.1723 2.4343 -0.7593 
-2.2174 4.5012 -1.9068 -4.182 -4.1969 -3.6768 -3.7849 9.7065 -9.4628 -8.5025 
-1.414 7.893 -2.4307 -8.1337 6.5811 -5.2675 -6.2148 5.4975 4.239 6.2699 
9.1269 5.3597 -6.6622 7.429 -8.6096 -5.0729 -6.5606 4.6055 -1.2301 8.7569 
1.4594 -5.8631 6.99 -3.0041 -2.3606 -6.9874 -9.8814 -9.0824 -7.8404 -8.2955 
6.9944 -9.1339 3.0555 3.2416 -1.8776 -7.5056 9.2965 9.3152 3.2303 9.8825 
-4.4731 -6.9287 0.37537 -2.8149 -0.44197 1.2651 -7.5261 1.8413 8.4352 0.85036 
2.4465 4.3663 4.4198 -6.7001 -5.6797 0.52449 -3.7188 9.5032 -6.8936 -5.609 
1.7672 -7.4271 -8.3751 2.2573 6.3679 4.9991 -5.2918 -6.1506 1.7823 -7.8937 
9.2694 -5.5842 8.5537 -8.3751 8.6921 -6.7838 -3.0442 8.5978 -6.6909 2.792 
-8.2819 -0.92881 -9.3196 8.9569 7.4173 -7.1757 -5.433 0.74768 -2.6354 -4.4641 
0.0099778 -0.69478 -5.47 2.5081 -0.43933 -7.8695 6.3639 7.8949 -2.738 -2.3684 
0.43179 -8.2043 -0.0031014 -4.4085 9.5022 8.7186 -2.3072 5.2501 -0.074842 2.397 
-8.1967 0.13459 -7.1543 -0.0092373 -6.2935 -9.7802 5.6689 -7.9804 0.60597 0.71638 
8.0933 -8.4698 -4.9569 3.9859 2.1308 -5.9244 -2.5457 -1.9956 8.001 0.71367 
7.6878 -6.6695 8.163 5.869 -0.8493 2.8397 -1.6281 -8.2987 5.9692 9.7849 
-1.2202 4.9542 0.75404 0.20885 -6.0885 -1.5404 4.1752 -7.3295 -9.5118 4.3552 
5.6345 -3.3087 7.17 -8.2707 -3.9042 9.1557 9.7983 -9.0071 -4.4356 -9.6401 
-7.0307 -3.8989 0.46505 3.4304 -3.643 -4.3233 3.6448 1.3722 -6.8826 7.413 
2.3963 6.3776 6.9912 -3.9084 2.1046 7.7463 7.1583 -6.9433 -6.5704 7.8415 
-4.7875 9.641 -5.2319 9.0264 -0.69298 -8.6871 -0.43089 -8.9112 -2.6857 6.7431 
-1.0869 9.3794 -7.6836 0.82517 -2.5809 6.8677 -9.0532 -1.9905 -8.5325 6.7478 
6.88 1.5324 2.9433 -7.1895 8.7732 -4.4694 1.3226 -0.57117 0.017677 6.3275 
-6.0759 -5.3303 -7.8487 8.2709 8.249 1.4311 -5.3396 -5.916 4.1885 -7.1747 
-3.923 -4.158 -4.2891 -8.8552 9.3364 2.9929 5.6235 -6.3406 -1.1244 -3.0788 
-0.33411 3.4753 -8.0317 -3.7408 1.5027 7.4944 -7.1254 5.4688 6.631 9.8739 
-3.2438 1.4748 -4.2742 -5.4342 -1.4282 -0.24897 1.1021 2.1341 4.1914 2.884 
5.9697 -6.006 8.2479 7.3285 -9.8899 -6.2781 -1.9455 8.2189 -5.6522 -3.3667 
9.7498 9.164 0.27666 7.4245 -9.4949 -3.0148 0.040597 2.2059 8.9821 -6.265 
-6.819 -3.2769 -4.7034 7.2435 1.9348 -1.3069 7.5427 -1.4665 -9.7667 9.0745 
-5.2624 -7.0067 -3.1508 -5.3022 -7.3626 2.0935 7.234 -2.407 1.5918 -3.5609 
4.0447 -3.4323 -0.17169 -2.8185 8.7439 1.5439 0.43809 8.8843 -4.054 -1.4683 
-2.4906 -7.7381 5.837 0.029022 -3.7904 0.12701 4.7766 9.9474 6.0682 -9.2805 
9.4741 5.4383 -4.864 0.95585 6.6251 -5.0233 2.4416 -6.0335 9.0253 -5.1162 
9.4461 5.8513 2.3732 -0.39845 -9.3325 0.67491 1.9487 9.8234 -2.4634 -3.4859 
2.874 1.7414 9.9204 6.7224 7.1953 5.4571 2.6767 8.9695 -6.577 7.9334 
7.202 -8.4162 -9.7295 -6.0371 8.1023 1.0209 -2.6868 -4.671 -5.0662 -6.9447 
-1.9623 -6.142 -0.82475 -7.2734 -6.2174 4.7948 2.0424 -7.8991 9.1882 0.97225 
2.6386 5.5081 0.41784 -9.3305 0.29531 8.954 -2.3881 -2.1687 -9.8091 -1.8723 
9.7047 -2.9322 7.5463 5.6765 -4.6084 5.9137 -6.4136 3.3996 3.8153 -3.4429 
1.1895 6.779 -6.9748 5.8776 -7.1011 -4.7854 -3.551 -2.3729 -9.7718 -1.0777 
8.6718 -7.3223 -6.2964 3.0661 -4.0223 9.9683 -5.2349 5.2022 3.8926 -3.2117 
4.4069 3.963 8.5971 3.8404 7.1545 -3.5918 9.9914 -1.2786 5.723 5.5175 
-0.31923 -6.1931 5.6832 -9.1571 7.1531 6.1683 5.0493 1.5126 1.2156 -4.0369 
2.7806 -2.0639 -6.8075 8.6926 -7.2161 4.7117 4.5404 -3.7242 -4.3789 -8.1035 
7.7527 -3.2211 8.7346 1.9751 -4.1276 4.4596 -6.3154 0.71166 0.060921 -3.5727 
-6.0253 8.4539 -8.6922 -7.2116 7.3946 -8.5123 7.4886 6.4657 -0.47052 -4.7559 
-2.0927 6.7681 -2.3897 5.3417 0.7533 3.3437 4.5059 -7.3708 0.52966 -3.9069 
9.8435 2.5905 3.8407 2.3183 -6.0702 -1.4134 -2.015 3.1564 -6.1617 -0.032102 
-1.953 7.3098 -9.4425 1.5478 6.8733 4.9282 -3.4675 5.1634 -4.9515 0.0023191 
3.1771 -5.6742 7.7471 0.13971 -3.5675 -3.7327 -2.9065 0.53081 -6.6098 -6.2322 
8.027 -8.702 8.3313 6.6273 7.7016 7.328 -6.5612 -6.3025 5.6541 -9.7778 
9.9076 3.56 -1.2301 -3.1553 0.85488 -7.2829 4.9623 -8.9537 4.228 6.8541 
3.0633 0.7024 -5.4361 7.5701 -0.54473 4.7248 5.4352 -1.5253 -7.2693 9.0017 
-7.8313 0.34698 2.1829 -3.7979 -8.3169 1.4923 -0.42185 -4.3383 -4.5356 4.2589 
-9.2777 -4.8856 8.5072 3.6564 -7.9049 0.7213 6.6002 -4.0022 -6.4246 -9.407 
2.3618 7.0566 2.7122 -9.9007 6.8543 1.9086 1.3266 -1.0078 8.9107 0.92346 
1.3429 6.464 -8.9037 -3.2593 7.7412 4.8023 8.5616 -4.2104 1.6397 5.3673 
9.2393 -9.6686 9.8436 -0.85227 -0.27587 3.52 -2.1799 3.9412 -7.0888 -7.0691 
4.9221 -0.5058 -4.0877 -4.2102 -0.31554 7.2957 -2.7091 9.1469 -1.5895 -3.1364 
3.2503 8.8824 -5.1982 5.3803 -8.8548 -7.3445 -7.9042 4.4779 6.7948 -3.556 
0.46627 -0.82759 -2.2826 -7.2993 -8.7838 -0.082354 -7.6082 -7.3819 -8.8854 7.5977 
-4.8021 6.9994 -4.7777 7.0408 -6.1388 8.4954 -4.8525 -0.53419 -3.8403 -0.33611 
9.2399 0.71105 -5.5061 5.7675 -2.8769 -5.8522 -3.6547 1.6644 1.1885 -9.3383 
0.80408 -1.318 -2.6371 3.6394 8.6747 6.332 -1.2557 0.87013 -7.9935 5.7874 
-9.3946 -9.5113 -6.5139 -2.2274 1.5653 -0.67214 -5.2083 -8.5231 -3.9677 9.8747 
3.9263 0.087196 5.3624 7.3441 -8.8855 -5.4823 7.1175 1.8638 -4.8439 -7.568 
0.39432 7.5297 1.6738 -6.3728 -4.9418 -8.0735 -3.9742 1.4556 1.4128 -9.4863 
-8.8194 8.165 -3.7015 -5.7493 5.1501 1.3318 -5.7843 5.0604 8.0352 5.0628 
7.8007 -4.2959 8.0863 9.2481 -5.0832 -0.34623 7.6385 -8.3527 5.7836 5.9239 
-3.396 -7.3459 7.9612 -1.3244 9.7325 3.9592 -1.2035 -2.9542 9.1793 7.3847 
-5.406 -9.9973 -1.3043 1.9112 -2.9052 -9.6089 1.6346 -8.4361 4.1844 -8.0085 
-7.721 -3.6408 -8.5873 5.091 8.375 4.3254 8.7102 7.6404 0.38438 2.7272 
-3.7815 0.60216 2.8995 3.846 9.1969 1.5035 -6.648 -7.0893 -6.3613 3.6288 
-5.4314 6.5835 6.7665 -1.1215 9.0339 1.3087 8.464 6.7131 3.2072 -8.867 
3.0399 3.4717 8.0746 2.315 2.0747 9.8803 -6.5829 -3.721 9.9868 -8.5813 
-8.6768 8.2603 2.4024 -6.656 -5.1441 -6.215 8.7472 -1.0516 -8.0251 7.4433 
-4.4914 5.1228 -1.5001 2.9755 -6.3222 -2.3844 -5.1995 3.6667 6.4043 -5.9963 
-4.3636 -6.6298 -9.8821 -5.0431 -6.8154 2.733 -0.097885 7.393 0.83937 0.94787 
7.6013 9.2803 9.4017 0.31336 4.9085 -7.4756 7.0009 -4.3092 -0.74271 -2.0393 
-1.1134 -3.0347 0.61435 1.3265 -1.7792 4.8749 -3.6874 -5.4056 2.8145 -0.22408 
5.1183 1.9698 -3.185 4.4329 -5.5386 5.686 -8.9171 0.78301 0.42584 -8.7934 
2.0659 4.6278 1.8376 -3.3753 3.8518 -9.7764 2.3097 -2.4021 9.2402 -6.0829 
5.6653 7.4163 7.8258 9.8118 -1.0276 6.1711 1.4827 -7.984 7.8227 0.38578 
-7.7214 -3.332 -0.93068 -3.6289 2.8837 8.9878 -6.3717 7.344 1.386 -2.5243 
9.5713 -0.73915 3.8844 -6.5702 6.3483 -0.74036 -6.542 -1.5088 0.084604 8.1997 
6.9719 -6.6623 8.2975 5.839 7.9328 4.6321 7.5374 -7.1897 -5.3043 9.1655 
-8.9871 -0.67221 -7.7715 -8.9609 7.7227 -3.9413 3.0063 -1.6788 -3.9369 -9.4484 
-0.67596 -0.87259 -5.5313 5.838 -3.519 -8.921 0.38298 -1.2842 -0.87347 -5.5027 
-3.4869 -7.4436 -0.23628 7.2327 -5.9416 7.6083 3.7815 -5.9806 -5.1982 1.662 
2.6041 2.7986 5.9656 -7.8715 -8.9148 2.2882 3.1142 -8.6406 0.036656 -0.5305 
-5.394 7.9298 -1.1785 -6.5226 7.1076 -9.9315 4.3575 9.5453 -9.2852 -1.662 
1.5977 -1.4514 -6.6085 -9.7033 6.4247 9.2681 5.6683 4.8932 8.354 5.2271 
2.0631 -6.4831 7.662 -4.2871 -7.7361 2.8914 3.2722 0.9703 6.417 -7.4121 
1.9976 -4.102 -9.4251 -9.8526 9.2776 -0.22275 -8.2008 8.2064 -2.5664 8.7596 
-1.0314 -8.8252 -2.8239 5.2402 6.0396 -6.4258 -2.4509 -6.4041 -1.532 2.7907 
-9.2915 -8.7965 7.2846 7.5985 -8.422 -2.2215 3.4714 -1.97 9.5836 -9.593 
0.2763 -9.4668 4.7042 5.9082 4.0346 2.2077 -5.3689 -5.6141 -0.70711 -3.4056 
-1.8454 1.0093 3.12 -4.687 6.0024 3.0408 -7.1815 6.141 -9.0145 2.4913 
-7.8391 1.261 -0.077718 2.4677 -3.7384 7.0658 7.0668 -2.7775 -5.5487 -5.7223 
-0.80249 -3.9081 -8.0311 -8.9465 2.5204 -0.39383 4.5863 -3.1476 -1.8008 7.2861 
-0.98234 5.0902 -4.7418 4.7429 -7.6742 0.96839 -3.4259 4.9243 -9.6273 -8.1423 
1.0228 3.4221 -0.71769 -3.2488 -8.352 -9.7466 -8.3952 4.127 7.0166 -5.2143 
6.1081 8.7968 0.23748 3.6369 -5.803 9.7544 4.8998 1.8478 -4.5889 6.4623 
4.017 -0.29691 1.9297 -3.5602 -6.9227 -9.2512 4.2416 -4.0988 -7.2865 -4.0446 
7.4447 0.36176 -0.58766 -5.7254 7.5678 -6.117 -1.221 -1.4354 7.6153 0.97174 
-8.9562 5.7841 -1.7265 3.253 -2.1097 -1.1851 -5.8148 -5.3385 -3.277 0.86586 
-5.6064 1.4234 0.2637 -9.9766 3.628 -5.1303 7.6996 -4.0569 2.2381 4.8265 
-0.80716 5.3299 -6.864 5.0343 3.112 3.2536 8.8145 -1.9882 -9.5231 -1.1845 
9.1707 8.4033 -5.1528 4.7433 -4.3899 0.39742 -5.0508 8.7852 6.048 4.8676 
5.8009 -5.7939 -6.0868 1.0912 6.5536 4.4118 2.0511 2.6109 2.2257 -4.6884 
-0.96251 2.1623 3.9997 9.9216 7.4793 -7.9005 2.719 8.088 -3.8602 -5.0633 
-3.3314 -0.6855 0.9506 -2.3643 -4.2187 -5.9871 -8.9909 6.4391 -8.2913 4.2066 
-8.8181 2.334 -7.9722 7.0318 -1.952 8.9398 1.73 -4.8835 -9.1473 -0.74775 
4.8181 -5.9382 -3.0496 9.127 6.2731 8.9874 1.8166 -2.2852 7.3133 -7.259 
0.13589 3.552 7.6764 -6.3166 -9.0013 2.9507 -2.3438 -7.4932 2.8934 6.6367 
-6.0015 -9.6537 -7.6873 -4.4595 -8.0676 -9.2348 8.0023 6.2147 -6.1841 6.3067 
-1.4561 -5.4678 7.3942 -6.3696 -3.6864 -7.5329 3.6394 9.1755 -1.8615 2.2163 
-6.6262 8.2893 4.2998 8.7132 8.0667 -4.1205 6.839 -0.11517 1.7153 1.2275 
5.0339 5.3687 -6.6462 3.5862 1.5217 3.62 7.4141 -9.6505 -8.5295 -9.0254 
-2.633 0.66625 7.6564 -3.1229 -6.585 2.8857 0.23629 7.7835 7.4013 8.4178 
8.8364 -8.6324 -8.4549 -0.38472 -8.3945 -6.247 -8.1692 9.3121 -0.11316 4.9119 
-9.6565 -6.0083 4.0615 -0.11318 0.93781 -1.6639 5.266 2.5225 -5.4552 6.6742 
6.5811 -9.7596 3.3902 -2.4379 6.67 5.647 1.3752 -0.89224 8.4178 -5.8725 
2.5318 9.3314 3.7618 -1.3329 -7.1503 -7.7542 0.35217 0.75965 -8.7391 9.8801 
0.77493 6.644 9.7712 7.9532 8.0581 -1.7239 9.0786 -2.5343 8.5092 9.6512 
3.0102 -1.0938 -8.7933 -3.6716 -2.1666 5.5232 4.749 7.7333 -5.4835 3.9042 
4.5326 9.8099 2.4324 4.1961 -7.7951 -1.217 -1.7038 9.1234 8.2093 9.7219 
-8.1102 5.8857 -0.2647 5.9662 -3.938 -2.2305 8.4182 7.004 1.2821 9.3228 
7.5515 -0.22778 -3.9055 9.4023 8.6034 -9.0027 2.3897 6.3544 -2.6573 4.1333 
-9.7128 -7.3882 -7.0799 0.63755 -7.9759 -8.2224 1.0935 1.7649 -4.6803 -6.0999 
-4.1139 -5.7551 9.1101 -1.9791 4.8679 -8.2497 -8.6043 -5.5066 -4.3642 4.319 
-6.4017 6.6222 9.2098 6.8133 -1.4627 -6.4922 6.5292 -5.6227 8.3305 7.7003 
8.5259 -3.5243 7.4767 -6.675 -4.1965 2.301 -8.6724 -3.6743 4.8686 -3.6211 
-8.6364 4.7754 5.0017 -0.51488 -4.6253 3.152 -1.4089 4.7519 -9.0622 -4.7725 
1.6219 -6.8025 -2.4022 -6.641 9.8344 -7.2018 6.7669 -0.68263 6.7706 9.8212 
2.743 4.6294 2.3572 -5.7283 -3.7017 4.2138 -3.1811 -4.7244 8.9793 2.2513 
3.0254 -8.9261 4.208 -1.095 -4.9629 9.5032 -6.1919 -2.8483 -3.9685 -8.2793 
7.2924 4.2878 -8.8342 -0.21094 -1.1039 -6.9521 7.0601 -4.7425 -1.8341 9.4732 
-8.8809 -7.5653 1.301 9.4562 7.8003 -8.1425 -8.7145 -4.8312 9.3569 -4.765 
6.3371 9.6809 0.90099 2.9267 -8.4636 -5.4484 -2.9023 -8.9142 -5.8003 2.0249 
0.57845 1.862 9.4786 9.2486 -3.6866 -8.2284 0.82901 2.8181 -2.5524 -7.6092 
3.887 -4.6091 -7.6343 5.4433 8.3846 4.1484 -5.8193 7.7771 -4.265 6.1171 
-5.7519 -1.3599 2.6911 8.0985 -4.4678 9.4227 9.885 5.2563 9.8727 7.2346 
0.8656 8.6102 -7.051 -9.5057 2.475 -2.1071 -4.2735 7.6853 -1.6383 -8.2944 
4.0504 0.15771 -5.7129 8.6334 -0.16456 -1.1428 7.4996 8.9276 -7.3294 -6.5921 
9.1287 -8.718 -9.31 -5.1919 0.12856 6.2872 -2.6097 -4.0725 -9.3403 -2.8293 
-1.1092 3.1822 5.482 -6.7747 -3.4142 9.074 -2.1989 -6.9266 7.649 0.79817 
-8.292 -1.0166 -4.8467 9.2263 -9.6907 6.7179 -5.5633 -8.221 3.5135 -5.7578 
-8.8532 -7.0566 5.714 -0.72463 2.3233 -4.2211 -4.7253 0.11587 4.3798 -5.5112 
2.589 5.5046 2.1941 -8.3715 9.6602 6.4833 7.1752 7.7213 -0.77294 5.4008 
5.9236 0.62524 -9.4084 7.245 2.0559 9.8809 -9.6264 -9.3404 6.5258 7.9226 
3.8238 -8.2421 8.1945 -9.4734 0.22296 4.6974 4.3605 1.8451 -6.8626 -9.617 
-3.0938 8.0092 -2.5197 7.7999 -0.12071 -5.8973 -6.4836 -1.5668 -5.6996 6.4733 
8.9363 7.363 -1.7207 6.1193 -5.8007 4.3235 -2.6307 8.1828 -7.3558 1.7898 
0.40381 -8.874 8.4915 -2.2703 2.7709 -6.5812 6.7907 -2.3581 -4.0605 9.6575 
9.0763 2.8011 -0.87196 3.1361 4.7544 -4.3065 6.7759 -9.8366 8.4858 -8.9368 
-8.5281 7.7853 9.3544 -3.1609 -4.9694 -6.0868 9.8712 -0.75969 6.6334 -2.3769 
-5.8594 -3.0455 -6.0501 -5.6485 3.095 -8.3021 3.1157 3.8956 3.6612 -6.0556 
5.5006 3.3344 5.7077 6.9693 1.9045 -5.0515 -4.0448 -9.2382 -3.3937 2.1228 
8.2838 -0.91079 6.7654 -8.2775 0.781 -5.9835 -9.2286 -8.5165 4.031 -7.7982 
5.651 -1.0624 5.4346 8.0547 -8.2671 -4.3815 1.2244 -4.2895 -6.7314 6.2599 
-4.0893 -9.6594 -2.2702 3.3331 9.7805 9.0901 3.6223 5.2652 3.863 -9.5102 
-6.9631 7.2284 8.9663 -6.4713 -8.4365 -2.6377 6.8936 -7.6206 3.5107 4.745 
6.9582 8.7564 0.80744 2.2297 -8.2291 -5.5318 9.3129 -9.9057 4.2265 -8.7451 
5.6971 -0.42452 0.94069 9.8822 -9.6896 5.7275 8.7538 8.8664 -9.4834 7.4109 
-4.5834 1.3966 -4.0635 -3.3311 9.085 -1.9272 2.2407 6.4204 -7.7674 -3.4082 
-5.4438 9.8559 4.9823 -1.0374 0.962 -4.2414 8.3535 -0.77439 6.0585 -4.3651 
-3.5795 -1.9173 -7.6352 0.066025 2.119 -1.5627 4.9072 9.9394 6.8151 -9.113 
6.5912 -5.6032 -6.6933 -8.9008 -9.7448 2.9242 -1.0268 -3.1949 6.4234 -1.8871 
6.4436 7.3299 9.829 1.0428 0.9826 -6.5922 -7.9804 -4.1591 3.563 -2.7796 
1.4137 3.7805 -8.6532 -1.0549 0.11748 7.4639 -2.3592 -6.5721 7.1252 5.291 
1.4366 -6.5706 5.1679 -6.3 6.0613 4.2815 -6.7514 -6.2099 6.0186 -6.136 
-4.2796 -9.8195 -1.3472 -7.6916 0.18264 -6.8011 -2.9541 2.5114 4.5923 4.2286 
3.9827 -6.6185 -7.1699 -7.2898 5.1581 -8.2523 3.1228 3.1678 4.8157 4.922 
5.9252 -5.8722 -8.9986 8.9872 9.5796 -7.6154 -1.8884 7.3792 -8.8303 9.7447 
-1.1682 8.0324 9.3166 0.95824 8.2665 9.927 5.5756 6.5177 -7.8024 4.0729 
-1.0757 4.1828 -5.4328 -8.1995 -3.5013 2.2757 -7.844 -9.3911 9.4053 -5.9196 
-0.68675 -7.3614 -2.2581 6.5305 0.99014 -4.6524 9.032 -5.0917 -6.0186 -8.7038 
-4.4192 -1.4959 -7.04 -0.4791 7.0161 -4.9887 -5.8388 5.7605 -6.8243 0.53835 
3.5075 3.2289 1.6246 8.1779 4.4751 4.9871 9.506 -2.0384 -4.1076 3.8916 
8.0733 -3.5523 -1.344 -6.1003 4.6598 -3.1122 0.08762 -8.0086 8.8464 1.7502 
8.1705 1.9487 -7.9392 -1.2974 8.8281 4.4319 0.14256 -2.975 -9.9018 1.6164 
4.9439 -5.7871 -9.8973 3.7669 3.4648 5.3831 7.0663 5.4929 1.0464 -8.571 
-4.7898 -6.2076 -2.1126 7.656 -0.23244 9.878 -9.1558 3.0878 6.6339 8.9652 
3.7928 -5.8337 7.62 -0.68577 -3.137 -3.6339 -4.5612 -9.6373 0.90839 7.1374 
-7.3634 4.2669 -4.1409 -8.3653 7.3667 -0.52113 3.3446 -6.9618 -1.4959 6.629 
-7.53 -4.9461 3.75 3.6133 -3.161 -5.8644 9.1301 4.4962 6.0624 -3.0227 
-6.1819 -4.5997 4.7634 -8.1778 -2.9894 5.692 9.55 -3.3142 4.3207 9.4285 
-7.0854 -0.36485 8.0717 -8.8761 -5.5226 -2.3562 2.4153 -1.9844 -6.8409 -6.0669 
1.7009 -5.5865 4.4173 9.7552 -8.6423 -5.2969 5.3279 4.6336 9.4749 -5.1573 
-8.5328 -2.9067 2.8774 -5.3237 8.7501 -1.1604 -3.8831 -1.8983 -7.1583 -3.5719 
6.4465 2.7547 3.5475 6.2457 -3.9977 -9.3572 -1.9498 6.0097 5.0318 -7.9785 
4.4581 4.9951 4.6385 -7.1659 8.4372 6.5959 0.69061 -4.8792 -8.6282 4.4984 
8.5172 -0.15157 7.9727 5.7609 -5.5693 7.5521 8.6686 -4.6185 8.8163 9.9011 
-0.14723 2.3478 8.6753 0.7449 -0.97807 8.9185 -5.9271 -7.2027 -2.52 -7.3288 
3.0977 -3.6109 -1.1784 -5.2879 -5.4021 -2.042 2.3715 1.4604 6.9932 -5.9874 
7.8025 -3.95 -2.9775 -1.8166 -0.48436 -2.8294 4.2696 1.8289 -5.1689 -1.2008 
0.77051 -7.1642 8.6173 -6.7314 -4.572 7.565 -9.0555 -4.3021 -6.4675 3.5034 
-4.3559 6.8868 9.0794 -1.1784 -2.9251 9.9852 1.808 -2.4669 9.4005 -4.7955 
9.5192 -4.2369 -8.6272 -1.4634 -2.7269 -6.6286 2.1703 -2.0403 -4.3021 -6.7049 
-9.2715 8.1766 -3.1647 -3.7178 3.1414 8.2642 -6.3588 4.8916 3.7766 9.5484 
-3.4751 -7.7358 -9.7247 8.8376 -4.407 9.7193 -0.26625 -1.3785 -2.3684 -1.063 
9.4603 2.2772 -2.0778 -5.0764 -8.8004 5.8174 -4.9469 7.9057 -5.782 -4.2656 
-2.6993 -4.3219 2.1017 9.9625 -2.6203 6.3903 -8.5342 0.0056733 1.4468 -1.3546 
-3.817 0.16264 -7.0779 -8.8755 -4.7502 1.2548 1.8302 8.1607 5.1705 -4.5027 
-7.5818 0.7775 -1.8756 7.2721 -1.5886 3.3609 6.5723 -9.9004 -2.2329 -6.3728 
8.3153 -8.957 -8.4894 1.7231 -6.0007 2.1918 -4.0912 -5.1258 1.0993 5.7568 
-7.2904 -1.2584 2.3144 1.7354 5.6365 6.6427 -5.3478 5.1708 3.7195 6.7588 
-3.3576 -5.6254 -3.3513 -2.1243 -7.338 8.0992 -8.9553 -1.7921 4.1858 6.6611 
7.9496 8.3668 -8.2974 -0.2907 -3.1559 6.2716 -7.9225 -8.299 -3.6343 -3.6568 
-0.0070244 3.8291 5.0231 -0.063627 -3.7217 7.4364 5.0597 -4.2162 -0.57504 1.3136 
2.3058 -7.6815 4.9347 6.0246 7.578 9.1857 4.5017 -3.6037 9.6412 -4.6147 
1.6627 -2.8075 -5.3712 -1.4206 0.96829 -2.2667 -1.3833 -9.6206 -5.8353 9.2995 
3.9651 -3.8789 -3.7078 2.1205 -8.8665 2.2002 -7.5894 -1.4419 -3.3523 2.239 
-9.4134 -3.955 -6.763 2.6525 6.2546 -5.8445 -1.9951 -2.0244 -2.5048 -9.1767 
0.55765 1.2289 -9.1538 0.51385 3.18 1.6276 -0.14015 5.8398 -5.6885 -5.0583 
-9.3585 5.922 1.0759 -1.9189 -7.6563 -6.3296 -0.13581 -3.0154 -0.49501 1.9253 
6.5428 -0.60103 3.4327 3.7917 -4.4111 3.9373 -3.5397 -2.1068 1.541 -0.22104 
-3.2003 5.8234 9.7511 -1.4954 0.61423 4.5621 -6.6231 -8.367 -4.8168 0.29072 
6.9342 -1.6246 7.9737 -5.226 4.6455 1.2766 9.0207 5.9772 -1.6989 4.9117 
-5.0786 4.7906 -7.029 5.4888 6.5271 -8.6527 0.65665 -0.43795 0.58419 8.2946 
1.6298 -2.8495 -8.2313 -6.0013 -5.4117 -8.922 4.7874 -9.1307 -0.060793 -7.4903 
8.7535 8.9964 -2.948 -3.3322 8.4517 -0.55313 0.19597 4.063 0.77349 0.6014 
-9.0443 5.0029 7.0132 -3.0785 -2.6509 -4.3697 7.4748 8.5566 -4.0804 7.2094 
-8.9204 -9.6085 4.0652 -1.2144 -9.239 6.934 1.851 -0.67252 8.7626 6.8764 
-9.5876 5.1033 -6.7381 6.8099 2.9778 3.1476 1.6781 3.2522 -3.1214 4.1621 
3.6296 8.236 -6.0422 5.9626 6.3559 9.3117 9.7944 7.7151 7.1769 6.1461 
1.9726 -3.0449 8.7509 3.3153 -1.5789 4.4087 -5.9529 -6.4943 6.4896 -4.6167 
-7.7194 -8.5743 -4.7523 -4.9329 6.1 -3.6141 -0.31512 5.9967 1.3119 -4.8625 
5.9249 7.1018 -9.1849 -3.0149 -5.8627 9.4977 -9.0153 1.0959 8.3554 -3.6789 
2.357 -8.1129 2.9765 -0.89581 -3.7765 0.94256 -2.1863 5.7371 6.4099 -0.85485 
-8.5957 0.99136 -2.2657 4.1345 7.4521 0.76322 -3.4892 9.4389 -3.7638 -3.5763 
-8.6144 8.3105 4.0909 -0.01875 1.7347 6.4319 2.9795 -7.536 5.6526 -2.3218 
-7.2799 0.44023 -8.6156 -3.0318 5.0361 -1.4269 -2.383 -8.2219 -7.1108 2.0655 
5.7778 -8.9607 8.6207 6.1294 5.1002 9.8909 3.7467 1.5838 7.1202 9.7618 
-8.152 -1.1818 -4.9013 -6.5375 -9.4395 -6.8255 -3.6277 7.6166 -0.075254 -8.8544 
-5.2426 3.8238 3.45 -5.7018 2.8449 1.8599 -7.8244 -1.2897 8.6788 7.2661 
-5.127 -4.7724 -4.9516 6.9076 3.8578 1.3485 7.6108 1.7995 6.2747 -2.4533 
-7.9036 7.9182 8.889 -1.3355 -5.3564 -4.3054 8.7495 8.3271 0.7806 -8.7532 
7.1671 -0.80575 -3.4732 8.8007 -4.1905 7.8536 6.7234 -6.6776 7.6879 -7.6632 
3.964 -5.3596 8.7352 5.6477 -5.8879 0.38398 8.6728 8.5027 -0.024076 -9.2128 
4.6748 -6.0811 -4.7706 6.5616 6.8632 -3.0132 9.6495 1.3206 1.3135 7.9792 
3.0106 6.9939 6.8455 -4.4941 -8.094 -4.6416 -3.8818 1.8616 1.9314 -9.7912 
0.32541 4.8322 3.0124 -2.237 -6.1859 -7.4327 6.9693 4.389 -3.5224 8.5427 
-3.4722 3.2443 2.6907 8.6719 5.2616 1.3118 2.2795 8.1305 2.2199 -4.1991 
3.2355 -7.8582 -4.0369 -1.0813 -5.7028 9.5216 -0.033669 7.7818 8.9033 5.4571 
-7.6487 6.7235 3.0645 -4.7365 -9.0628 -8.7655 7.5968 -7.2853 -2.2613 -3.9146 
-7.0437 -0.90169 9.5844 4.742 -6.4276 5.089 6.0939 -5.0833 -1.6557 7.5905 
-9.6047 3.0126 4.026 1.1102 -1.2572 -3.9467 6.1138 -2.6843 -8.966 -5.007 
9.2858 8.0885 -2.9221 0.15444 4.0313 -8.8685 -8.4536 -3.1258 5.7837 -4.0089 
9.4075 -7.7859 4.8056 -3.0667 -1.2668 -0.28184 2.6339 7.103 -1.3671 -5.2088 
-7.5228 2.0766 -4.098 -9.9098 -3.3457 9.6371 -8.1451 4.0847 3.8074 -1.1222 
-0.6518 -9.6724 -0.59717 -4.346 -0.28077 2.0445 -6.5335 3.3137 3.0256 -5.6539 
3.1339 -8.1758 5.1694 6.9052 -9.7804 6.3889 -4.2363 0.4835 4.3803 -0.60985 
-4.1963 8.1134 0.81429 -3.7037 -8.9228 -1.6211 1.2792 6.9286 -2.4117 0.56979 
5.0907 0.95238 6.1615 8.8264 -2.8541 6.9824 -5.1035 -7.1565 2.1394 -7.7408 
1.1624 2.8841 -6.9844 3.3653 5.3793 -7.1788 6.3412 -1.3509 2.9066 -6.126 
-1.4441 -5.2825 -5.9838 -9.7949 2.2869 1.135 -8.602 -7.3219 -3.6052 -7.1229 
-4.6561 2.4115 5.2864 4.7322 1.6786 9.2218 8.095 -7.8526 9.9907 5.6883 
5.0747 -8.4204 -4.0556 -2.385 4.0915 7.4965 4.6388 -1.9311 1.5469 6.5951 
7.9675 2.915 -0.053272 9.9798 0.20365 -4.2416 -6.0006 -2.5912 4.7812 -0.25864 
4.5689 -6.474 2.6026 -5.9464 1.526 -2.7011 3.3648 -2.9605 -9.2755 6.135 
-1.8634 2.3785 -1.5152 -7.0048 9.3128 -0.44912 0.72007 4.7063 -5.8699 -3.6672 
8.7663 9.4065 -6.1278 6.0222 -7.0513 -3.0107 -7.0606 -3.862 6.4034 -0.23795 
-4.8915 3.3839 -8.6336 9.3076 5.5084 -2.4041 -1.4381 -3.7067 -7.1932 9.8347 
0.66326 -3.3638 -7.8272 8.4277 3.7919 -3.8652 8.6438 -9.085 -2.7785 9.1387 
9.0951 -0.84226 -1.2314 5.3828 -7.6351 -8.6227 -6.2258 -6.1843 -3.5285 7.5877 
-4.645 -9.501 -2.225 -1.3382 5.1815 -1.2023 -5.8457 6.2933 -9.3697 5.3006 
-4.9983 0.46209 -4.9624 -8.9423 -3.3298 1.1966 1.6635 9.5943 -4.1148 -0.69534 
8.5535 9.7838 2.8399 9.2006 3.5343 6.1143 -4.4377 -2.2902 9.4726 9.3964 
-8.6284 4.4673 2.9473 -6.8837 -2.0457 0.27532 5.5872 4.6583 -6.8808 -8.5691 
-4.012 -2.0611 2.443 -7.1913 -7.3296 -6.129 -5.3235 7.638 -0.22224 5.3347 
1.8317 1.8146 -9.3952 4.3014 2.3329 -1.6219 -7.2906 -9.7303 2.6148 3.6774 
-5.934 1.4636 -5.0241 8.912 5.9303 -0.50109 5.4141 4.5565 1.1932 -8.7749 
2.7177 0.15349 4.262 4.8985 1.7724 -3.1365 -9.9629 3.6905 -1.0411 -1.2982 
5.9674 -7.0891 4.6696 1.2227 1.2951 -0.93358 7.8354 1.2888 -1.8113 -4.0538 
0.034021 -4.181 7.7687 -7.0928 -6.3825 -8.4513 -8.1738 2.3454 -7.4245 1.8619 
3.0162 0.022881 0.77835 2.6818 0.23058 5.9521 -9.8034 7.6428 1.1406 3.19 
5.9191 -7.1626 -6.1686 2.5513 9.295 -5.7437 5.862 5.8559 -3.148 4.1357 
-5.3325 -1.8723 5.4498 6.9654 0.94568 -6.8605 -0.69709 5.0554 1.0249 4.2496 
2.0168 1.8621 2.3671 8.0559 1.0872 -2.7182 0.00049767 -8.8432 -9.6621 -9.2366 
-7.7508 6.1876 8.7699 -7.5721 -6.1237 1.171 -9.4227 9.9069 5.7199 2.4094 
0.31531 -0.58802 -0.16217 -8.4071 -4.6092 -3.8375 5.7348 -5.7093 3.4581 5.3019 
6.7568 3.4824 -2.9141 0.83107 8.5902 -0.64981 -1.0344 5.3452 7.8461 1.5157 
8.4158 5.1436 6.2848 6.869 -7.9399 0.43582 4.3521 9.6831 -8.5163 2.2067 
-0.035441 -6.358 -3.5753 -8.9015 -6.328 -8.941 -8.1466 -6.9193 7.451 1.6446 
-4.4478 2.3928 9.5236 5.9531 -5.1385 -7.7414 9.2629 -6.9126 5.5633 -2.6071 
3.0504 5.3985 -2.4333 -9.7625 4.8931 -6.2734 -5.1447 -3.7635 -2.861 -8.4525 
8.346 -1.5783 -8.1451 -4.0923 -5.1215 2.2434 0.99078 -7.0343 6.863 5.9381 
0.19679 -1.2202 -9.5793 -5.6043 -1.7709 9.7155 -7.4139 6.0876 2.9438 -0.72691 
9.4838 -0.2244 0.58494 9.6017 -4.7056 7.2159 -9.8556 0.34745 -3.7586 1.7887 
-6.0544 -5.6633 -8.062 -8.1469 -0.59517 -3.9222 8.8426 -2.879 1.4301 -0.21375 
-7.7763 6.6582 8.2967 4.4329 -2.3147 -6.256 0.39656 -4.5807 5.7849 -9.7616 
-4.0529 0.030878 4.4713 6.1153 -5.8242 8.2554 -6.5359 1.8708 -9.3704 -0.79023 
-2.0716 -7.9454 -0.83969 -3.1113 -8.4523 -4.7678 -0.78079 1.9045 -5.0346 1.5874 
-1.5849 -2.7128 -4.5823 9.2208 8.8173 3.4134 -2.4289 -6.3529 -7.4607 3.1325 
-3.7705 6.416 6.6273 5.7506 0.4416 -4.4506 1.4242 6.4092 -2.5625 3.1523 
3.8769 -7.5431 -8.8522 -0.73532 -4.3951 -7.3137 -7.9128 -4.3359 5.7744 2.9494 
-8.1626 2.9872 1.1066 -1.7522 -1.6616 -8.3727 -3.2272 -3.3492 3.1696 9.3799 
-1.9582 4.7325 1.8958 -9.7809 -4.7083 -1.303 -6.0725 -7.8655 4.2746 -7.9271 
-4.0964 4.2133 -3.8599 -2.3613 0.49252 -3.5994 -5.2455 -4.9895 -2.3406 -6.1044 
-3.8701 -7.8933 -2.6807 -9.1023 -1.884 -5.1692 -4.6676 -7.4306 3.004 7.2158 
-7.8888 9.1721 9.8742 6.8506 1.0719 8.4282 -0.53886 4.8116 4.2339 9.7115 
1.8766 -1.5261 2.3435 -8.7887 -4.5857 -6.3434 9.5764 0.49057 9.0369 -3.0907 
-4.3454 1.2023 6.3341 -6.5388 5.8463 0.05709 -9.8953 -8.1081 -2.4873 4.1828 
-6.8956 -8.0243 2.0172 9.7757 -9.3622 1.984 5.0104 1.4637 6.1246 5.3301 
-9.9868 -0.33765 -8.9155 -3.1597 3.6125 -1.0772 8.121 2.9441 -9.8671 6.1467 
-4.3281 -6.9275 -8.81 0.67812 7.4517 -4.6832 -8.5414 8.8254 7.2612 -0.68986 
1.0162 -3.8306 -1.3139 8.8153 9.8358 -3.3713 3.2078 -8.4512 -7.4539 -0.59954 
7.418 -7.3817 3.7429 -9.2332 5.9352 -5.6367 -1.7722 1.079 -8.6372 -3.657 
-9.1549 -3.1296 3.4668 -6.5185 3.0135 -5.426 -9.8764 8.6947 5.8021 -3.7393 
8.0944 3.2612 -2.8157 -6.6026 0.70199 -2.4576 2.1243 -9.6444 9.2411 8.4804 
-7.3805 0.32405 -0.17357 5.5431 -4.252 5.5798 -5.6521 5.329 7.1478 6.6234 
6.6746 5.9333 -6.5392 -9.3202 -8.0315 0.39698 -6.273 8.9564 9.4014 1.1559 
6.0094 1.5319 -7.7613 -0.19259 1.7978 -7.2153 -9.3654 6.1903 9.946 6.7908 
8.3576 -8.6625 1.4865 4.9393 8.2863 2.6391 2.1548 7.2454 3.6357 7.8173 
-7.2539 -5.0304 -2.5695 5.3339 -2.5757 5.309 3.8753 -9.7448 -9.8472 7.6263 
0.094646 8.1736 -2.8511 -3.8709 -4.317 -0.94164 -4.0358 -2.0231 7.1727 1.9177 
-1.9008 7.7902 -8.092 -6.0596 -5.5453 2.8577 -1.9111 3.2847 -4.6058 -2.9395 
-6.5286 9.7961 9.6996 0.027256 -8.9373 7.2849 -9.7733 -7.4173 -5.9621 -0.27114 
1.5037 -3.5269 -1.5367 -9.4115 7.9647 -6.6402 0.28336 9.0675 -1.8247 5.9713 
2.1244 9.7484 5.3114 -1.4231 -6.0117 2.3757 2.9006 5.7961 5.0914 -8.2276 
-5.7111 2.2773 4.9056 1.6455 4.2854 1.4427 6.5566 -1.7509 0.34604 -9.6022 
0.39865 3.0416 7.3231 -8.5879 4.6271 -6.7902 -1.599 -2.4472 8.767 1.3719 
9.7837 2.0269 6.1878 3.6422 -5.4215 5.7321 0.97311 -3.694 -8.6491 -2.2535 
-0.2017 5.9559 0.43232 7.4443 3.7674 -2.2169 -4.5317 -4.7867 -7.8348 3.476 
3.8975 2.2089 -4.8766 -9.0235 5.2416 7.0985 3.0908 2.0289 -5.7946 -6.5738 
-1.7716 -2.4552 7.661 -8.5911 -2.9989 7.6342 -8.4425 -8.0617 3.7957 -7.1824 
-9.3045 -6.5071 6.9581 -2.5934 -5.0884 1.0515 3.8008 5.4696 -2.7043 -8.6629 
-4.1434 -8.8017 -9.5844 -6.3555 -5.536 3.9754 -3.4403 2.542 -3.4694 -8.9956 
6.0288 -6.9529 -8.7992 -8.7369 -5.0638 9.9793 -0.37473 7.044 -5.7416 -7.288 
-3.07 -2.3316 3.7856 -3.4673 4.6173 -4.2592 3.1957 7.9385 3.3993 -3.6211 
-8.3337 -9.7383 -4.7858 7.2113 6.0873 4.1997 0.14135 3.1162 7.4976 5.1589 
0.22213 9.3075 -9.5814 1.9039 5.5365 -2.0997 -4.7088 -1.5163 -6.0193 -4.7108 
-2.6633 -3.6363 1.8347 -1.5919 -6.7518 4.0014 0.58396 -1.41 1.2852 -2.3008 
4.7896 9.1121 -9.2081 0.040383 -3.0565 4.5526 2.6426 -0.80209 -7.7958 -5.5034 
0.4948 -9.4208 -7.9463 -2.9959 -9.386 -9.5779 4.3589 -1.6523 -2.5179 2.8408 
6.0904 -2.0564 -2.7763 -7.4225 -9.3003 1.794 -6.2595 -4.083 2.4938 1.6645 
6.3382 -4.4438 -9.8413 0.70495 -0.4 -1.1992 -8.2266 6.1406 -5.2343 -9.6511 
-6.2106 -2.7629 -0.70662 -2.05 -9.5189 1.6828 6.1005 -9.8317 1.1022 4.1401 
-7.5261 5.6091 -7.6649 1.9485 7.5371 -4.2105 -4.2599 7.0761 5.9398 -4.8899 
6.4199 -1.0867 4.3707 -3.1366 3.5672 5.8193 1.73 -1.6115 3.3508 -5.3696 
2.758 -8.8538 3.3513 -6.1714 6.3861 -8.292 -8.6225 -5.9466 8.2373 5.3747 
-9.6776 -9.0401 1.1841 -9.8988 -6.0815 2.0014 0.79795 0.68684 -8.4143 2.7462 
7.9191 0.6163 1.3446 -7.338 -0.85977 -0.75651 7.9603 -6.4569 6.1098 0.422 
0.3075 5.3354 -0.66741 0.73421 -1.0206 -0.56511 -1.7727 2.5634 -0.42628 -2.4058 
0.89044 2.2926 -2.5844 -6.8596 -5.4226 7.6141 -2.036 -3.8147 -3.6451 4.0685 
2.1288 8.6487 -9.2991 -1.448 -7.7829 5.1476 5.2572 7.92 4.5476 -3.9384 
5.2087 5.6315 7.2969 8.4316 1.6907 -8.9687 6.224 -2.6422 -5.0076 -7.8113 
7.1069 5.0981 9.2139 6.5391 1.576 2.7749 0.68547 7.06 -5.4711 -2.3733 
-2.3426 -3.4757 8.1994 9.7223 4.8576 5.7946 5.7311 1.1065 4.194 6.3309 
-8.307 0.43963 5.1035 7.123 5.4548 -8.3162 9.9823 3.6535 9.9021 4.0751 
4.6775 2.9116 -4.2838 -5.9776 0.55216 8.9249 9.5342 -4.3601 7.8204 -6.7279 
-3.3602 0.22477 -3.4022 -3.4787 -2.8386 5.6842 -0.33189 -1.6603 8.1283 5.2845 
6.795 3.242 -0.58344 6.86 -3.2031 -5.4639 -7.5928 1.1969 -5.6771 8.5114 
-2.5655 -5.3738 1.3844 -8.6528 8.037 -2.479 -1.6639 6.6847 0.98608 -5.7677 
6.5643 9.6514 2.0547 5.9417 3.4814 7.1964 2.71 -8.5505 -3.5122 -5.8803 
-6.4696 -8.2816 -5.2389 4.2248 -3.485 5.0587 0.85927 9.3233 6.8335 -3.6535 
-7.4096 -1.7464 1.528 -2.8629 7.1883 -3.1369 -0.14892 -6.1506 -6.4463 2.0297 
7.5977 9.7057 -2.6324 -1.8048 4.0703 6.0581 -0.95348 9.2823 -4.5745 8.0724 
-9.1184 -0.29482 -4.5677 -8.6793 8.3887 1.9312 2.1758 9.4358 9.4914 -5.0879 
3.7344 2.2374 9.7101 6.7371 2.1563 -7.9495 -2.2721 5.3549 9.4105 -8.7785 
4.6755 -9.7756 2.9584 -4.0601 -3.651 4.7493 -9.6351 -1.0012 -6.7264 2.5877 
-1.2566 5.371 -2.1795 7.9379 0.17082 -9.7408 -0.82649 7.8951 -3.0225 6.8933 
-2.4032 4.8312 -7.6826 -3.87 7.2532 8.6777 -6.3855 4.9986 4.9351 -0.15414 
9.5931 -5.6531 -3.8325 -1.8689 -9.8437 -5.4193 4.1899 -6.6798 -4.0328 7.1103 
-2.0201 -2.0536 -9.172 7.1351 1.748 3.0016 -4.0052 6.8785 2.1741 -4.657 
-1.1963 -4.7487 -2.3952 -0.4664 6.9758 2.7071 -9.5616 -6.8058 7.241 -6.1521 
-6.8638 -8.4272 4.474 0.077881 -6.9854 2.484 -7.5082 -8.2445 -4.2986 0.12565 
-3.4793 -5.5976 5.5391 3.6361 -3.2913 -6.5914 0.091582 3.4734 4.6122 3.2933 
-3.7188 -0.3003 -7.9904 -4.4239 -5.8416 9.5133 8.9285 3.1991 -4.5841 -6.349 
7.89 0.30592 8.3984 6.4126 0.12725 3.7958 5.1897 1.2836 5.6272 -4.7713 
-5.0595 6.7802 3.7431 9.958 6.1592 -4.5082 2.098 4.6154 8.8029 -6.2169 
-3.7864 -1.737 -7.7104 5.0356 -9.5458 -6.1837 3.9335 5.0486 -3.3041 7.0894 
-1.8226 -1.9565 5.1768 8.6529 9.3012 0.29864 9.1462 -8.5178 6.8071 -2.0596 
4.1602 9.0537 4.9381 4.2409 -3.0693 8.2183 8.8669 2.8193 -6.5044 5.8052 
-7.1272 -3.298 6.3544 2.8784 1.7382 6.3041 -4.3165 -7.256 -2.0042 -4.488 
7.4264 -7.325 1.9973 8.5194 -4.1215 3.5984 -5.6749 4.4321 -9.7813 -3.452 
-8.3369 3.9087 1.3574 5.2136 -7.442 7.0231 -0.79421 -4.2738 9.751 -6.1466 
-0.76524 8.4555 6.494 -6.8399 -9.9656 5.0712 -5.5933 6.384 -4.2696 -9.6821 
-9.3922 -0.24951 9.3164 6.9406 -6.3668 3.2204 4.3646 4.736 -7.7743 8.9907 
5.064 0.11385 -9.041 9.6271 -4.5823 -3.3954 -2.5061 2.8736 8.8619 0.24903 
4.0009 -9.9075 -6.7627 -0.26308 -7.5228 -0.52087 -2.5426 8.361 -7.9334 4.7066 
-5.7098 -6.2306 6.6121 8.6527 4.7639 -8.8972 -6.9113 4.7406 -8.5421 0.41747 
3.5981 5.5928 -9.7909 0.65308 6.1825 -5.0213 -6.7572 3.6921 2.8341 -3.7612 
1.1459 2.2165 3.1526 3.9967 0.6786 4.8249 -2.2404 -1.3855 -5.716 9.8488 
7.0136 5.8491 7.0614 3.6881 8.0217 -8.3398 -5.5006 5.2871 3.9683 7.7552 
1.1713 6.758 -2.6098 9.2389 -8.1344 1.1908 6.731 -2.3942 -7.2851 6.4661 
8.0355 3.7472 4.4347 4.2909 -8.1376 9.137 6.8809 -6.2429 -4.5605 5.4425 
-1.6096 -8.3713 -2.2584 4.8403 1.952 8.8706 6.5337 -1.4715 -0.2789 -2.2751 
-2.8374 6.1228 8.6198 -4.3552 5.5074 -2.6374 5.2314 4.4227 -9.7981 -3.4355 
-0.22025 -7.3045 -0.55771 7.4036 7.111 -6.7875 6.0919 9.5108 -9.6265 7.0158 
-4.8808 1.3983 0.48982 -7.5459 6.458 -8.1954 7.5849 -5.2362 -5.159 4.6059 
8.5834 1.4938 -9.2904 -2.1721 -4.1069 6.2375 -7.4265 6.1949 -4.8337 -0.5796 
-0.66486 -9.6779 -5.5656 5.4503 3.7136 3.6219 7.9241 2.6953 -0.11264 7.9918 
-4.9198 8.6966 6.1633 6.6839 -7.4936 -0.91502 -2.1413 -8.9718 -7.2519 1.8515 
-1.3756 2.2956 -7.7861 0.16759 3.0465 1.4852 -5.4872 7.1687 -8.9783 2.3887 
4.0506 3.3715 -1.1868 9.9653 -4.5435 8.1855 -0.14234 2.7141 8.5417 5.3372 
-1.9534 -1.5645 3.5302 3.2853 9.1342 8.0783 0.35483 -4.0767 1.858 2.2389 
-6.3632 4.0553 -0.79227 -8.092 -1.6942 -7.5259 -5.0194 5.6775 8.8543 7.6733 
7.125 -0.58607 -9.5916 3.8974 1.6538 -8.169 3.3745 3.3853 7.2693 9.6151 
1.684 -1.8221 3.8092 2.1505 4.0314 -4.497 -8.9098 -0.2423 2.8635 -9.4033 
-2.5284 9.7727 -5.4559 -2.5658 -4.2459 0.38817 -1.2757 9.6542 1.8688 2.9271 
-5.5661 -0.29499 -5.6461 -9.6149 -7.3163 -2.9812 6.7442 4.349 8.29 0.032589 
-5.6201 -7.6547 -8.3981 8.6273 7.2335 2.3762 -2.7237 -7.4742 -8.0273 -7.9811 
0.44465 7.1617 0.81084 -5.5885 -3.8517 7.4744 4.8535 7.678 7.0904 -6.2932 
-1.3315 -3.1605 1.8827 -8.1934 6.8086 -9.7763 -9.1143 -0.12006 1.1802 -6.9565 
4.8261 -3.6724 -8.512 0.93254 0.85411 9.2758 -8.9924 9.9906 -2.0654 3.6216 
-8.591 -2.4495 -6.3559 -1.3381 -6.812 6.8827 -1.489 -0.40826 -6.6705 -7.0629 
6.9467 7.3976 -1.7478 0.58513 -2.082 -8.1499 6.6547 -2.4858 -8.49 -6.457 
3.5976 0.62867 -6.6445 7.9104 -8.5602 7.73 -1.2866 -0.33857 8.2026 -7.9044 
-7.267 -9.4969 7.648 -8.5982 -7.1631 0.18199 8.5105 -7.5972 -0.42117 0.040902 
7.168 -5.0329 8.2093 -8.4573 2.5002 8.4036 -7.0927 3.7702 -1.078 -8.9586 
-6.0033 4.4736 -1.3866 -6.057 -9.0204 -6.0589 -0.31782 4.9517 -3.763 -0.31852 
2.1468 -1.3524 -7.3849 2.8095 -7.9051 4.3849 -8.7481 -2.2113 -2.0527 -1.1464 
0.8609 -4.771 0.13868 -3.5935 -5.964 3.4917 2.0278 4.5781 -2.1493 5.8428 
-6.7535 -6.2118 5.9164 -7.9395 1.1061 3.6057 9.6996 7.0619 -2.6329 0.78697 
-9.8869 -5.7104 1.9861 1.2093 0.9677 -9.2567 -8.3251 7.9289 -6.8903 7.9843 
5.4297 -0.10211 3.6079 -1.4235 -1.7234 6.1882 5.7196 -4.8875 -5.2416 2.9946 
5.2958 -9.34 -0.66377 4.201 -2.3448 -3.353 9.9842 1.0591 -7.4612 2.4998 
-1.5786 -2.5475 4.2406 3.1503 -3.9082 -9.0996 2.5795 3.2146 1.4277 -7.5553 
-8.8637 -2.8665 -4.216 8.9963 9.412 -8.4285 -1.4129 3.8906 -6.3448 0.29565 
1.7149 -4.5059 -9.4295 1.1002 6.6536 2.2937 8.5573 9.209 -1.9719 -7.4266 
-6.5169 -4.712 -0.023084 -8.1054 5.3346 -2.0087 -2.7517 -1.6858 -6.2669 5.5607 
4.5722 4.8903 -6.0938 -1.4144 -6.5328 9.2239 7.3919 5.2414 7.8546 -0.10599 
0.68582 -7.3663 9.2765 -3.8 -9.6626 9.6672 -4.9408 -8.199 -0.72774 1.7538 
-4.9387 6.0617 5.2619 4.5936 -6.5309 -3.3825 -4.2629 1.6524 2.1844 2.1022 
8.3411 -3.9119 2.2559 -6.0548 -1.2521 -8.237 -1.6747 -8.0934 -0.94835 -6.6477 
5.1639 -3.1431 -2.274 -6.8579 -7.3525 5.2622 5.9146 4.017 0.25716 -8.1671 
7.7406 3.1868 8.228 -5.4563 5.9082 -1.9596 0.31942 6.8758 6.3826 8.5433 
-8.624 -9.2207 0.71702 -5.8019 4.4977 -9.9556 -2.0016 6.1939 -8.1447 1.0226 
-6.3294 5.4429 4.9919 -2.0561 -8.2252 6.7065 1.1058 -2.0635 5.286 -3.7067 
4.7415 3.8017 -1.8426 -9.9337 -8.5486 -4.0857 -9.337 -2.9739 2.6403 -8.5719 
3.9343 8.5449 -3.1773 2.8823 -9.5981 -1.6046 -1.0052 3.7334 -3.3354 -4.3217 
5.5399 -8.7596 4.938 1.0973 -0.76202 -7.0359 4.4036 -5.4635 0.14506 3.4674 
0.038068 3.7493 6.1009 8.3865 -7.4807 -6.8249 7.8881 -6.8525 8.1818 -9.1833 
-1.4901 4.5139 -2.1201 0.68102 5.0046 2.1252 -0.32661 -4.5334 5.8749 -4.9253 
2.2247 6.9306 5.5018 -6.8892 2.8849 1.322 -2.7561 -3.9198 -2.8654 5.5664 
7.1154 1.076 0.15503 -6.3212 6.1829 -6.4336 4.6458 7.2326 6.1518 1.673 
3.4159 6.8479 -2.1149 9.8989 -0.097613 4.0891 2.3791 -6.0248 -4.4203 5.9934 
0.47184 -9.0216 -2.3437 5.8354 9.6427 -5.6753 8.5289 -9.4133 5.3953 2.7257 
-4.0237 5.1761 7.6686 -1.8246 -2.1457 -5.1274 -2.7521 -7.6927 5.0625 -8.7922 
4.0794 3.52 4.6078 -5.5065 -0.023537 -2.2805 6.852 -5.4675 -2.4246 9.3783 
-2.3678 7.4886 5.325 -2.199 -2.6018 6.4774 0.37428 8.5349 -0.078213 -1.9295 
1.3537 -3.3811 -0.21863 -1.3825 -4.92 6.5158 7.4446 -2.4429 1.8312 3.7129 
7.7572 0.36999 -1.8441 -8.5361 -3.7947 -1.9046 -0.4146 7.198 4.7842 5.5152 
6.859 -0.9211 7.4841 6.1545 6.16 -0.54675 -2.8661 -9.3549 -9.1524 -4.2255 
7.976 -6.4099 -5.0475 -8.2923 -3.4912 -0.73072 -8.8153 -4.4131 -4.0937 8.1153 
8.7801 6.948 -9.6606 7.9094 -0.16676 -7.6347 -7.585 -2.4648 -5.8055 -3.5596 
6.3087 -9.0715 -8.0511 7.5889 9.3249 4.6446 6.3442 -2.9524 -0.53609 9.7632 
-9.9728 0.47192 6.1681 -7.8124 -9.8475 0.59473 2.1783 -7.6423 2.636 0.80965 
-9.9382 -5.3459 9.6316 -8.5482 -4.8573 4.6452 8.4501 3.1829 8.7044 2.2485 
-8.2506 8.0655 -0.090876 -1.2467 8.1219 -4.677 3.4236 2.5893 -2.3157 9.1022 
-4.7855 0.82514 -1.41 7.7806 -1.3434 -4.4413 -9.5789 1.2134 -6.5649 9.4104 
-9.544 -8.0263 3.922 1.5823 0.57929 2.8269 1.3656 3.5029 2.1981 -9.1031 
-1.5183 7.1417 -5.63 9.4412 -5.1925 7.256 6.5902 -4.2188 -9.9738 -4.5839 
-3.1787 -9.1452 -8.4748 1.4381 0.70886 -0.33873 -6.1031 -7.204 -9.6956 1.6864 
0.82708 -7.1592 -0.78626 -3.6887 -1.3854 -6.359 -5.4953 -3.7511 -1.405 9.6985 
8.5234 -5.65 -2.3164 6.1298 3.3011 4.9475 0.82263 -7.9857 1.6601 5.9557 
-4.03 5.5492 -5.1806 -0.44661 2.8577 0.85331 -7.7226 -3.0058 -5.5313 4.0162 
-3.2383 -2.8479 5.2089 2.5276 1.4086 -1.1418 3.5653 -0.053258 -4.1131 -6.307 
7.1896 -9.4935 9.3011 -5.767 4.209 -8.2777 -7.5267 -3.4231 -8.8134 4.1917 
-3.1904 6.6756 -8.1015 -9.1597 -6.4882 1.8101 -6.1864 9.0275 -2.3118 4.2336 
-7.2376 -2.736 5.5961 -8.1683 -9.0327 3.5339 -1.7012 -9.4133 -8.6988 2.6375 
0.15598 5.7712 -6.2272 2.0693 9.8686 5.3814 5.8768 4.9901 4.8133 4.6832 
7.1331 7.5932 -9.8103 2.7079 7.4499 6.477 8.1704 9.8175 -9.939 -2.833 
-2.3137 3.5302 -1.7985 -1.797 4.9945 0.03095 -2.1976 3.5536 -3.4762 -7.7149 
3.9138 0.90488 -7.1735 3.9001 6.3163 -3.6841 -9.3141 8.9367 3.5176 -6.9171 
2.5581 7.9778 0.65519 -5.6941 6.8609 4.7897 7.7771 2.0909 -8.3897 -7.5476 
-0.99224 -8.0101 1.1552 -8.4632 7.7082 -8.0641 6.355 5.3897 4.4181 9.2793 
-0.52764 -8.1812 3.8688 -5.2871 3.6885 -5.8694 4.0729 3.0655 8.8429 -5.0939 
8.9941 -9.3152 7.5274 -6.8171 -1.9187 8.5269 9.7209 -4.3086 1.1116 -5.2494 
-8.33 -3.5165 -9.6073 4.3425 9.2114 0.41424 5.5899 2.6046 -2.4149 8.4551 
-4.4034 -6.6787 3.7319 9.9769 5.9417 -5.0468 8.9836 3.742 -9.319 -9.6514 
-1.0599 9.9616 9.7286 -2.1283 3.62 -1.6173 -9.7655 -6.1957 1.9096 -5.7927 
1.7514 -1.6903 9.7152 -9.5972 8.5375 -1.9469 -7.9478 -3.2082 -2.6195 0.048857 
7.5527 5.0867 -0.87838 2.589 -1.4354 -5.6631 -5.5667 9.5144 9.5798 0.33344 
-0.61799 3.8663 -3.0398 -6.4588 -0.13202 2.7293 -5.9309 -7.3355 -1.8849 7.3103 
-1.2516 5.4129 9.6583 1.7768 -0.95424 -4.4762 4.2294 6.0539 0.40957 8.6441 
4.9237 8.2452 -0.2826 0.6049 -9.7758 3.9542 5.4152 6.1482 -3.6359 8.1462 
-0.64179 -3.7864 -3.6981 -3.132 8.8395 -3.8777 -7.5627 7.4889 9.5368 -2.1502 
7.2165 -5.9057 -2.3723 4.3083 5.6543 5.5642 0.71348 2.4212 1.1147 1.0801 
-0.66976 -8.5424 -9.6398 -2.9883 9.231 6.3795 5.6172 8.7254 -2.6435 5.9083 
-0.03791 1.744 0.072636 0.86344 0.33803 -1.9801 -2.6268 -5.4673 -1.739 8.0796 
-0.25139 0.84973 -7.4602 -0.62599 7.1361 2.3932 -4.3939 -1.447 -0.19774 4.1884 
-5.4106 2.8817 -3.8965 -9.7391 2.8662 -5.5559 -9.0789 6.6146 -9.5423 -3.7353 
-8.289 1.9601 -4.8788 -7.3774 -6.8113 -4.9366 2.6398 -5.1425 -5.8388 -9.7521 
-8.6523 -0.99961 -9.9542 3.9396 1.2691 2.1283 4.6535 6.5981 8.0557 7.5163 
7.7678 -6.749 5.4543 -2.0082 8.9103 0.79338 -9.0776 -4.4892 -5.1839 9.038 
-5.3366 5.2984 3.236 -5.5833 9.7051 1.378 -8.1386 -2.328 -8.0851 -8.5915 
7.2319 9.666 -2.0407 -7.7616 -1.8306 -5.5364 2.418 -1.226 -6.0306 7.3836 
4.2347 -7.1371 0.021024 -1.3663 8.9992 -6.1045 -0.63928 -7.2066 6.9605 -3.5851 
7.4563 6.5541 2.251 -4.0207 1.9235 0.35127 -1.2302 -3.8266 5.7748 -3.78 
8.76 7.6227 -7.3386 2.7848 -3.1412 -4.9643 7.4983 5.4481 4.5982 -7.4403 
-7.2062 -8.591 -4.3329 -8.348 9.4628 2.0203 -3.4469 -9.3093 -6.629 -4.7494 
-2.122 -0.44269 6.748 -8.3545 -0.96186 -8.611 1.5406 -2.9577 -4.9577 5.4438 
9.6113 4.7751 7.3186 6.0502 -4.2591 2.6412 -1.8437 4.4994 -4.6617 1.8592 
2.8959 4.6747 -8.9048 4.8072 -2.1321 -7.2796 1.1276 -1.8298 -4.5046 -5.585 
7.9282 6.3249 -0.13631 -2.2783 9.6727 -0.96105 3.0183 6.5138 8.8712 6.1496 
-0.35539 0.6696 6.603 9.7209 -7.5677 -4.4944 1.7866 -9.6309 -9.4072 9.803 
-9.7181 1.2167 8.3697 2.1 -2.0481 -5.0566 7.186 5.2944 7.3134 -3.9936 
2.4576 -3.0695 6.0247 -2.7639 4.3673 7.048 -9.3446 5.1688 -1.7803 -0.35687 
-5.3781 1.0151 9.5756 5.2206 4.3923 1.8053 6.4919 -3.4828 8.36 1.9711 
0.54868 -9.5779 1.4296 4.3842 3.6564 1.0736 9.2398 -2.9688 -4.2335 5.7872 
4.4998 4.7354 -8.7249 0.3622 0.36171 -5.9145 1.4827 1.5149 -1.1758 4.7311 
2.1483 6.6794 -8.2713 -7.8177 -8.4402 6.8742 -7.4086 2.6675 -5.6934 0.064824 
1.7673 6.7264 9.536 -7.83 1.4343 2.1216 5.5616 -9.6981 -5.9587 -8.3073 
-1.3313 -9.3376 -1.0258 -5.9445 -2.3924 5.612 9.5573 6.8052 -6.7766 4.3111 
-5.1165 8.2434 7.8834 4.0985 5.7666 -6.6437 1.6716 -9.6364 2.6127 8.9928 
-1.4208 -8.1015 8.2238 3.76 4.6957 -7.9382 6.0594 -6.5757 -6.8973 -5.5782 
-9.7965 7.0182 9.2283 6.954 -9.1389 0.69067 -5.0449 -7.9115 3.0587 4.7466 
2.1764 0.444 5.5612 2.351 1.4409 6.5751 -9.8362 -0.35131 9.8797 6.168 
9.1595 -9.6727 8.962 5.7658 -3.5206 0.73383 8.6609 -2.7023 6.4843 -1.638 
-8.0911 -7.4165 3.5816 2.5467 -1.6268 4.9285 -2.2785 -2.6533 -2.3261 -1.0312 
-9.2882 1.8635 4.2832 -7.6857 -6.1594 -7.1145 1.8159 -0.2863 -3.7942 -8.7973 
7.7247 4.4357 -7.2481 -5.3908 -5.9939 -7.0823 -0.2256 -1.5826 2.5371 7.245 
-5.0612 -9.2595 -8.3445 -3.7201 -0.3492 8.5763 -5.4962 -3.4791 3.3087 -4.8336 
-9.8217 -6.4766 -7.7555 -3.7373 -5.2121 3.0304 3.872 -1.5829 3.6936 8.4974 
6.2984 -5.3513 -2.6157 8.4108 -6.5973 7.7916 5.2325 3.9437 0.9216 5.3308 
-7.19 4.3003 9.3083 -8.8352 8.6748 0.51959 -3.3363 -7.1228 -8.7211 7.8953 
7.5973 5.4117 -2.7522 3.9885 3.6193 -1.8787 2.8477 8.1507 7.5609 0.91122 
-8.0925 1.7876 8.6079 0.025903 5.1698 6.5337 2.7023 6.2256 -3.706 -2.4927 
-2.9488 7.4588 -8.0803 0.30309 -0.48004 -4.2087 -8.2488 -4.5819 -6.8708 -2.2029 
1.8684 -0.92017 -7.5614 -0.98292 8.8744 -6.6325 -4.5358 8.1002 3.2061 7.4467 
1.7036 9.6786 -0.22776 6.6858 3.4606 -0.68448 -7.5717 1.6822 -5.2718 3.5314 
3.3536 -4.8008 8.4502 -0.53917 -0.47386 2.1765 6.0191 -6.0271 -2.1475 6.5647 
2.9605 3.8134 -7.3033 4.5764 -6.4368 -9.5622 3.4516 3.3656 -7.3063 -6.5591 
-1.3326 1.9349 -7.1124 -1.9447 3.3437 7.9331 -6.2544 6.7628 1.2281 -9.8047 
-7.2048 -4.4134 -3.3337 -7.6794 -1.6523 -7.8272 -8.878 -5.3196 9.6084 -5.7026 
5.0386 -4.4158 -0.90016 -2.1951 -7.3934 -1.0343 7.6925 3.0611 5.6657 2.326 
-5.1643 3.6754 -9.8322 0.3816 3.6533 -6.7746 -8.3653 -7.9309 8.7944 -1.3542 
3.0092 6.2256 -1.8332 4.0933 1.2031 6.8961 -4.2936 3.4776 1.5108 2.6457 
7.1475 -8.4752 -6.3824 -9.1234 7.9328 1.9885 7.161 -3.4541 3.8578 1.0795 
-8.3126 -2.6125 7.467 -5.4398 -4.7352 -3.2101 -9.0004 7.2295 -2.3141 -4.0973 
9.4418 6.1247 0.97758 6.5946 1.6327 -4.248 6.2238 1.0843 -3.1536 8.0346 
-9.3708 9.1666 7.2263 -0.53943 1.461 0.10974 -4.1326 7.0629 -1.0465 9.9679 
6.7081 9.8747 -8.9376 -2.4722 -8.6596 -0.36512 -0.53254 7.9464 3.5434 -9.3022 
6.7143 -1.4886 0.22078 -1.4874 3.5208 7.1512 -7.9618 -6.4674 8.7264 5.0074 
-9.0028 -1.3369 -7.0841 1.2297 -9.8518 -3.8645 4.1089 -1.436 6.5757 5.4622 
0.91772 -3.2311 -1.2269 -0.5225 1.5346 9.6754 -5.6699 5.6811 6.9674 -1.204 
8.8634 -0.90664 -0.89479 -6.0633 5.2546 0.64948 -7.782 -3.8084 2.3092 0.71972 
-3.5705 5.3995 -3.6373 6.8522 -2.9675 -0.13069 -9.6654 9.94 -1.1035 1.5243 
6.1293 5.114 8.5103 1.4278 6.5281 4.5124 -5.3287 -7.6994 5.726 2.069 
2.028 9.8479 4.4303 -2.5047 6.0571 -6.3226 -0.078847 1.0854 -0.97059 3.9818 
5.7924 -5.9385 2.7312 -8.0852 -7.906 7.7248 4.0848 -0.56923 -2.0184 -1.6479 
5.9837 -2.4917 8.916 -2.4381 -8.7187 3.6086 -4.834 6.2429 9.5496 7.7443 
-9.0087 4.1734 4.6066 -8.479 -5.8522 -7.5965 -5.7377 2.1915 7.1718 -9.6512 
-4.336 -6.73 0.43854 -6.146 -4.7356 3.2676 2.2776 -3.8069 0.20302 6.5899 
3.0691 -3.5208 2.9448 8.9389 -0.23285 6.2167 -3.2322 -0.13519 -5.1887 -9.3117 
-0.20689 6.1802 4.7201 6.1542 5.3526 1.5707 9.9146 -2.1642 -6.9707 8.0826 
9.457 -5.6209 7.4202 -7.5107 9.7966 1.3808 -0.24055 -6.7061 -5.3583 3.5635 
4.9698 -3.4322 7.3419 9.3233 -2.9426 -4.8191 6.8466 3.6213 -3.5015 1.5328 
1.3568 -0.76004 -5.4227 2.0601 -2.359 7.6002 5.8731 7.4771 6.0844 0.85995 
-4.0207 -2.9534 -3.979 3.5321 9.4238 4.9821 -4.5801 9.9144 -3.1264 -8.139 
-4.8778 -8.5292 -1.8019 -5.1459 -0.72796 -4.9853 6.7662 -2.9598 -8.4339 -0.98221 
7.7313 0.10386 -6.1534 8.6967 -0.059301 -6.9455 -1.0959 1.2132 -6.8389 8.9702 
-1.064 -4.516 -6.109 0.66279 -6.7319 0.88268 -1.9184 -8.9911 -8.9921 -2.8516 
6.3197 1.3527 -7.0071 -9.8245 -8.823 6.6107 -1.9658 -1.0778 2.6393 6.8742 
-8.0333 -9.4498 7.1041 9.4092 -0.15651 -5.39 7.5575 9.6477 -3.6385 1.6375 
7.1919 2.2743 8.6136 7.6033 -6.7031 -8.1673 -0.70771 -5.7163 8.0563 7.2387 
-9.4474 -1.5278 5.5914 2.9467 5.816 -5.4759 6.3067 -1.2704 -5.5391 6.0178 
7.9831 2.9059 -6.8341 -8.2154 -4.9743 9.8001 0.83771 1.0519 9.1412 0.95658 
7.9987 -3.8776 4.5833 2.8386 -6.2939 -9.1255 5.5401 -5.517 -5.2066 4.5906 
0.48212 -4.1843 -6.1299 -8.5363 -3.8593 9.5136 -7.0077 -7.7859 -6.4595 -2.6455 
-7.596 -1.3897 -0.83631 -4.006 7.507 -1.9528 1.4593 3.3771 0.21565 5.7699 
-6.4441 1.0055 7.1081 2.5058 -8.1422 -1.8473 9.8662 3.9496 6.7543 -1.6612 
4.1222 -7.5508 -7.3649 -9.4243 2.734 4.7822 3.1171 -0.29999 7.701 5.0487 
6.6272 -7.3915 2.2774 -6.8274 -6.8108 -5.0692 4.1982 -3.1271 9.7471 5.4447 
-9.3033 -5.4242 2.7682 4.5714 -8.25 -5.1365 1.388 9.1538 -3.0749 6.5733 
5.1568 -7.8615 5.0406 0.64534 5.2372 2.417 8.831 5.2158 8.5811 7.367 
9.1422 -8.1393 -4.8665 -6.0663 0.6754 7.701 -6.3775 4.6003 0.16667 1.0403 
-3.1426 -6.2285 0.97314 8.3657 4.1625 -5.2317 0.70873 2.6667 -5.8345 4.898 
2.7649 3.6699 8.7608 -5.6946 -7.5827 -3.3132 6.2818 -1.0408 0.95107 8.3122 
-3.1399 0.82965 9.0013 -2.9423 -2.4188 1.8726 5.9243 -0.37388 5.9204 -3.6843 
-5.6706 0.42814 2.1103 -6.8352 1.7212 -8.5326 5.3274 -8.3393 -2.667 -0.7596 
5.724 8.8363 6.2114 -2.5986 2.4257 4.3741 -8.0609 -0.054436 6.2537 -2.1447 
4.4618 2.75 -3.6979 4.7419 -4.7634 -2.4382 6.8049 -5.7001 -7.845 3.3934 
-4.4232 4.3712 -4.5573 -9.4 5.0578 8.3977 1.3212 1.2324 7.3481 7.0833 
1.6486 -1.5112 -1.4251 1.2175 9.53 2.5475 -5.1243 -5.2362 4.2549 -2.9451 
-1.5799 -5.0328 4.9452 -5.6358 -2.8631 0.19424 9.0387 -2.2536 -6.5432 7.944 
-8.1586 8.7197 -0.70035 8.3634 7.4236 3.6076 2.2418 5.9482 -2.4608 -8.4151 
-9.5195 6.0426 9.6748 0.36128 -8.3688 -8.42 4.4222 -9.9482 4.4477 -2.8354 
-0.17708 5.2327 6.9731 -6.8639 7.5795 -8.7076 6.987 -2.4314 -8.0234 1.225 
-4.4347 -8.7649 -3.5628 6.6066 5.1231 -6.9593 -9.5635 -7.5087 4.0917 -5.5947 
-3.2049 8.1331 -6.4281 5.0292 -1.9003 1.5725 -8.4024 8.9001 -8.1539 -0.22205 
-4.253 3.1126 7.1045 -3.1265 2.2873 0.023035 6.3468 4.7962 -1.6653 0.55308 
-6.5819 8.959 7.2076 2.4277 3.5035 -6.7692 3.164 -8.9279 8.5516 6.3693 
-2.0147 0.90484 -7.8999 2.227 7.1508 -6.5051 2.5008 1.8162 -3.2947 7.7504 
3.953 -3.8936 5.2105 2.1799 4.8556 -6.5953 -4.349 5.9961 1.8723 2.0148 
-5.9265 -8.2297 -7.2178 1.9207 7.0379 -2.4674 7.9569 -7.6148 -6.5339 3.9627 
3.3265 -1.5693 2.1413 -9.4134 -0.20939 -3.9181 1.1895 -7.0453 -3.3171 -3.5129 
-1.1387 -2.6493 5.8542 -2.255 -8.1495 -1.333 9.6289 -4.6423 -5.2835 1.8468 
-1.3341 7.0506 -5.7642 8.8774 -1.5098 7.7251 -0.74182 5.1967 5.0911 -5.3845 
-6.4952 9.6785 -9.359 3.1951 -4.9976 -2.5783 5.8265 5.007 6.4545 9.2695 
-6.136 -8.9229 6.0688 8.6266 2.162 -8.4826 -3.2168 3.8567 -4.8076 -0.088212 
2.3284 -2.8573 -9.2139 7.7184 7.1725 3.5434 -5.7363 0.99024 -8.3519 8.2174 
-4.6198 9.9813 4.82 4.1676 4.1175 9.0751 1.4641 1.0062 9.6899 -1.5947 
1.1936 -1.6997 -3.2136 -1.1503 3.0243 -0.22516 -9.2984 -5.3756 9.1684 8.9564 
8.8957 -2.387 -1.6782 6.2726 5.7048 -7.3706 -2.9743 1.1795 -2.9143 -0.050195 
4.2894 -7.9084 -6.1241 7.1051 -1.6879 5.6372 3.9171 -9.1988 -0.12495 0.23515 
3.5844 1.7922 8.9411 -6.2802 -7.7513 -3.0469 -9.3341 0.69369 5.0896 5.404 
9.1876 -7.0736 -7.2889 -2.9358 6.0434 -2.5189 4.6977 -5.3863 5.0816 4.1502 
5.5067 -2.4685 -0.61252 1.3222 -3.1151 -6.4603 -3.6523 -5.7393 -9.6372 3.861 
2.1545 8.727 7.0268 -6.3038 4.0583 -7.3825 -4.307 7.6821 9.3016 -0.67332 
8.96 4.0074 -5.0635 -0.68811 2.9894 -0.89388 -8.3198 9.1028 1.1919 -7.6989 
-8.8072 -5.1413 -1.3721 -6.3346 -9.9866 8.1356 -5.9805 -2.8677 -9.7916 9.2866 
-4.6258 4.8424 9.8841 1.8284 -4.7637 -2.3173 -2.2881 -8.1398 3.353 -1.7514 
9.7336 -3.4672 8.553 5.6199 -5.3372 8.9519 -1.8231 4.8784 -9.5533 -8.113 
5.4441 -2.6008 -9.1396 3.1094 6.5604 9.062 -9.7394 -9.2175 -7.7994 1.8664 
-0.49291 -0.14412 0.95432 -8.799 0.24631 9.7401 8.3174 -2.7423 4.077 -2.8417 
3.618 -5.9876 -9.9701 3.7491 -2.4619 -0.04711 9.0581 -6.0461 9.1025 -3.343 
-1.6613 -4.2487 4.4952 3.2371 2.9046 -9.4086 -3.2851 -9.9231 8.8848 -8.6962 
-2.397 -4.1481 2.3754 -8.9344 -6.706 7.0783 0.014852 3.5817 -5.1915 2.6822 
-5.7346 -1.4031 -2.5533 5.2665 1.5683 -9.9503 -8.8014 -8.4196 -1.2992 -4.3172 
-2.3412 -0.43774 -4.1168 -9.307 1.4244 5.1303 -8.5636 -3.2419 -2.7612 -5.4439 
-9.4066 8.6384 -8.8972 7.9548 -1.2386 -4.7394 -8.1241 -4.6793 2.6812 9.9784 
-0.55358 6.7246 4.0138 4.1447 -4.6586 7.645 7.4731 5.8567 4.3742 2.9262 
-3.3325 -4.2005 7.8593 -8.2108 3.8344 -0.86476 4.5056 -5.5186 7.0723 -3.1144 
9.5169 9.1615 4.5205 -3.3235 9.5043 -2.9916 -0.91457 4.6103 4.2034 2.0907 
1.1089 4.461 1.7104 -7.2329 8.1103 3.8929 1.4703 1.751 -8.9724 4.3278 
6.9261 7.2962 9.0442 -5.2154 3.4647 7.2552 -8.7917 6.2003 -3.2287 5.8092 
-1.8387 0.465 -2.785 9.4215 1.734 3.259 -8.4004 -2.782 1.3615 -1.6546 
-0.75964 -8.9446 -8.175 9.4209 -1.5953 2.5125 -1.6551 -7.1994 -6.0311 -0.78673 
6.5261 9.2003 -0.26166 6.139 0.75349 -0.65407 3.921 3.7452 9.5666 6.3897 
9.8241 3.4442 -6.6883 8.4615 -2.4651 -8.239 -2.689 -0.68549 0.53242 -2.1223 
0.47895 -8.6907 -4.8535 3.6449 -7.6315 3.714 -1.355 0.62136 -7.2274 7.7295 
8.5087 9.5827 -9.9651 2.8801 9.3959 -6.6438 -3.7762 1.1621 -6.4149 -2.7605 
4.7804 -4.1031 5.265 -0.065015 5.1365 6.6928 -7.8796 2.5092 1.6141 0.64684 
1.3486 8.9982 5.2759 9.8375 1.2459 0.77213 2.9308 7.9083 -3.5009 -3.2128 
9.3756 -6.5316 -9.6865 4.4814 8.388 3.7594 5.95 -8.149 -2.5367 8.9965 
6.49 -9.9819 -7.525 -2.4019 -6.9168 4.8281 2.0884 4.7856 -4.2998 6.4102 
9.1922 7.5691 -8.3912 -8.4088 -3.1669 0.92287 -9.7205 7.7564 1.8472 -6.2336 
2.9269 7.0107 -8.4385 4.6517 -0.41208 1.4764 -1.6526 -9.7743 -1.8043 1.3489 
-2.4085 -3.2718 1.8249 0.27469 -4.5624 -1.9336 9.349 5.7333 9.055 9.646 
-0.46851 -8.0334 -0.077441 0.44696 7.4603 -3.0219 -3.2681 -4.622 -4.1934 -1.7208 
8.2378 2.5624 -0.14122 6.2871 -1.4258 -6.191 -0.94702 9.6604 -6.7619 1.3046 
-9.7029 -1.9917 2.964 6.6924 5.0169 5.6478 -7.6701 5.7072 -6.9519 1.2009 
-6.8661 8.561 6.8149 8.9371 7.7919 3.0517 -9.1532 3.5561 3.9847 0.55526 
-0.56864 7.6121 -9.657 -0.26893 -5.3195 -0.54767 9.9508 8.1912 6.4875 -1.2038 
0.85983 2.3816 6.8812 -6.3952 6.0605 2.5343 1.5241 -4.4128 -6.2317 1.8114 
-8.8062 7.8788 5.4379 -6.4282 9.228 -9.9324 -1.6507 5.3389 7.3582 -2.9054 
3.1606 -5.8189 -4.2179 1.9539 -6.7386 6.3191 5.993 -8.3976 -1.9324 9.6844 
7.7927 -4.834 4.0127 9.4945 2.9766 1.5728 -2.8091 -3.5639 4.237 -5.7642 
-7.8073 -9.9175 8.2609 8.5506 2.3265 9.2067 1.4228 0.7203 2.9055 -7.9507 
-1.2445 -8.1909 8.8979 1.0785 -5.632 9.1104 8.9349 8.7093 -6.2615 -9.2251 
-4.3954 1.9164 -4.6405 -4.2209 9.7375 3.9787 1.4715 -0.34584 -0.60711 1.4684 
9.7049 -4.0137 -6.9128 -5.4892 3.8293 5.7026 -8.6069 -6.1793 -0.86843 -8.6115 
2.1752 5.5087 -2.5881 5.3339 2.678 0.35724 -6.8963 2.799 7.2655 -0.82739 
-4.925 2.8478 -5.5437 -5.6359 -1.4726 8.7084 5.2824 0.51946 -9.8516 0.99887 
-7.3477 -6.4091 -9.4748 -1.101 6.8084 3.8359 -9.1053 -0.22706 9.4758 -3.3808 
0.9001 -4.3332 -6.3784 -2.9759 9.1407 4.5116 4.9432 -3.4684 -6.8495 1.0859 
6.5561 -7.2829 -5.123 -1.5803 9.1284 -6.0629 -9.05 -6.5573 -1.1811 -9.5959 
6.7401 1.2699 9.9424 6.1328 -0.14078 -1.3231 -6.2089 -9.8864 2.8754 0.84458 
6.667 -7.1149 3.0987 -9.3878 5.5301 9.8453 8.3511 3.8538 -8.1597 -0.70024 
-5.9257 7.1211 -7.6433 -5.3374 -2.9736 -2.6947 -9.63 -1.448 -5.1232 6.7656 
0.88835 -9.3918 6.4953 8.1598 7.8452 -3.454 4.9699 9.0035 -2.9198 0.53173 
7.4989 7.0065 4.6285 6.8209 2.6861 7.5992 9.5249 6.9975 -9.7334 -8.9759 
-7.58 -5.344 4.2876 6.6307 1.6815 6.9559 -8.3631 -7.9514 4.6863 -1.5391 
7.127 5.0987 1.1444 -6.8893 4.6732 2.0648 6.7946 1.7143 -8.3603 8.4584 
7.9955 -8.8722 -2.3786 -3.8888 -3.0109 -0.8526 9.2593 6.695 -9.9838 -4.4505 
-5.6427 4.1529 -3.0529 4.7441 6.8108 -5.9573 -5.5462 -0.85838 -4.7739 -4.6472 
-8.4604 -6.3176 -8.2924 2.0246 -8.6442 8.588 -8.816 9.408 -4.4613 9.9033 
-0.5157 9.8921 -5.7566 1.8268 -7.1343 -9.6606 0.14585 7.2611 -1.4773 -7.4948 
6.7005 0.33399 -8.2286 8.2361 -2.0596 -6.3248 9.3025 8.6169 4.2826 -1.3142 
-0.61213 0.76302 5.1907 0.088965 -8.6424 9.7913 -3.3036 -4.4451 0.47033 0.66614 
-1.7246 -4.5697 -8.6076 5.8478 5.3874 5.862 -3.4453 8.7827 8.9282 0.53804 
0.054925 -2.4349 1.7155 6.094 -1.9389 -5.819 -4.1176 -1.1599 -5.2646 9.154 
-7.4912 0.24293 -4.3442 3.0204 -0.14383 6.9231 8.2014 -7.001 -9.9101 -9.1708 
-7.3543 0.30837 0.43318 1.9808 -1.3386 8.6866 -8.1473 -1.6201 -2.9559 5.3075 
7.4095 -0.62133 9.4854 -4.0404 3.6099 -7.8494 -4.0077 8.416 -9.7309 -2.1222 
2.059 -6.9167 3.6843 9.3151 -7.0068 -6.9641 -2.2993 -1.6778 -2.2283 -3.5745 
-4.694 -5.6975 -1.9704 8.4476 2.3436 0.87264 -0.88971 1.1549 9.5517 1.3765 
7.2961 2.9035 -7.9046 3.0057 2.9372 7.0361 -7.8524 -7.1685 -7.0929 0.79646 
-8.8378 2.1228 -1.7023 -6.4832 8.5393 -0.68372 2.7209 5.5083 -0.40453 -9.3638 
-0.84492 -6.3531 0.95399 -6.4231 -8.6823 0.083059 -3.8398 8.8902 -9.365 3.8382 
4.4442 7.3538 -5.373 -3.4941 8.9636 9.9312 7.5458 5.8551 -4.349 -2.3931 
-3.22 0.55436 -9.8794 2.6709 -9.0315 -6.217 6.0533 -0.46088 1.4543 4.2139 
-1.9756 9.4908 0.82272 -4.3309 -6.5909 -4.4926 6.0363 1.363 3.1814 1.781 
0.5396 -4.2903 7.5979 -3.9321 0.62968 -2.4688 1.4803 7.6821 8.6718 -1.4116 
7.8847 8.9816 -2.4316 7.8267 -7.173 -9.1069 0.7736 2.379 7.485 3.0697 
5.5672 2.1521 6.5299 9.577 -4.8879 -7.6436 5.7449 5.3946 5.8317 4.594 
-8.6126 5.5298 -6.9453 7.0403 7.8194 -0.1588 0.17304 -7.6905 4.1537 -3.1812 
-4.4243 -8.7304 2.0057 -0.078817 4.3965 -3.87 9.5455 -6.2596 -4.717 0.34984 
-2.4126 1.8231 6.7672 7.5094 -2.0264 -5.5959 2.9514 -4.0495 -9.1243 8.6693 
7.2935 7.9952 -3.5541 4.1923 -9.1899 -9.3451 2.7111 6.2567 3.1659 -3.5501 
-1.6008 0.19576 -1.8809 9.0664 9.4935 -9.6727 7.2702 -1.9437 -9.1858 -9.8519 
-5.2025 0.6567 -1.7091 -4.8201 3.6905 -3.4488 -8.5715 0.25903 2.3721 7.1342 
1.9531 5.9715 1.5619 8.4758 -1.11 -0.067119 -5.6526 9.0938 -9.1837 -5.1677 
-0.41191 3.1019 -7.4274 5.1112 6.242 5.6479 8.8348 -9.9883 -9.319 -7.813 
7.971 -0.73884 -7.9166 3.1806 8.2097 -3.3556 3.6151 -9.7827 -7.562 0.91229 
8.6942 1.1463 -7.1281 -5.5106 -5.9287 6.0119 -3.3811 -6.1182 -2.1905 -2.0776 
6.3577 4.8607 -1.2049 6.3929 1.6771 7.5368 -1.4698 0.72854 -8.3757 0.31508 
4.1782 0.28643 -0.56308 -1.3353 9.1482 -3.6525 1.5033 6.9572 -6.7729 -5.9045 
4.8644 -7.5844 3.7339 -2.2044 -4.5061 3.9267 -0.83118 -9.9494 6.7772 -5.6073 
7.9942 -4.6383 -2.8133 -0.46202 -2.9031 8.4763 -9.3814 7.2794 4.2468 -0.23481 
-8.6952 8.4972 -3.8105 -4.6081 8.7926 7.7911 -7.3282 -6.5943 2.4121 4.8607 
-3.2818 1.7879 -9.1769 1.7765 1.1549 1.9838 0.12104 -8.6244 -1.178 -2.2932 
-9.9133 0.78447 8.9504 9.3941 2.6119 -7.6596 -0.038109 6.6307 -8.677 0.006528 
6.5619 8.7453 -8.5077 7.6137 6.4664 -7.232 -2.2054 -4.029 -8.4729 4.7383 
0.14871 -4.8874 8.9941 9.269 7.8976 -3.0138 9.4377 -5.1122 -5.6669 -1.6875 
-2.6768 8.238 -5.3508 0.30012 -2.0267 -8.5416 -7.2709 -1.755 -4.8988 -6.3448 
-5.4672 1.1423 -8.2906 0.19797 -0.85119 -0.10755 -0.28597 1.63 0.96917 9.713 
0.69663 4.7737 4.5701 1.112 -0.43033 -8.6872 1.3431 8.3336 -6.1651 3.4797 
-4.2103 3.6864 5.08 6.9933 -1.9972 4.5087 1.8395 6.2584 -7.5916 9.0735 
-8.6326 -7.2059 7.9034 6.7881 6.8804 4.8615 -2.1316 0.7877 3.2096 -5.3117 
-8.3006 9.4698 2.0586 -7.4314 -3.1838 -1.5303 7.0404 -8.2569 -3.2413 -7.6145 
-8.6332 -1.5092 -0.36601 -4.944 -1.0937 -1.0621 -9.9181 6.2607 6.3278 3.6533 
-1.8037 -8.4758 -3.585 -3.2825 0.12779 1.9476 2.7035 6.3644 5.8865 -4.1744 
-7.5324 -7.8415 -0.73528 4.6169 -3.0544 -4.1606 3.9099 0.3395 -6.8937 9.8581 
-1.1397 9.4448 -0.85067 3.6233 9.6584 3.279 7.9294 -5.2075 7.6421 4.7188 
7.9788 1.4071 1.7924 -3.4576 3.5574 -7.8069 2.7709 2.2052 -6.7084 -1.1831 
-2.9272 -0.3235 4.6907 -2.7917 -6.212 -7.8368 3.8724 -4.639 8.0553 -7.3544 
-7.5964 2.8998 9.9864 -3.4013 -5.0916 -5.1749 6.9527 -5.4049 -0.38905 2.5826 
1.3822 -5.6359 6.558 -0.67316 -8.0582 -2.602 0.97932 -4.5502 9.3847 5.2928 
7.5007 3.8981 -4.4093 7.4215 2.8781 -7.9185 1.4189 4.4686 5.4402 -5.7833 
-3.0285 -5.0849 6.6355 9.0727 9.462 -6.4793 2.1266 -5.5378 0.9223 5.3085 
-9.1616 2.6724 0.56415 1.2843 3.4999 -4.9633 3.4521 -2.2163 -9.5354 6.4829 
-7.1532 9.2027 -9.8511 8.8935 0.93577 7.8264 -3.2343 -0.38046 -1.8727 7.9537 
-8.4681 4.5284 5.1401 6.6528 1.8321 4.7552 -5.7402 -1.277 9.3522 -7.0235 
4.8105 9.3932 7.012 -4.5812 4.0515 -0.37639 -3.1034 -9.4114 7.8533 -8.1335 
-0.8695 5.2428 -5.4982 -3.2511 -7.6785 2.0287 -8.3718 9.0705 -2.2918 -4.0269 
3.365 0.50192 -1.004 -6.6504 -8.0608 -9.7043 -7.4978 8.3271 -6.3318 5.5402 
3.9849 -1.0642 7.7492 9.3092 2.4972 -5.6564 7.3116 -2.7113 -8.1979 -9.5185 
1.4271 2.7672 -8.1492 -1.7748 7.7155 -2.5508 6.4818 -1.707 7.6853 -4.2605 
2.5739 -3.8572 -0.072505 7.3188 -7.2595 4.0002 -8.6764 0.29067 3.0343 -3.544 
7.5553 -1.1319 -5.4272 8.4131 3.0959 0.95319 1.4151 0.07039 4.3697 -9.5764 
3.247 3.3054 -7.7853 5.7447 6.2468 8.9238 -1.8073 3.2732 -6.0229 7.2223 
7.5083 6.4455 -0.99511 -3.1002 1.0002 9.0273 2.2 -4.903 -2.4537 9.1696 
-0.64966 -3.6196 -9.3626 -8.6139 -1.7262 3.4968 5.8286 -0.39753 -6.7488 8.5781 
-7.1733 3.1409 -5.3261 5.2686 -4.4384 0.40076 -6.062 0.46271 4.7204 9.0774 
-8.6373 0.10807 -0.17178 1.8995 3.4741 -6.5705 -3.9251 2.8866 3.1363 2.9845 
4.2848 -6.8511 -3.1158 1.2861 2.148 -9.3831 -5.3055 1.343 8.7026 8.1815 
-3.8403 -3.8985 1.815 3.683 2.5681 -9.2873 7.108 0.3392 1.6262 -6.1558 
3.4233 -7.898 -5.3553 2.5203 -7.0259 7.7018 8.2966 0.52875 0.39597 9.2834 
3.0484 7.4124 7.8016 4.8268 -8.9001 -5.3531 -4.1041 -3.026 2.6625 -5.114 
0.62098 3.579 1.3497 4.5145 -7.466 -9.0311 -1.23 7.7378 8.6936 -5.0912 
4.3021 6.5375 6.6069 -3.2719 -1.9721 -6.9516 -0.036265 5.019 1.0561 -5.1456 
0.096212 8.9214 -6.6429 -4.8617 0.46635 -2.8277 1.0037 4.7468 -5.8315 2.7627 
-0.24001 2.6121 -3.7203 -5.3419 -6.0269 4.7315 4.9208 -1.3735 -0.84031 9.4432 
-0.043234 0.26804 1.5314 8.6482 -0.68198 6.5219 -1.8707 7.1632 -2.6503 -5.2824 
8.7195 1.1199 -7.5666 -1.0737 5.1681 3.2496 -5.2897 -9.1441 0.88874 0.5785 
-2.2144 9.7486 3.3667 5.1721 -1.772 4.2073 3.5384 0.50038 -1.1668 3.9347 
-7.6571 2.538 -6.389 -1.7721 6.677 -4.337 4.7122 -0.88347 -1.2767 8.3531 
-5.1915 7.0403 -6.4409 4.1652 -0.88096 0.87847 -8.4963 6.8829 -3.2144 -2.7813 
3.6982 -0.19499 6.2042 3.3439 8.2543 4.3047 6.2732 7.7297 9.5479 -7.6944 
6.7851 -9.6008 -8.8505 8.3058 -8.0531 8.4672 0.69746 8.0978 0.98605 -7.3414 
9.4029 -5.1234 1.6651 4.7557 8.385 2.0661 -6.0612 -0.66867 -2.6845 -0.83224 
-5.6966 1.0015 4.0836 -3.6265 2.4124 -1.6357 -6.7876 4.8687 1.8774 -2.5509 
5.2069 -7.9687 8.082 7.7627 -3.4406 -8.887 -2.9017 -6.2207 -3.5802 -5.3251 
1.6821 -0.51376 -4.2104 -4.1982 -5.4204 9.0966 8.5202 -7.0194 5.2361 4.2043 
-1.941 -6.5094 7.1982 8.3763 -0.34144 -2.6534 -0.45226 4.5961 -7.6258 8.9716 
0.20081 -3.4923 -1.8012 9.7415 -8.1099 -7.636 9.7032 6.585 3.9807 4.039 
-0.087116 -7.7923 9.9598 -0.7188 8.4207 3.359 -1.2884 9.5725 7.9802 -9.2454 
3.0274 -1.4353 2.3274 7.0314 -1.9864 -6.0354 -9.7374 -4.6708 6.2959 9.4707 
4.8741 4.3798 9.2029 -3.3115 -1.1221 -4.8367 -3.3284 -1.7511 5.449 -3.2473 
-3.9609 5.3523 -9.2243 -8.3345 -8.6587 -2.9394 -4.5581 9.7881 -2.347 4.2897 
-8.2078 8.5437 -6.3942 9.9334 0.71491 -2.3758 -1.4291 -6.9737 7.4329 8.8638 
6.5193 5.1391 -7.7786 -4.5751 1.0809 -0.24733 3.8877 6.1448 -5.9794 -4.8006 
-2.2083 -3.35 -6.2747 2.2675 -4.7863 4.4679 4.2059 3.1955 -3.3743 5.8438 
5.5061 7.6112 7.5501 8.4496 8.1907 7.2953 -9.1037 -6.0109 -8.0508 6.9977 
-6.4126 0.51219 2.3034 -4.7875 -9.7585 0.30258 -7.181 3.3042 -0.044068 -0.16772 
-7.8128 -4.6532 5.155 -2.9845 4.5061 8.7044 4.5926 5.7639 3.0069 5.8595 
8.1032 -6.6357 0.89839 5.3808 7.1305 4.1404 -8.2406 1.8713 -2.9811 -8.5327 
7.527 -9.0998 -6.0682 0.42361 0.46101 -0.42418 6.2212 4.2393 9.5795 8.5949 
9.9959 -6.5845 5.2128 -2.9134 1.8529 -2.7185 3.7654 7.0158 4.9117 5.7649 
7.2851 8.5155 -6.5549 -2.8676 -0.082661 2.6574 -9.3178 -4.4706 -9.2042 0.78631 
-9.2624 -7.8275 7.2312 5.4151 -8.7815 2.6044 -1.6452 2.5772 8.6605 7.7997 
0.89365 6.683 6.6304 -7.8903 2.791 7.9348 5.8232 0.38221 -7.5028 -3.2456 
9.9523 -6.9637 4.981 -8.4038 -3.5887 4.4106 -3.6523 8.1345 4.9217 6.6747 
0.22016 7.1175 4.4243 9.1655 9.8625 -3.306 -8.3681 -9.1164 -1.091 8.7088 
7.4702 1.9714 0.46109 8.1672 -5.2514 6.8939 -5.6218 8.7158 2.2449 0.94449 
-8.5956 -6.0446 8.2443 -2.5886 2.9558 0.2841 -7.0788 -3.9769 0.89088 -2.6989 
9.7508 5.9506 -4.3822 -8.0477 -6.355 5.7489 4.7499 -0.63312 4.6896 -5.3809 
8.4543 5.7477 -7.7853 -2.6459 -3.7246 -1.8481 3.8688 -7.7339 -1.166 -2.4377 
1.2852 -8.0883 -2.9113 3.8076 0.89404 7.2509 5.4435 0.28919 3.9498 5.1128 
-1.3708 -6.571 -7.6438 8.3222 -3.6029 3.7146 7.2183 9.6069 -9.7281 8.3248 
-3.2431 2.0562 2.1186 1.2336 -7.9389 -0.14756 -4.3153 4.4476 4.2086 -3.795 
4.4145 -3.498 -2.8023 1.8133 5.215 4.6592 1.6575 -8.9306 9.7015 5.1618 
-9.7269 -4.6543 1.5026 -3.0094 7.1691 -8.214 -4.3183 5.1076 2.3933 -4.2339 
-2.5188 5.786 2.3873 -3.6201 -4.7945 -7.2308 -0.2347 1.9537 -1.4334 8.2191 
8.4537 2.3323 4.4172 -9.6888 4.2595 3.8536 -9.0798 4.8489 -8.7487 -8.2518 
0.92959 3.7293 1.1446 -1.6878 -0.84884 4.3823 2.4638 -6.5052 4.3073 -2.5927 
-0.52226 3.9487 -1.0097 8.5919 0.31517 7.3134 8.177 9.0794 -1.0354 -8.2428 
-0.069254 8.6404 -3.0895 -3.3229 -3.4644 -3.5202 4.5841 -7.829 -1.7626 -7.9993 
-3.8206 -7.5962 -8.795 -3.9495 -2.0542 -0.014517 5.0099 -6.2863 9.4244 -9.2142 
9.0168 2.1377 -1.1191 -7.2604 0.33357 3.3117 8.2754 7.1838 -7.1794 -2.215 
9.6399 -0.20265 -5.5824 2.3537 0.71984 -8.2593 -3.6972 -3.3925 -2.5335 -2.3449 
0.27126 0.59403 4.4952 0.91341 9.4607 5.418 5.7226 -5.5135 -5.9465 -8.5168 
9.8518 -5.5626 4.8576 8.4814 9.8297 6.1719 -2.5721 -1.6522 6.5259 -7.0183 
-0.88313 4.9636 -4.7805 -5.7699 6.0811 -0.38262 0.7145 9.0235 5.3544 -5.0466 
-1.4792 -4.8369 -9.9214 6.6405 -5.2962 -2.8358 -0.044977 -5.7272 5.3646 4.1873 
-5.7357 -6.0177 5.7139 -2.3209 8.8928 8.7745 -2.4242 -1.3612 0.43166 -6.6861 
-6.135 7.4305 9.7402 5.4287 -9.2678 -5.8214 6.9866 -9.3579 7.3126 -0.02152 
6.6551 -9.4563 2.17 -5.671 -1.5093 -8.0577 -4.7961 9.7426 -7.4615 5.9285 
4.5327 -9.2732 -2.8116 7.6724 -2.1057 1.2557 -6.9489 0.0012882 5.5354 7.7458 
0.59491 -1.2401 9.2865 -1.0585 1.8699 -6.6508 0.10023 -1.5403 1.9981 2.9877 
6.5816 -8.6862 7.4644 7.8846 8.8289 4.7764 6.0556 -5.3371 7.2098 -2.8539 
0.23749 9.5877 -1.2973 -2.8145 1.0037 9.0995 -9.4472 -8.7153 -7.0372 4.2376 
1.0392 2.578 -6.9345 3.8877 -4.7953 -5.5091 -1.3605 8.6671 2.014 -7.8018 
-5.7343 3.1266 3.0273 1.7725 3.0769 -4.2749 -5.306 5.2052 9.4028 -7.5407 
1.7564 -3.4419 -6.7898 6.369 0.85558 -5.115 5.9996 3.539 -1.0238 5.3511 
-7.1447 -0.49 -3.6093 -6.7037 5.2196 -0.33643 5.0708 6.0923 -0.81401 -7.0757 
-8.9555 -9.6752 -7.0232 -6.6682 3.6182 -5.9546 8.8867 -6.1696 5.8073 -8.2262 
3.6662 -5.9994 -6.7765 1.2867 0.27866 -3.4725 5.0773 3.7078 -2.5845 -0.63653 
2.1712 7.1699 -4.9581 1.4526 -1.4305 -6.9863 6.1008 -5.1226 -8.1244 -0.8434 
-5.6069 -8.6492 -0.34965 7.4906 6.8978 -0.76559 -7.6418 -1.9508 0.025998 1.01 
-1.8744 -3.785 -1.4382 1.9591 4.8379 3.1162 4.3515 -7.5373 -0.28569 6.6207 
2.5982 6.5325 7.8993 0.033103 0.50519 -8.4609 -8.9292 1.6574 -3.433 4.308 
1.1062 2.2374 -4.2486 -3.9242 -7.4773 -2.9896 8.7979 -6.4832 -6.2717 6.4201 
-7.4484 8.292 -3.998 -2.7443 -7.8258 -5.7456 -6.1483 -2.4735 9.815 4.7205 
-6.616 7.6822 1.2962 6.5422 -1.4126 7.5233 -2.6785 0.69715 1.6715 8.3545 
-9.98 -5.0937 5.3498 0.44758 -0.84424 1.0782 0.28994 -0.16567 -7.907 -5.1696 
-1.6368 9.164 8.1286 1.2516 6.8145 7.6809 7.4232 8.8305 -7.6774 -6.9907 
-0.23029 -0.95407 -2.6786 4.9246 8.0467 -2.8884 -9.3274 -3.6353 7.8681 5.1685 
-6.8026 7.7712 -3.8815 3.1647 2.808 9.7234 0.047452 -8.5687 0.047049 -9.1791 
3.3368 -0.70299 2.0765 9.8127 5.5667 6.4295 -5.0689 7.9278 0.76397 -4.4779 
-9.6416 1.7044 -0.21569 3.7611 -6.0975 7.2182 5.4591 2.5852 -6.5694 8.0603 
-7.6065 -9.7664 -5.1114 1.9007 3.6733 -6.6089 2.9745 9.6969 -5.4923 -1.046 
9.0425 4.5687 7.4482 5.1434 4.2285 -3.8518 -7.4409 2.8695 -0.30466 0.72317 
9.5171 -1.694 0.62654 1.4635 5.1469 4.8505 -4.4357 8.6777 0.046803 -8.3701 
-9.3817 -7.6273 4.633 5.9621 5.859 6.8974 8.1081 8.1218 -1.0801 7.5244 
-0.12236 1.9251 -1.9033 8.4659 3.4501 9.7591 8.5767 2.8075 4.3207 3.7492 
7.2544 -9.9062 4.4401 5.4248 -7.6066 -6.8709 0.49583 -0.76069 1.5798 4.7262 
-5.1425 8.7891 4.0762 -4.6112 4.2527 7.4231 -9.471 -4.2584 -9.5381 5.1928 
6.6854 3.8282 -4.0527 8.9513 -2.5095 5.4254 -5.783 7.9771 3.358 -4.778 
6.2718 -4.564 -8.3884 7.268 -5.387 4.056 -0.73651 -6.6685 -5.9495 -5.8058 
2.5795 5.0747 2.3831 1.7848 5.5073 -0.083778 6.4092 -4.3035 8.5161 6.7771 
-9.9552 3.1666 -0.63265 -6.9714 -1.1449 -5.4999 -3.3621 1.5946 -1.4649 2.5603 
-2.4055 -4.3258 9.0568 4.9233 4.375 4.132 6.0866 9.8744 -0.14428 -5.925 
8.0881 0.71229 -3.2953 1.7217 9.4391 -7.6443 -5.7742 -9.5806 -7.2219 9.0957 
3.607 -8.7957 3.8718 5.1231 7.0543 -4.5587 5.3583 -9.633 9.5062 1.2262 
-2.4235 3.5485 -0.70399 -8.7382 -3.8939 -0.79501 -7.7657 -7.0022 -8.048 6.0894 
2.6391 8.4577 -4.9318 -1.731 8.8783 -8.0272 -0.38869 -1.8351 7.8851 -5.6876 
-5.1346 -0.66723 -0.45744 7.7988 8.8232 -3.516 0.88896 -9.7346 -2.5047 -4.0273 
1.4283 -2.6238 2.2372 7.5227 -0.81744 -0.39149 -0.48028 -9.9682 -3.3579 -6.7377 
9.6346 8.3479 -1.0247 8.7977 5.6552 -4.8791 -7.487 -3.7017 6.4851 5.0553 
6.9936 -9.7685 -8.2776 -3.2893 -1.2915 -6.2968 -8.4755 -5.2292 6.0932 0.86386 
-4.3311 8.5847 9.4572 -8.1296 0.85994 2.6868 6.6415 -2.8161 2.4385 -8.2155 
3.6492 3.8684 -6.0267 -0.074516 3.1762 9.7475 4.6146 5.0939 -1.7012 -2.3026 
-2.8375 6.4247 -8.206 -8.1165 0.77498 6.6282 -0.39361 8.1535 6.9892 9.9708 
9.7385 7.1547 0.86063 7.3943 -9.2183 2.0139 -8.6618 -4.9475 -9.1519 8.6076 
-8.3203 -7.7885 -6.7522 -7.8591 -5.0655 -5.9305 1.055 0.4507 6.4543 -1.7905 
-4.9939 4.1 -9.9045 2.7967 2.8318 -4.6625 -0.15844 -2.5862 -9.9304 -1.445 
6.2269 1.0333 0.9187 -3.2676 -6.4914 1.0655 9.9332 7.8976 -9.1755 -6.4661 
-8.3115 0.41256 2.6132 -3.6852 7.117 -9.2232 -2.1258 7.3907 -7.4374 -3.3859 
0.62508 -3.7254 -2.1378 7.0714 -1.3581 9.3985 4.0075 -1.7091 5.3238 -3.644 
6.0125 -6.7717 1.3497 1.3811 9.0248 -5.8009 -2.859 3.5462 4.7675 -3.6619 
4.7765 -3.6054 -8.3349 -0.38689 2.2645 -0.61562 9.917 3.2371 -4.1462 0.36468 
-7.1667 3.4213 0.018384 2.726 2.5629 4.1883 -5.309 4.722 4.4797 6.0941 
-1.2421 0.47902 -8.2785 -4.8984 7.2068 -1.9754 -8.1146 -1.8997 0.16886 -7.7936 
-2.9924 2.156 -4.9601 -7.9156 8.3485 -4.8574 5.2849 1.1456 9.0726 0.011331 
-0.43005 5.2063 -6.5394 -2.7924 1.0385 -4.6866 7.1127 -2.4821 -2.1609 0.93256 
1.7481 -6.7227 -9.346 0.36817 6.3934 -3.7108 -2.1297 4.2045 1.1979 -7.4186 
-7.0839 -0.11277 7.5298 -6.9396 -0.86021 9.3375 -5.9836 -2.8763 -5.1831 8.9002 
8.1066 5.2938 -8.845 -7.5046 9.3994 1.6817 -5.2538 4.5288 4.6833 -9.2178 
2.8039 -3.9838 -0.64822 7.2633 -9.8828 -6.4908 -9.9637 -4.689 -9.5637 -2.7236 
-6.7412 6.7773 2.147 -4.6566 -8.1332 -9.053 -1.0404 -5.3906 8.6325 0.86563 
1.3182 3.5962 -2.8456 -3.4039 7.8792 -3.5314 -8.3204 9.8271 3.2119 4.964 
8.6323 -3.4308 -1.0744 -4.3571 7.3145 -3.2936 8.341 5.0765 -4.406 -6.9272 
5.662 0.76527 5.9245 4.2206 -1.8974 -0.71093 -1.2161 5.7632 -3.1512 2.6371 
3.7137 6.7563 6.2753 -9.508 -3.5229 1.0663 -2.4448 -5.96 5.4214 0.36893 
-0.67561 -5.1405 -3.9403 -9.8918 -5.3385 7.2838 3.7439 4.7044 6.5943 8.3466 
-4.7936 -9.6103 -5.0629 -8.3575 -5.229 -5.4447 3.0703 2.5686 -8.1149 0.36867 
1.3854 2.1496 -2.2133 -4.1718 9.1311 0.79526 -4.7017 9.0665 0.60148 7.5803 
-5.0246 0.77586 -6.7139 7.1966 2.3949 0.47022 1.356 0.85437 1.6128 -9.2138 
-3.614 -5.473 5.024 -8.2174 -8.8566 -6.3818 3.3078 -5.9072 7.1646 -9.0511 
8.216 8.3988 -8.7888 8.2011 4.0909 -6.2714 4.7843 5.232 8.536 -6.0645 
7.7044 8.7199 -8.1733 -7.1118 -4.6919 9.8767 -9.4812 5.0908 2.519 6.2962 
5.8918 -0.22741 8.7982 3.4943 -7.2705 7.3563 -0.70387 -8.8644 -0.34139 4.1452 
8.5162 3.9526 1.6734 -5.7441 2.9575 2.8849 -7.3322 -3.5189 -4.4102 2.3775 
-6.4232 0.33171 7.1596 -3.5186 -0.6733 1.2352 4.9824 1.245 -4.8002 4.0684 
0.35082 -4.2953 -2.394 0.085663 -5.1533 -7.9554 5.1642 -4.4115 4.056 -3.9789 
2.5401 -9.811 -2.7927 -9.9217 8.949 2.4571 -5.0546 2.0698 6.9906 -1.0902 
8.2636 -4.141 -4.1584 -9.0927 -0.49471 -5.2134 9.2599 -7.4789 5.5723 6.9066 
3.2794 3.3297 -8.2875 7.6574 -0.99307 0.88688 -5.0444 -3.1912 -9.6295 -2.7788 
-2.2161 -6.8982 2.9119 -8.6067 5.5887 7.5407 7.6779 1.243 -2.9749 -2.9317 
4.8002 -5.4884 8.6639 1.8922 -0.24729 6.7564 -0.53925 -3.462 8.2101 -6.2522 
6.3527 7.5524 0.88799 -3.1867 -7.5784 -0.78205 -2.838 0.27959 2.6952 4.9525 
2.0069 2.1146 3.3995 8.2812 6.1166 -6.9021 -8.5936 0.48454 5.0102 7.8134 
-8.3001 2.9363 8.5022 3.2784 -6.2285 -1.61 -2.9145 3.9367 -6.64 -3.3961 
8.4472 -8.6163 1.4933 -4.5314 -1.2071 3.5842 1.8794 -6.3398 -5.3269 7.4633 
-8.928 -5.6291 8.256 -2.1279 0.14877 -3.108 -2.9223 -7.0265 -0.91712 -0.29074 
0.5405 5.5999 8.5509 -6.8614 0.015635 -6.8085 3.0137 4.3103 -8.46 5.6615 
-7.6229 2.5815 -4.2457 4.9749 2.5035 -1.2841 0.90702 1.758 -8.5093 -4.7493 
-2.3971 -8.5877 8.8139 -9.2777 8.5219 -6.0783 -5.5318 -7.1556 2.5309 -8.3312 
6.2567 3.1444 6.2913 9.5955 -9.8285 7.2065 -5.2323 1.1408 7.5335 -6.7267 
-5.1181 0.39319 0.50401 0.11132 9.6618 -4.4452 -3.6077 -4.2634 -9.4246 9.2056 
7.6885 8.9506 6.3917 3.3053 -6.0431 3.8796 2.0863 3.7625 7.2669 7.839 
4.2529 -9.583 3.9325 0.8087 -2.8915 -3.2534 1.7413 2.9745 -1.1395 1.8464 
-2.437 4.5744 7.49 -1.2172 9.7135 3.0817 -0.8766 -7.6646 -3.3563 -4.1132 
-5.0216 -2.0296 1.3542 -2.0282 -0.33553 -1.1396 -4.6672 -3.0953 -6.974 1.5301 
-4.9429 3.7449 3.5685 -5.4498 -6.6407 4.686 -4.602 -1.673 -4.7557 0.07931 
5.3449 -8.5383 -9.4237 -3.5069 9.1722 0.19125 9.859 7.8776 -3.2162 -5.8415 
-9.0028 5.1609 5.1885 2.8758 9.5341 4.2112 2.9175 -4.0428 -0.10292 -9.9957 
3.7058 -8.9855 -6.4916 4.5061 -3.9103 -0.65627 -0.39637 0.89135 -0.85257 -8.2126 
2.4056 2.8482 1.1976 -9.4765 3.327 -1.0474 2.5722 -1.9767 -2.0897 8.4779 
4.9337 0.015498 0.64349 -2.9409 -6.8995 0.86726 6.9782 4.6327 -8.2154 -8.3892 
9.5451 0.6018 -3.9198 -2.5724 -1.421 -8.0825 -5.1349 4.9004 -3.2786 -0.77897 
-2.3217 4.765 4.0014 -7.6345 0.89651 -9.6955 -7.2237 -9.2664 -4.0769 0.23982 
-4.7959 -4.5086 9.0414 -6.5465 -5.5789 1.8648 -4.2697 2.4363 -0.00087181 8.6966 
7.5494 -5.2393 0.8956 -1.2102 8.9058 5.1154 2.5555 9.7965 2.3808 -1.7396 
6.1219 5.1989 -4.8183 -5.7091 -0.70832 -6.6234 -5.9372 9.6078 2.4053 8.4473 
-0.77758 9.2019 -9.5782 -2.7863 -0.64493 -5.8496 3.1497 -1.9013 3.2394 -5.4422 
-8.1808 -6.6759 5.1485 3.7306 -8.4792 7.921 -1.858 -9.201 1.3356 8.4286 
1.2854 -2.4281 -9.8426 5.4214 -4.2197 0.93079 6.9349 -3.5926 -6.379 -8.3059 
-6.2523 -8.064 -4.6901 -3.2071 6.5807 6.138 5.2996 3.6964 0.07439 -4.9222 
0.63379 8.6912 1.0011 -9.6379 2.0051 -0.6517 9.764 2.7347 3.7714 0.72145 
-2.8993 6.0583 -7.2293 -6.798 -3.9471 -9.0816 6.9028 2.5936 -4.689 -7.5347 
-3.7043 4.6041 -1.0791 -4.2226 -7.2158 1.0611 8.2067 -7.9018 8.4152 -7.7676 
4.5348 5.8943 -7.1631 -1.6147 -2.5627 2.5816 -0.34539 -5.7987 3.3794 7.1039 
0.31546 1.4714 7.5127 -3.8147 -2.3843 1.7672 -0.47404 5.1812 -8.6103 -3.4335 
5.8129 -2.7662 1.0023 -0.87876 9.1658 -4.1395 -2.7496 0.31356 -3.8835 -6.3414 
-5.9101 -6.7733 1.691 -3.3216 7.6389 -5.2177 8.2875 -3.9627 -0.64215 0.96893 
3.5621 7.7274 0.61598 -7.1331 -5.9435 -0.65791 -8.7999 3.8054 1.1584 6.2397 
-8.9503 8.04 7.1919 -4.4815 -8.2423 -1.9475 9.8563 6.6243 -3.7823 9.9241 
6.0234 5.1716 0.14359 0.41962 -0.8381 8.4055 -2.354 -4.0634 -5.884 0.91689 
3.5714 -2.7642 4.7254 6.0834 -7.5566 -9.3983 -2.3626 5.8178 -5.3334 -4.7027 
8.9202 -0.075502 7.1497 9.771 6.1336 4.8098 2.3104 -8.8231 0.64216 3.5137 
-8.1688 3.1737 -7.7144 3.5829 -7.1252 3.1612 -4.0067 3.0745 -3.6369 7.7828 
8.1688 -4.2207 -1.3348 -6.0564 -5.3761 3.8472 2.743 5.6146 -6.0863 -9.8765 
0.19906 -7.1389 -4.3046 -7.2373 4.139 -9.1186 6.8528 -8.1632 3.676 -9.884 
2.2981 -3.8373 7.3714 1.4442 5.5747 -5.2442 8.3685 -2.1221 9.7824 0.32204 
-3.6786 -3.0512 -8.6609 -7.9306 3.7636 7.5986 -2.018 2.6704 -8.4282 9.0664 
-8.4503 -7.2092 2.2281 6.5963 -7.6326 -5.1464 -2.1818 9.3417 -2.5872 -3.2261 
7.0123 -5.6752 -3.1133 6.3715 3.3336 6.5715 -7.8484 8.6785 8.5763 8.4318 
-7.1095 1.1164 -4.6065 5.5342 0.3419 -2.051 -0.68622 -9.5477 -1.5493 -5.9543 
-2.5903 -8.9763 1.4026 5.3247 -8.9991 -2.4305 2.1242 -3.5633 3.9882 8.627 
2.4478 -1.6529 -7.3564 5.0891 8.1788 -6.7297 -0.46129 -1.0186 -4.8964 -3.8786 
9.951 4.2316 -7.3005 -4.9441 7.8375 0.079174 7.8359 7.0816 -0.07371 7.4668 
0.34688 7.5855 8.7006 6.2377 -7.6653 -7.0938 -1.9506 6.8166 -1.1336 -2.7792 
9.8102 2.0296 -3.2873 -1.4739 -1.5068 -2.9983 -7.3802 2.2549 5.799 6.745 
-5.4693 -0.70056 -6.0476 7.385 2.1131 -9.9394 -5.2766 -7.2432 7.8415 7.1144 
-2.0399 6.3084 -8.5685 -7.1077 -2.3939 -4.8977 2.7832 -5.2467 9.3114 -0.18493 
3.9314 -3.5575 8.2356 9.0276 -4.9623 -0.7531 -9.9872 6.8329 -6.0461 5.8893 
-8.7072 -2.4722 9.1388 -6.9419 5.4892 2.6981 -9.8538 4.7491 7.082 -1.3082 
4.9532 -7.2397 -2.8136 -9.2016 9.3438 -1.381 9.973 9.7691 8.0711 -3.6649 
-1.592 3.0718 -8.0782 -2.257 0.7433 8.287 4.8008 2.9375 9.5586 -4.3851 
6.2263 -9.4902 7.8707 -4.2206 5.5356 4.6628 7.0227 -7.0082 4.8586 2.1682 
