0.34557
-0.14389
-0.47629
0.75375
0.027579
0.81329
-0.78907
-0.76693
-0.03423
-0.9287
0.039826
-0.9221
-0.5558
0.51638
-0.96957
1.036
-0.2335
0.4149
1.1559
0.833
0.64089
-0.5834
-0.88919
0.3551
0.010662
-0.14843
-0.88551
-0.14421
-0.16402
-0.65021
0.40818
0.30541
0.90776
-0.27854
-0.98025
-0.1205
-0.68133
0.71749
0.95509
0.74246
1.0598
1.1327
-0.89483
0.84575
-0.24042
-0.30385
0.12528
0.67281
-0.74116
0.11705
-0.4118
-0.82195
0.71774
0.24591
-0.52316
-0.45118
0.67179
1.1117
0.91797
0.72839
-0.60783
0.54765
-0.25754
-0.25859
-0.88174
0.80182
0.53254
-0.45446
-0.82651
-0.30797
0.53487
-0.28479
-0.46633
-0.62523
0.062335
0.0034155
1.0213
0.96114
-0.63997
0.42375
-0.81266
0.82547
-1.0202
1.051
0.88824
1.0198
0.21269
-0.8511
-0.90925
-0.4122
-0.27844
0.029365
-0.14446
1.0707
-0.7417
-1.2114
0.73015
-1.0072
0.77334
-0.94613
-0.45714
-0.81645
0.40087
0.52475
0.9391
-0.72842
-0.13971
-0.723
-0.84559
-0.9605
0.68344
0.97505
-0.15247
-0.47778
0.7176
0.78839
-0.041786
0.32077
-0.46781
0.59995
-0.96928
0.0030683
-0.95691
-0.14186
0.099128
0.9657
-0.97471
-0.25888
0.61048
-0.42698
0.6463
-0.25495
0.026304
0.54807
0.1685
1.0098
0.61358
-0.98344
-0.95739
-0.46694
-0.03916
-1.0771
-0.56694
-0.035015
-0.42842
0.85879
-0.90874
-0.71893
0.66433
0.94682
-0.80719
0.80758
-0.017179
0.66583
-0.72528
-0.86089
0.3106
0.353
-0.83576
-0.74643
0.54747
0.53704
0.81328
-0.21161
0.75915
0.26142
0.6864
-0.32277
-0.9297
-0.97378
-0.14556
-0.69265
0.11195
0.43648
0.44672
-1.0154
0.40227
0.021088
-0.31349
0.090823
0.73327
0.70686
-1.0057
0.59347
1.085
-0.0043755
-0.26337
-0.038414
-0.91812
0.7904
-0.95754
0.68141
1.1046
-1.1792
-0.77963
0.39092
-1.0147
0.8854
-0.50726
-0.0326
0.092141
-0.23856
1.0195
-0.55233
-0.64087
0.16629
-0.37706
0.061215
0.1724
-0.16675
0.94787
-0.23748
-0.51218
0.69414
-0.049139
0.17408
-0.88559
0.026148
0.11567
0.78958
-1.0036
-1.0305
0.83736
0.83925
0.12935
-0.74074
-0.1778
-1.0136
1.0007
-0.87383
0.80761
-0.92522
-0.33911
0.10588
-1.0569
-0.30028
0.67836
-0.46517
1.004
-0.40409
0.73026
-0.43495
0.13492
-0.97206
-0.91268
0.90819
0.82174
-0.63524
0.82456
-0.3109
0.85197
0.91302
-0.305
-0.89912
0.57329
-1.1426
-0.58551
1.0416
0.8431
-1.0785
0.14055
0.22477
0.73079
-0.93626
-0.48395
-0.43849
-0.56256
-0.65753
-0.30171
-0.78557
0.16594
0.76129
0.88926
0.52911
-0.11101
0.84399
-0.15333
1.0723
0.91904
0.99806
0.32974
1.0278
-0.88136
0.9948
0.16543
-0.81576
0.3541
0.27373
-0.62397
0.57979
0.27939
0.65741
-0.64237
0.96884
0.98455
0.70912
-0.15573
0.40025
0.08793
-0.80401
-0.81335
-0.17073
0.63006
-0.12713
-0.25316
-0.87772
-1.091
0.20693
-0.48397
0.592
-0.89199
-0.8429
0.88048
-0.53636
0.85811
1.0741
0.85637
0.91936
-0.54163
0.93462
-0.85311
0.2802
0.86431
-0.90803
1.0363
0.91337
-0.31152
-0.28868
-0.80515
-0.91204
0.94165
-0.90932
0.97731
0.96648
0.35386
-0.82599
-0.091928
-0.50981
0.47488
0.95532
1.1304
0.33665
-0.70312
-1.0041
0.80613
-0.97004
-0.020986
-0.32667
-0.79797
-0.92709
-0.92828
0.1225
0.30885
0.85453
0.1683
-0.64734
0.69599
0.95728
-1.0361
-0.82836
0.30895
0.039728
0.33714
-1.2186
-0.79261
0.25016
-0.89985
-0.66452
-0.57245
-0.39463
0.35012
0.6656
0.21063
0.6213
-0.95269
-0.75477
0.30859
0.85372
-0.12605
0.99597
-0.32707
0.93149
0.32606
0.15651
-0.96037
-0.070091
-0.85279
1.0025
-0.69972
-0.93676
0.17527
-0.80152
0.76588
0.14864
0.97649
0.73046
0.21311
0.88447
0.98952
0.99584
0.22237
0.97449
0.072983
0.4953
0.35574
-0.80243
-1.0284
0.014676
0.73542
-0.80788
-1.019
-0.073971
0.37769
0.83164
-0.52383
0.96971
-0.77723
-0.96326
0.29939
-1.1297
-0.32375
-1.0245
-0.69978
-0.74082
-0.92396
-0.87016
-0.73057
0.40412
-0.58145
-1.0334
-1.0861
-0.70516
0.95172
-0.65005
-0.45219
0.78256
0.50691
0.38679
0.86462
-1.016
-0.39091
-0.091512
0.77725
1.1284
-1.0457
-0.27275
0.99399
-0.57575
-0.54251
-0.51849
0.11438
-1.0079
0.26446
0.56156
0.3394
0.74057
-0.84743
0.86572
-0.94019
0.42968
-0.82829
1.0828
0.45852
-0.70522
0.57989
0.84979
-0.31092
0.081033
0.98669
-0.97212
0.24145
0.94556
-0.94493
-0.88543
-0.17221
0.3806
-0.35553
0.53525
0.96476
-0.95528
0.52785
0.066752
-0.95365
0.29515
0.64663
0.94243
-0.42092
-0.51472
0.86788
1.0131
0.89059
-0.91928
-1.1041
-0.77754
0.74839
-0.9959
0.32606
-0.90514
-0.63549
-0.20302
-0.75706
0.99758
-0.93033
-1.0021
1.058
0.81914
-0.92536
-0.83396
-0.09452
-0.78074
0.94275
-0.56841
-0.85789
-0.85936
0.38413
0.64017
0.68733
0.04999
-0.85958
0.96784
-0.25249
-0.83178
0.93632
0.86982
0.57308
0.63915
-0.54507
-0.73221
0.27009
1.1967
-0.8316
-0.96404
-0.33196
-0.10858
0.33029
-0.9853
0.17588
-0.64666
0.4385
-0.41037
-0.90589
0.27833
0.8639
0.46975
-0.75296
0.79864
-0.63912
0.90518
0.8062
-0.98477
0.4212
0.76795
0.91326
1.0046
0.79857
0.14396
0.75059
-0.74209
0.90229
-0.0069461
0.55669
-0.88156
0.029601
0.17229
0.028165
0.42592
-1.0141
0.81238
-0.30912
0.82595
0.87546
0.88318
0.81073
-0.62291
0.047784
0.69652
0.049093
-0.97998
-0.1443
-0.35833
0.17081
0.4268
0.40257
-0.83549
0.61784
0.7966
-0.8696
0.92753
0.03956
-0.69935
-0.91617
1.2131
-0.91635
0.30613
-0.97157
0.048812
0.080924
-0.90899
-0.85008
0.12414
-0.28127
-1.0621
-0.69061
1.066
0.62427
0.82503
0.97725
0.405
1.0914
-0.88977
0.21072
-0.32603
0.31485
-0.11522
-0.6285
-0.97376
0.88189
-0.49136
-0.86504
0.1987
-1.0755
-0.47207
0.92873
-0.8905
-0.59686
-0.13345
1.0146
1.029
0.068308
-0.035301
0.027318
-0.10212
0.48997
-0.61059
0.8705
-0.70189
-0.75433
-0.49236
-0.85141
-1.1916
-0.86758
0.66899
0.22328
1.0659
-0.4341
1.0016
-0.6567
0.99908
-0.56232
-0.017643
0.31311
0.70453
0.47872
-0.099318
0.68151
0.20061
0.86914
-1.1371
0.76056
0.26124
0.76797
0.84849
-0.11565
-1.1052
0.89175
0.69926
1.0388
-0.65651
-1.136
0.72484
0.9448
-0.22686
-0.93906
-0.38422
-0.82198
0.49696
0.18474
-0.43753
-0.91906
0.80093
0.71037
0.2698
0.81144
-0.53206
0.61269
-0.86343
-0.97481
-0.94022
-1.0262
1.0475
0.45307
0.0020983
-0.85807
0.52633
0.83208
0.54324
1.0692
0.43553
1.1638
-0.78309
0.51651
0.98195
0.40043
-0.64088
0.92792
0.75284
0.28034
0.14971
-0.74077
-0.74734
0.42468
-0.41316
0.49807
0.46852
-1.0208
-0.185
0.88258
-0.27564
-0.75711
-0.401
0.97988
0.80997
-0.0099091
-0.41674
-0.33841
-0.84115
-0.69178
-0.52317
-0.44246
0.80188
-0.95669
0.98206
0.31938
0.07185
0.071856
-0.66352
1.0308
-1.0326
0.60844
0.90159
-0.99257
-0.36967
-0.027196
-0.65574
0.24147
-0.55518
-0.15795
-1.1114
-0.8696
0.066475
-0.12108
-0.12571
-0.74165
0.96903
1.0407
0.3492
-0.83158
-0.70853
-0.39592
0.33539
-0.79283
1.0856
-0.0082019
-0.14885
0.49644
-0.36126
0.69369
0.10065
-0.39321
-0.98144
0.48261
-0.45842
1.0055
-0.85736
-0.57087
0.84191
-0.75034
-0.4932
0.24472
0.35348
0.187
-0.96714
-0.4173
0.75707
1.0314
0.58988
0.94468
0.68887
-1.0383
0.72804
-1.1011
0.10262
-0.30467
-0.85762
-0.48448
1.0671
-0.40831
-0.18398
-0.27145
1.0855
0.27817
0.14566
0.34026
0.85465
-0.54669
-0.83935
0.012598
0.29517
-0.99924
0.72918
0.72946
-0.68717
0.81974
-0.64671
-0.49282
-0.01993
1.0177
-0.98239
0.21824
0.8349
0.99157
-0.75187
-0.57241
-0.83386
0.193
0.70622
0.72563
0.48072
-0.79876
-0.17288
-0.77475
-0.59909
0.25212
1.0806
0.2855
0.57124
-0.011852
0.28525
-0.73967
-0.9345
0.35302
-1.244
-0.23744
-0.72345
-1.0524
-1.0553
-0.59944
-0.58865
-1.0006
0.99132
0.71833
0.4445
0.93951
0.059035
-0.31123
0.71697
0.65071
0.58365
-1.1209
-0.11106
-0.64796
0.41492
0.94132
-0.48645
-0.911
1.0245
-1.0978
0.892
-0.80463
-0.18346
0.43828
0.76965
0.52639
-0.22692
-0.62631
-0.33613
-0.96983
0.87037
0.28924
0.70096
-1.0599
-1.0285
1.0151
0.84917
-0.60883
0.2285
-1.0467
0.40508
-1.1153
-0.69008
0.79918
-0.42519
-0.55839
-0.18963
0.9852
-0.65761
-0.49217
0.97732
0.8207
0.84861
0.11007
-0.96828
0.1684
-0.79939
-0.71083
0.078232
0.49636
-1.1496
-0.11111
-0.74997
0.38909
0.070259
-0.99708
-0.97096
0.35741
-0.67371
-0.8808
0.67486
0.68277
0.39901
0.94554
1.0424
0.91008
0.78893
-0.1265
0.96906
-0.99776
-0.2697
-0.97722
-0.50802
-0.86599
0.75987
0.88794
0.30774
-0.82852
-0.82452
-0.70618
0.65878
-0.39533
0.04564
-0.94366
0.49399
-0.75656
0.82217
-1.11
-0.65221
0.084177
0.13752
0.78168
0.44804
0.48054
0.36089
0.28595
-0.19782
0.92577
1.0772
-0.59264
0.89678
-1.0011
-0.63809
0.60012
-0.29788
-0.91755
-0.23799
0.85415
0.57301
-0.5488
-1.0475
1.1204
0.73683
-0.42869
0.63459
-1.0113
0.43828
0.6539
0.50964
0.766
0.33525
-1.3179
-0.983
-0.97692
0.95704
0.01235
0.29547
0.825
0.22818
1.0469
-0.29471
0.80201
-0.053741
0.53391
-0.41382
-0.99498
-0.94131
0.12392
0.22579
-0.96149
-1.0283
-0.57817
-0.33718
