-0.44855
-0.37823
-0.037313
-1.0271
-0.79858
0.91444
0.86935
-0.67589
0.69373
0.58386
0.55713
-0.592
0.91477
0.26387
-0.32417
-0.036266
0.1985
-0.11073
0.8455
0.019227
-0.80124
0.81611
-0.53601
-1.013
0.95429
0.25121
0.81704
0.2891
0.10064
0.067633
-0.088804
0.64208
-0.28991
-0.31243
-0.74063
0.02736
-0.91693
0.8655
0.91481
0.31171
1.0417
0.82431
0.9316
-0.7499
-0.74843
0.20634
-0.15355
1.0551
-0.36773
0.54404
0.88166
-0.67736
-0.78917
-0.071906
0.72936
0.10457
0.79383
-0.75844
0.65431
0.93361
1.0045
-1.0566
-0.52425
-0.85037
0.11396
0.63166
-1.0293
0.39218
-0.58356
1.0168
-0.0069857
-0.19472
-0.28526
0.13004
0.22975
-0.76085
0.92886
-0.10194
0.60436
-0.93963
0.96118
-0.25409
-1.1132
-0.77505
-0.83147
0.34181
0.20655
-0.54835
-0.52973
0.46844
-0.44394
0.53658
0.39363
-0.439
-0.14031
-0.913
0.67674
0.94851
0.81548
0.85113
1.0378
-0.34842
0.29618
-0.59867
0.45278
-1.0034
0.2995
0.92656
0.92727
-0.94793
0.83189
0.70119
0.17085
0.4672
-1.0068
-0.88056
0.51244
0.083553
-0.17855
-0.80291
0.21601
-0.39938
-0.59404
0.77492
0.080166
-0.2836
1.042
0.10719
0.29944
0.65562
-0.19104
-0.196
0.83121
-1.0165
0.14545
0.20636
0.4931
0.29619
0.87083
0.41814
1.1287
0.43709
-0.81251
-0.4306
-0.60948
-0.68631
-0.23481
0.39641
1.0074
-0.96494
-1.0366
-0.52251
-1.0589
-0.7188
-0.20077
0.56801
-0.23617
-0.79523
1.1114
0.50182
0.77718
-0.34029
-0.31638
-0.42522
-0.82859
1.0024
0.23823
-1.0902
0.56487
0.63361
0.1224
-0.38228
-0.12581
0.32141
-0.92904
-0.87942
0.53773
-0.9079
0.47858
-1.0662
1.1062
-0.48192
0.47955
-0.61897
-0.67438
-0.98226
1.0058
0.34636
-0.54541
-0.65944
0.35626
0.79766
0.010234
-0.14057
0.866
0.86201
-0.62512
1.0395
0.13357
-0.76559
0.14305
-0.47951
1.1103
-0.96484
0.58238
1.0677
0.9088
-0.60734
0.92774
0.93915
0.72492
0.64956
0.034723
0.86546
0.85418
-0.89003
-0.99775
-0.91692
0.57486
0.10643
0.38808
0.66994
-0.10218
0.46209
0.51786
0.40776
-0.14646
0.89078
0.87274
0.43272
1.172
-0.83752
-0.15847
0.38775
0.21967
0.16077
0.061499
0.94608
0.83915
-0.75901
1.045
0.096275
-0.043127
-1.0908
-0.78019
-0.86952
-0.87729
1.0838
-0.040725
-0.85219
0.43449
0.81856
-0.33193
-0.28705
0.85524
-0.39437
0.34227
0.94714
0.017797
0.055303
-0.68302
0.78775
0.47869
0.06205
-0.6088
0.76402
-0.99432
-0.34199
-0.89286
-0.76548
-0.15261
-0.16318
-1.0329
0.39808
-0.9248
-0.19012
1.0403
-0.89429
-0.98059
0.73468
-0.67092
0.68741
-0.88539
0.81497
-0.62124
-0.53565
0.016234
1.0358
0.8672
0.68716
-0.26844
0.38372
0.22358
0.2366
-0.14299
-0.79581
-0.57733
-0.1663
-0.46178
0.55376
-0.2922
0.38472
-0.19743
-0.46069
0.80719
0.73407
-0.77052
1.0747
1.0006
0.85558
-0.33784
0.18938
-0.38826
0.069841
1.0065
-0.84707
0.81659
-0.85085
-0.53105
-0.034488
0.15481
0.88513
-0.59597
0.30637
-0.44752
-0.98592
-0.7284
1.1532
0.60044
0.82325
-0.71637
0.38616
-1.0055
1.1975
1.0587
-0.67895
-0.80913
0.69485
-1.1609
-0.34539
0.56238
-0.059441
1.0407
0.38097
-0.018791
-0.88012
0.04602
-1.1473
-0.46086
0.90795
0.90332
0.49805
0.86051
-0.96874
0.41599
-0.7021
-1.0166
1.0756
0.11872
0.93758
0.8879
-0.25614
-0.44916
-0.21457
0.06714
1.0188
0.10321
-0.79867
-0.47889
0.45257
0.67448
-0.86202
0.95648
0.70303
0.86989
0.14015
0.81805
-1.0401
-0.46422
0.57227
-0.54244
0.82937
-1.2121
-0.60269
-0.70415
-0.78901
-0.97929
-0.37809
0.72568
0.79325
0.40537
-0.9013
0.83416
1.0315
-0.80719
0.28115
-0.66663
-0.87765
0.31939
-0.98125
-0.17951
-0.6551
-0.74398
-0.24898
-0.77829
-0.84197
-0.28098
-0.83421
-0.65672
-0.72682
0.87574
-0.97059
-0.81271
0.77938
0.27101
0.49137
0.014283
0.25139
-0.042514
-0.66531
0.88406
0.8642
0.97635
0.29912
-0.50048
-0.12382
-0.084577
0.49834
-0.77341
0.54513
0.24238
0.36894
0.67696
-0.98771
0.78347
0.77202
0.25072
-0.45633
0.53958
0.68629
-0.34802
0.97488
-0.40941
0.9354
0.79121
0.99826
0.69419
-0.56579
0.65328
0.51189
0.45524
0.27818
1.1817
0.49415
0.9098
0.51991
0.13313
-0.86727
-1.0714
0.90827
-0.6811
0.11167
0.86293
-0.87554
0.8002
0.17498
0.59868
0.19466
0.93401
-0.69716
0.97826
0.56455
-0.88358
0.55628
0.8308
-0.67681
-0.88254
0.8646
0.93524
-1.059
-0.64612
-1.059
-0.66788
-0.081972
-0.82902
0.65761
-0.14882
0.20127
0.31009
-0.70377
-1.0139
-0.66109
-0.8331
-0.3507
-0.018524
0.79822
0.98101
0.60011
1.1335
-0.94502
-0.78619
0.72245
0.070332
-0.88955
-0.85141
-0.16253
0.66044
0.039913
0.3357
0.20862
0.9898
1.0981
0.59678
0.80782
0.25731
0.85947
0.96627
0.55067
0.79085
-0.66658
0.8786
-0.42586
0.95034
0.20054
-0.096484
-0.98908
0.9142
0.81836
-0.10588
0.77763
-0.43242
-0.84627
0.39263
0.83074
-0.71381
0.73762
-0.56643
-0.29978
-0.040379
0.66619
-0.7709
-0.029264
1.1089
0.043968
-0.82248
0.58876
0.89893
0.18551
0.15227
-0.35335
-0.004303
0.64571
-0.02502
0.84685
-0.91439
0.69254
0.29317
0.91771
0.97961
-0.4531
-0.73469
0.72238
-0.38975
-0.79117
-0.92826
0.30078
-0.68923
-0.95266
0.26799
-0.62162
-1.0844
-0.52319
0.57567
0.91753
0.3374
-0.77279
0.63176
-0.44403
-0.76087
0.048796
0.25795
-0.95301
0.75639
-0.15757
0.58463
-0.076222
-0.5394
-0.48907
0.87185
-1.1136
0.35828
-0.8092
0.35906
-0.80984
-0.97745
-1.1415
-0.14339
-0.4484
-0.88938
0.55842
0.59019
0.95666
0.83519
-0.30448
0.94263
-0.11838
0.4446
-0.2417
-0.2259
-0.31717
1.032
-0.98243
-0.28697
-0.88746
-0.85227
-0.97721
0.55613
1.0162
0.41288
0.55522
-0.89354
-0.44096
-0.44605
0.39262
-0.58301
0.40715
-1.1168
0.90859
-0.51096
0.021586
1.0879
-0.82299
0.71856
-0.2074
-0.93662
-1.0608
-0.9721
0.29179
-0.51387
0.94334
-0.77227
0.058529
0.98905
0.048937
0.57575
0.60697
-0.82058
-1.0391
-0.96537
-0.33821
-0.97398
0.62576
0.88313
-0.7277
-0.97823
-0.8223
-0.92144
-0.86537
-0.78494
0.28845
-0.064906
-0.63629
0.49621
0.47835
0.81018
0.59293
0.27005
0.9941
0.62758
0.44702
0.051926
-0.36182
1.143
-0.098571
-0.91695
0.10633
0.42155
-0.58428
-1.0641
1.1052
-0.18203
-0.61941
-1.0675
-1.0266
1.0594
-0.92423
0.12522
0.73097
0.64809
-0.79705
-0.43297
0.55873
0.62497
0.93227
0.79771
0.91392
0.71889
0.54917
-0.70976
-0.68105
-0.98358
-0.77617
-0.97991
0.87402
-0.88744
0.97171
-0.90457
-0.99751
-0.94627
1.0158
0.60839
0.4742
-0.93226
0.61938
-0.70857
-0.54601
-0.39186
0.067044
-0.83565
0.88966
-0.94645
1.0018
-0.58731
0.86414
0.018963
0.82913
-0.91204
-0.5141
0.36334
0.6888
-0.93131
0.42469
0.67476
0.49147
0.80923
0.78669
0.35153
-1.0109
-0.65805
0.14033
-0.7255
0.49631
0.86392
0.95327
0.52076
0.65585
0.1621
0.96865
-0.052251
0.50453
-0.78212
-0.9273
0.20458
-0.69384
-0.94111
-0.8233
0.084496
0.50546
0.5294
-0.34414
-0.58885
0.25613
-1.1782
1.1172
1.0534
1.0634
0.70456
-0.87176
-0.70575
-0.091426
-0.36417
0.54759
0.37244
0.6806
0.27553
-0.6026
0.29361
0.8491
0.49941
0.26976
0.77292
-0.96247
-0.14025
0.2537
-1.1043
-0.32144
0.24725
0.96114
0.90601
-0.12711
-0.82935
1.1215
0.72747
-0.91482
-0.54486
-0.91811
0.62178
0.049305
-0.93398
-0.3649
0.59113
0.88664
-0.83413
-0.036768
-0.19652
-0.64321
-0.0086108
0.32283
0.69066
0.93181
-0.11832
-0.81666
1.0467
0.096323
-0.2855
-0.8686
0.25929
1.1401
0.60177
-0.92407
-0.35923
-0.68994
-0.44609
1.2014
0.63357
0.30452
0.16939
-1.1852
-0.85937
0.21079
0.99374
0.933
0.89196
-0.71198
0.92818
0.4009
0.078741
-1.1081
0.84765
-0.3663
-0.033536
1.1896
0.84748
-0.98683
-0.60136
1.0601
-0.92591
-0.78638
-1.0472
0.86427
-0.96939
0.42763
0.05391
-0.90899
-0.17854
0.84905
0.66392
0.35438
0.81035
0.8855
-0.47894
-0.95929
0.7804
-0.83945
-0.66995
-0.98814
-0.57098
-0.66031
-0.86905
-1.0488
-0.89335
0.024468
0.95715
0.90158
0.59009
0.12389
-0.56005
-0.10878
0.67153
0.85465
-0.78565
-0.026718
0.36602
0.61809
0.90096
-0.065485
0.52062
-0.76912
0.5527
0.62111
-0.66146
-0.71692
0.83531
0.92343
1.0399
0.73881
0.788
-0.92033
-0.87749
1.1034
0.77894
-1.0528
-0.47605
0.76094
0.25051
-0.82546
-0.77976
0.51611
0.97868
-0.60963
0.59109
0.18623
-0.83101
-0.54327
-0.66415
0.62983
-0.91068
0.42585
-1.0786
0.99802
-0.363
0.24116
0.92868
-0.55889
0.035399
-0.93349
0.92922
-0.28543
0.42317
0.59272
0.54553
0.66336
0.72801
0.55488
-0.9151
0.79014
-0.47166
-0.69855
0.54612
0.438
-0.12251
-0.95554
0.38549
-0.76515
-0.80478
0.10724
-0.41486
-0.8922
-0.69669
0.61602
0.56555
-0.81494
-0.98382
0.54191
0.059344
-0.64918
0.67212
-0.05756
-0.19066
-1.0689
0.72503
-0.94636
-1.0062
-0.083673
0.203
0.31289
0.86103
-0.89845
-0.82842
-0.74963
-0.72189
1.0153
-0.27109
0.78303
0.52997
0.23455
0.88851
0.73393
-0.62389
0.84429
-1.1308
-0.84304
0.954
-0.97681
-0.92608
-0.24885
0.8162
-0.90417
-0.8736
0.79887
-0.16698
-0.78665
-0.20117
-0.7327
-0.79998
-0.016788
0.21787
-0.1707
-0.99321
0.1204
