1250 10
-6.6224 -4.2843 3.0705 -0.010608 -6.3227 -7.1792 2.004 -3.65 -0.94576 3.8257 
4.9033 8.625 3.314 -2.2863 -9.0243 0.11909 -0.11991 2.7636 1.5479 -4.2702 
-0.45731 5.997 0.068688 -3.9568 0.56002 -2.9569 1.7683 -5.7613 8.7345 0.87408 
3.0689 -3.3785 -9.3714 5.5519 3.1535 1.4989 -8.3289 -0.91716 3.9744 8.5787 
9.3315 4.7484 5.2669 -7.5068 -3.4005 4.6213 -3.2912 0.057924 -5.1065 -2.4907 
-3.7395 1.3488 5.7368 0.77294 -6.6332 -0.93546 7.9066 4.4178 3.5715 -7.1096 
-8.4712 -9.6787 6.4786 7.0355 -6.6908 9.5922 -9.0679 0.8009 -1.4933 3.2131 
5.8283 -1.4897 -2.3431 -2.5871 -9.0827 5.5191 -4.7435 -6.9179 -9.2119 -1.0936 
-2.6923 -9.4124 -2.9279 -2.9525 -5.4173 -5.9012 3.9768 -7.5616 7.8236 5.8747 
1.702 5.6835 -3.3896 9.3037 1.5363 -3.6632 -3.5722 0.69739 -6.1192 8.7631 
-6.3333 9.6163 4.049 -3.7887 -1.8873 -5.8092 1.8815 -0.068554 3.1659 6.209 
-8.4616 3.7989 -2.3221 -5.5204 -6.7332 7.2665 5.737 -4.1195 4.9873 9.8442 
-6.9267 5.5937 -9.3773 8.7799 -2.6206 5.7092 6.9138 6.7879 6.5515 -2.6037 
6.5375 1.9596 -0.86716 3.2477 2.0443 -5.6352 -3.7368 -7.7879 6.6866 -4.7337 
-3.9809 -4.3078 -4.4117 -1.8832 9.2576 -4.1671 8.5537 -6.7935 -6.8137 7.8006 
-2.3223 4.9251 -3.2744 -1.9037 9.8243 7.5466 1.8363 0.37103 -9.1604 2.2334 
3.015 3.8775 -8.9563 -0.20852 -8.601 -2.9289 0.59604 -6.9243 5.8411 2.2934 
6.3474 -1.1495 0.79971 -3.3593 -5.3635 8.7013 -5.6046 -5.3556 -3.8196 9.6021 
5.3253 -1.6174 -2.3813 9.2109 -4.4878 6.1444 -4.904 8.1385 -8.5403 -3.267 
-2.5165 -6.9846 9.9688 7.5383 6.199 7.1608 1.1076 -3.0633 -5.2165 9.6028 
-6.2028 0.80584 0.5924 0.083411 9.5161 0.56591 -0.044448 0.85282 -3.5559 -3.9872 
2.93 -6.0728 7.7288 -7.8559 -9.9975 -3.6318 -8.1286 1.8522 -7.9064 9.4669 
-9.9279 4.9837 6.3115 1.3673 -0.55227 6.7396 -1.7728 -3.7879 5.6252 -7.2296 
-4.3422 4.3132 -3.5062 -2.3776 -0.50025 -9.8406 3.3428 -6.334 -8.4827 -3.7368 
2.772 4.0899 -4.6767 2.0059 -7.4135 5.1783 -5.2429 -9.9023 -7.4855 -2.112 
1.8415 4.7257 -4.4438 -8.9716 -2.671 -2.8756 -5.8944 4.72 -4.0516 -0.24034 
-3.4942 3.1337 5.0888 3.9527 -0.30837 1.8331 3.384 8.1421 6.6583 2.0831 
9.779 7.8219 9.5785 5.5043 6.0736 -0.21578 6.4795 3.2319 -1.6993 -5.9283 
-7.5353 -0.17841 2.8492 6.3552 3.65 -8.0636 -7.9549 -7.3442 7.4955 -2.4248 
4.7175 -3.1645 7.0448 7.7604 -9.5809 -9.0421 -9.8897 4.9122 -1.9774 -8.63 
-6.8677 9.2542 7.1048 3.621 -7.3337 -0.37879 -8.0999 6.0649 7.2366 9.5559 
-1.3071 -7.5011 1.1772 8.0378 2.7464 8.9959 -4.7347 5.9971 7.3839 -8.234 
6.6449 -5.8278 -4.9382 7.2727 -1.6982 5.8425 -2.5914 5.4951 2.621 -4.4408 
-2.8018 -6.9006 -2.4674 2.9845 -8.5107 2.0418 8.0618 -6.427 -7.22 -2.7832 
-8.4752 6.1521 0.90086 -1.9517 7.3181 7.2691 -9.4473 -1.1361 0.12794 -1.5707 
1.1385 -8.6527 -9.1036 0.6779 -2.9356 9.8384 9.9975 6.2591 -4.2796 -8.5242 
-4.5214 -0.18794 -3.3062 -9.2938 7.3113 -7.4987 -2.6796 -2.7211 3.7204 6.4659 
-7.3589 1.9684 6.0516 -7.5665 -3.3654 -3.4476 5.319 6.0937 8.2443 -5.6598 
3.9931 -2.6996 -0.12871 1.3435 3.9086 5.5407 -1.9167 6.2033 -7.7253 1.4267 
-0.2819 3.7712 -4.824 9.7967 2.9059 1.6159 7.6409 7.2742 7.2719 -5.5952 
-6.3457 7.1381 -4.3064 -2.8238 1.2372 1.1481 4.8505 -6.2529 -2.7927 -7.4559 
-7.9757 8.0128 6.3385 8.4122 8.5387 5.1307 -4.5009 1.2947 0.76546 8.516 
-5.9683 9.0299 1.8269 -0.66384 1.7819 -4.0784 8.4775 -0.12812 6.4728 5.4311 
-7.3051 8.0009 -2.1227 -0.96799 -1.7666 -4.1912 5.162 2.4502 -6.5481 -0.061797 
-3.5242 -9.8693 -7.7818 9.1569 0.43298 7.6099 6.0952 6.1989 -7.2319 5.283 
9.0109 -9.1614 9.9297 2.5499 7.5641 8.9764 -3.3341 4.9375 3.2572 -0.87958 
0.64261 7.4178 -9.894 7.0963 -0.77635 0.28515 -8.5224 -1.608 -4.7602 2.1793 
-5.0463 -1.112 -4.9695 -3.3124 -1.2925 -7.03 -3.5582 -1.7324 7.9802 2.5033 
-1.2545 -1.1492 3.4071 0.91946 1.877 -9.7266 -9.9414 1.5462 -2.1726 3.6997 
3.3818 -3.388 2.4238 2.478 -8.5008 -7.2521 7.7608 -0.73361 7.306 -9.6963 
0.95391 8.7935 -1.5603 6.318 -9.2841 -2.8067 -2.808 1.8041 2.5577 -1.9131 
2.1811 4.2568 2.6055 -1.4618 -4.118 -7.374 -7.0264 -2.7013 0.22513 0.12637 
7.2627 8.7781 -9.2131 -9.0893 5.1377 8.1068 -2.0376 0.72019 -5.4811 2.8746 
-2.3861 0.61912 -1.0808 5.8588 5.3593 9.5249 -7.0408 -8.5029 -9.9448 -3.3966 
4.9791 -9.5639 -3.4361 5.6759 -8.2072 -5.874 -8.7662 -2.8446 5.9685 7.0436 
-6.8661 6.4078 5.95 3.5828 -3.8917 -8.3958 -9.9683 2.5844 0.49545 -3.2025 
-8.8375 -4.2501 7.1121 9.0132 -5.9044 9.4633 1.8863 0.033453 6.8509 -9.2903 
-3.2059 7.3476 8.4669 -2.1166 -9.763 -5.9642 -7.5973 1.9433 -3.2741 -0.43257 
6.3435 7.2042 -4.0811 -7.4491 2.9488 -2.988 -9.5479 2.477 2.7725 4.2856 
-2.449 1.0126 8.0518 3.0611 4.1221 2.1424 1.6874 5.5502 9.4681 -9.7952 
9.4521 -0.85523 -8.0947 7.824 5.6019 0.96599 -1.0343 0.76629 9.6676 9.1563 
2.1064 7.0005 -2.1002 -6.7777 6.9485 -7.3218 8.3791 -8.183 -5.8865 -6.1192 
-3.2353 -3.0444 3.5601 0.63691 3.5029 2.5303 -3.1769 -5.0073 8.7432 2.8953 
8.5597 -5.2308 -6.9316 -0.70821 3.7152 -8.1723 -9.5809 4.2042 7.5087 -5.9234 
7.9685 -8.9812 -8.6948 -4.4503 6.2926 2.7755 -4.1036 3.8205 6.2185 -6.4663 
7.0141 -7.3008 -7.8725 6.0894 -9.9314 -0.035154 -2.7667 -5.5237 -5.6609 -2.2644 
-4.8642 1.5627 -8.0708 -1.5199 7.6076 -2.3435 5.7423 -6.8969 7.0302 9.2488 
-4.2901 8.0874 -2.0822 -8.6061 -1.0506 0.77054 -7.7191 3.0531 0.4979 -9.3943 
5.5989 5.4233 9.7034 -7.0871 6.4102 -4.0746 -2.9516 4.7686 -1.3521 9.2083 
4.0279 4.0829 1.3791 0.48179 6.5676 -7.0893 -6.494 0.073098 1.7323 -9.9842 
-0.14976 -1.5518 -4.3545 -4.2816 7.4413 3.0997 6.4173 -8.2182 -7.8451 6.9321 
9.3534 9.1571 3.3725 -0.99486 -4.4985 -9.6317 7.2898 -2.296 -1.1698 -7.5363 
-0.47677 5.1118 2.3871 5.8523 -8.2178 2.3693 8.2104 3.265 2.0904 -8.7602 
9.8981 -2.6799 8.3093 6.5112 -9.9115 -7.3199 4.4531 1.6593 4.1236 0.41982 
-0.18843 1.0123 -5.852 1.5459 8.6867 9.4971 1.063 4.5169 -4.2165 5.2703 
0.069068 -5.5714 -8.9802 5.6409 4.6306 -7.9981 -2.1484 -3.9868 -8.4314 5.3139 
5.3755 -4.8811 4.0612 -2.8879 6.4237 7.0382 1.7887 9.5285 5.741 -9.1803 
-2.2383 4.7051 -6.8055 -9.3452 -7.1744 3.1966 -3.115 -9.9649 -6.5389 -0.29083 
-0.93481 -3.6891 3.4211 7.1347 4.0297 -7.1786 -1.0854 9.3488 -3.4206 -7.4874 
-7.3429 -1.5519 -8.6337 -3.2069 3.9633 7.0355 -3.4377 -6.9202 1.7491 9.8078 
5.1701 4.9688 -9.405 -2.0849 -2.5534 4.93 9.0717 1.8958 -7.4203 -5.7056 
1.3047 -2.9382 6.8323 5.4348 1.3805 -3.6929 9.5057 -7.5592 5.8489 9.9896 
2.9727 -1.0708 5.0785 8.8959 -2.5696 -7.6136 -2.7356 -9.8701 -5.173 6.2225 
5.9612 -9.3213 -8.0443 -7.4846 2.3908 -3.8465 -5.7387 -5.8324 7.2339 3.5723 
-5.591 4.5603 -5.8303 3.1982 3.9051 -2.1647 2.0382 0.59567 -9.9594 7.4599 
7.1578 2.4275 -8.261 -8.4736 -2.5965 -6.591 8.092 -1.4301 -1.9123 9.7656 
8.0946 -7.4841 7.3148 -1.3823 -2.4159 5.1119 7.1341 6.7821 8.8423 -1.9715 
-4.1596 -5.6909 -9.5082 8.847 -3.015 -7.2306 -8.3652 4.806 -2.8109 -7.4449 
4.5174 -3.8325 -4.9687 2.0714 5.3823 9.1222 -5.6871 -0.97324 7.2868 8.3269 
-3.2111 -9.381 2.3125 -8.7533 -7.804 2.0378 -8.1614 -4.9531 -2.5379 -9.7814 
-4.5464 -5.9709 -0.63228 -4.7852 3.3435 8.0798 -0.16548 6.7594 -3.5298 9.977 
-6.5945 -8.6514 4.7671 4.0984 8.1413 -8.7446 -9.3056 -4.014 -5.535 -0.56025 
3.2804 -9.997 -6.0956 8.9796 5.9384 -8.7539 -1.262 -0.6203 4.2426 -8.8944 
0.71703 2.7286 0.96516 -3.4937 -5.8522 -2.5388 -0.65476 8.3079 5.2604 -6.8686 
6.5822 6.0551 -0.81762 -1.7156 1.2753 -2.4264 9.7152 8.9296 1.9425 -1.9327 
-4.6528 -2.1132 9.4275 3.6068 1.9912 3.2484 9.5259 -1.9679 -2.8984 0.87344 
-6.4769 -4.7453 -3.516 -9.8545 0.82119 1.9133 -5.0267 2.939 3.0047 9.0329 
-1.3763 -4.3234 -5.9478 -1.3123 -3.2496 1.6967 2.1036 2.951 3.4088 7.0572 
-0.4869 4.2729 1.3455 2.1248 -7.015 -2.5149 6.0117 9.6112 -7.8992 -3.8028 
5.7044 -6.1171 -0.33743 7.781 -4.6957 0.84791 -5.0824 -4.1328 -9.8984 6.8038 
-7.387 1.6016 -4.1516 1.7774 3.3834 -0.74297 -0.98979 7.0779 -5.025 2.5287 
-8.9729 -5.0506 -1.897 5.0176 0.87876 6.8977 -2.7989 -5.6564 4.7261 -4.5291 
2.5501 8.7181 0.055168 -1.7614 -3.6743 -3.5694 7.0509 -0.56359 3.2281 0.24647 
-9.4182 1.2911 5.7936 7.3751 6.9551 0.94895 7.9091 -4.2183 0.23434 5.518 
-7.2761 7.5922 -8.1346 3.0181 -2.1998 8.9456 2.8076 -7.1266 6.4269 2.6326 
3.8911 9.8535 -5.9703 1.6511 -5.6376 8.6135 7.8407 4.0993 -8.8304 -6.9272 
0.31358 8.9251 -9.5045 -9.2124 -8.2475 2.9485 -4.2739 -0.32988 -6.9831 -3.8727 
0.85165 -0.43247 3.6273 2.5421 -7.5738 -8.9514 0.50683 -4.7179 -7.7791 9.5083 
6.1697 -7.5001 4.707 -1.9963 -4.5536 -7.2692 -8.2371 3.4541 5.4548 -1.8438 
5.8737 -8.7169 -7.0106 -5.7161 6.6107 9.6806 7.0423 -8.6116 4.8864 0.94402 
0.037342 -2.2667 -3.8019 -0.73611 3.2307 -3.1474 5.2522 3.3856 -6.4525 9.7239 
-4.4674 1.1649 -3.3636 3.7304 8.8264 -2.2371 6.8943 -5.35 5.6445 -6.0356 
-7.6067 8.4486 -6.2681 -4.6022 8.9939 3.8002 -0.39869 -5.655 -0.049011 5.8158 
7.732 8.6862 3.7524 3.8911 -1.3382 -0.45761 5.0158 9.2482 0.38298 7.4398 
9.4058 6.4962 1.2926 8.9101 0.30057 0.56518 -3.9404 8.1884 0.074611 1.7978 
8.8505 -6.3284 0.88414 -0.97928 -8.8545 -8.9186 -4.6871 9.6633 -7.1113 8.88 
2.7626 -2.1378 8.671 -4.5575 7.403 5.3914 -5.0527 6.9713 -3.1613 1.7538 
-8.1882 8.2556 -9.3717 5.7801 -3.5629 -6.1378 -7.2606 1.183 -4.9132 -8.1648 
-8.5058 0.68341 3.2461 -1.6098 -0.11773 1.6375 -1.3657 9.5605 -8.0068 5.6914 
-6.351 -0.97077 5.5035 2.223 2.0412 -5.3235 8.0458 8.0214 3.289 -1.5198 
-9.3662 -4.2881 2.9589 -6.4003 1.9195 0.28037 -2.0525 -7.8345 2.3117 -0.16824 
4.4987 2.4555 9.6946 -5.0629 -3.9348 -8.404 7.292 0.30741 3.91 -6.3745 
-7.1168 -6.3646 9.1005 7.7457 4.3306 7.943 6.6872 1.3477 -3.9253 4.5761 
2.7185 8.5429 5.0149 -7.2873 5.5642 2.7441 1.4672 3.1103 5.6843 7.5687 
5.797 4.2795 -8.0641 -4.31 9.7977 5.9194 1.4454 -3.0962 0.0041029 -3.3618 
1.3251 6.6474 -0.61863 -5.3211 -0.29581 -7.7755 -2.8684 7.7389 1.4565 -4.3489 
-2.4517 -0.070348 -7.917 -4.6759 0.65346 -7.898 7.5719 8.4496 -1.6191 -0.74532 
6.4317 9.2643 -2.5569 -9.6326 3.5895 -1.4864 -3.3945 -9.4862 4.6693 -4.4104 
-3.9024 6.8663 -8.6045 -7.8865 -8.33 3.4273 -2.1266 -8.5631 -9.6101 4.0673 
-3.6125 -7.722 8.2348 2.8881 -7.8372 -0.62872 2.3313 -0.36268 3.9044 8.8112 
5.6996 8.7236 1.9982 3.9304 -1.484 3.4608 5.7496 -8.3615 3.827 6.3215 
0.074729 3.7673 9.6261 9.8342 -3.68 -3.0696 -2.0567 6.5466 5.2331 7.0873 
-4.7801 -3.8578 8.2552 7.3132 7.172 5.7898 -6.4258 9.142 9.4001 7.4928 
4.6495 7.2131 0.0073545 -9.2326 0.40207 -5.3615 9.697 8.9885 -0.4137 3.9165 
-6.741 8.9692 -9.0531 4.0116 2.0285 -3.3579 5.4841 3.8925 -0.39529 -9.3544 
8.4215 3.6368 3.8815 -8.002 -5.9216 -7.2471 0.73566 4.8053 -2.1485 -0.46674 
-5.5555 1.2639 -8.5193 6.1773 5.2331 4.4155 -2.918 -3.949 -2.7227 -3.4997 
-8.3278 -7.0005 0.64721 -8.5911 -4.8577 5.2544 0.83174 3.5356 -9.9354 -1.4202 
-8.526 9.7242 2.6261 2.9289 3.7541 0.36814 -7.6407 8.0435 -7.2608 7.2373 
5.391 6.3005 6.9335 3.0218 2.6659 2.9037 5.3637 -9.3862 -0.68098 -9.6214 
6.3535 8.2444 2.4737 4.0633 0.76333 8.2916 -3.3426 0.91087 3.4895 1.464 
4.8085 3.6793 -8.4855 -0.52678 4.7316 4.0665 -0.50184 8.697 -9.422 -8.1988 
5.165 -3.9394 -4.005 -7.6498 8.4089 -4.7304 2.6986 -1.5567 4.5221 -4.0323 
9.2239 4.6359 7.6646 5.8961 7.9746 -8.1322 -2.2213 9.4431 0.10546 6.2877 
-0.6715 -4.4758 4.6691 6.256 4.0156 1.3882 -7.9617 9.6263 7.0214 -8.1279 
5.7399 2.3048 1.8125 2.6711 4.6563 1.1802 4.2277 -8.9606 2.2004 8.4076 
-1.5486 -4.103 2.5578 -3.5402 4.41 2.178 -5.3042 -0.162 6.3453 -9.3215 
8.8746 0.36551 5.1957 0.080524 3.3011 -6.7435 8.8353 2.7663 2.9091 -3.3141 
-9.9737 4.7785 -5.0528 -7.2425 -3.527 9.8975 -4.6569 7.211 0.52913 2.4261 
9.6254 4.8804 -5.5801 -1.9653 0.2872 -3.03 8.6978 -9.0871 1.7674 8.6906 
1.4039 -1.9308 -4.37 2.0312 -1.2839 -1.1857 1.5366 -8.8127 -3.5596 -0.9407 
-3.0706 -6.7814 5.5499 7.392 -8.7521 3.7205 6.4077 5.0241 4.5541 8.0448 
1.1501 -9.552 -1.6378 -8.7389 5.0017 3.5267 2.9177 -7.1075 -2.5345 8.5154 
-4.0043 -7.8824 -7.8328 3.75 -8.4522 -4.3758 -6.1264 2.2151 3.5367 -5.9019 
-6.8185 8.64 -1.7142 4.652 -6.7766 -7.0329 -5.1603 0.25341 -9.4451 -5.0606 
3.3051 2.311 8.2446 -7.7483 6.2681 -9.2371 -6.5943 -5.847 -0.2916 -2.0971 
3.6841 2.6657 1.2779 8.5126 6.8373 7.406 6.3623 -7.7467 -3.0327 -0.18884 
5.8482 -9.8663 5.8906 -8.4139 -5.3633 -2.9459 6.5279 -4.9708 8.2484 -2.3393 
-3.0275 -5.7027 -3.835 -8.1777 -7.4083 8.4888 1.4501 -7.8023 -5.888 7.6017 
-4.9985 -8.3799 -8.0838 5.9196 -8.2974 1.0764 -1.9136 9.9809 -7.4932 -8.4459 
-3.0999 -6.7707 -8.4152 -7.6776 -5.9371 4.9294 -8.4887 -0.90162 -2.3101 -9.3376 
-3.4273 -8.1639 1.1847 -9.8982 -3.6973 0.29496 6.6929 7.5885 -2.9453 6.2041 
8.5497 -7.3173 -2.8174 -9.6607 -9.493 -7.2058 -6.4685 -3.5821 2.0474 7.7754 
5.1214 -8.5641 6.1064 1.3824 5.3786 -7.7656 -0.40194 0.60004 8.6785 3.7157 
-4.2352 -4.6231 -9.0698 9.2026 -4.59 7.5765 3.244 4.3559 -0.4738 5.127 
2.1236 -9.1987 2.5577 -7.5253 -4.1249 5.1772 -8.4772 -6.6152 5.7938 4.9588 
5.3206 4.8816 -3.2206 -8.1154 -4.3806 -4.7657 -3.9382 -6.9038 -6.5369 -6.4661 
6.923 8.8967 -9.8742 3.0834 1.1003 -5.0017 -6.5324 0.05134 6.1637 3.0146 
8.0396 -5.5728 8.4125 -5.6608 -0.29418 7.2219 -2.6845 -8.6301 3.3093 -8.6235 
1.9141 2.0113 -6.1779 -5.0987 4.9731 -9.8314 1.8648 8.1064 -8.5654 -3.1562 
-8.6293 -1.2781 1.9181 -6.3784 9.1427 -4.0804 9.6585 1.6006 -2.2722 -2.6711 
-5.6391 -6.5288 6.0687 8.0228 -7.604 1.474 -4.7949 4.6471 2.5259 -8.6458 
7.3882 -6.1021 -5.4597 -1.3235 5.8843 8.9858 -6.7889 -3.3049 4.5268 2.4694 
-1.7156 -6.2176 7.2469 -0.86883 -9.2439 1.3757 2.4588 -2.0384 1.2791 9.0896 
3.2242 8.5978 7.8882 -6.2246 9.6005 0.81126 -3.7545 2.3347 -7.4995 -1.7868 
5.6697 -0.18912 -4.8137 8.6104 0.1555 -0.76804 6.0527 -1.7243 4.4583 9.0971 
-5.0423 5.9265 6.0582 5.9013 -6.6542 -4.1573 3.633 3.4498 1.6634 8.8702 
1.0885 -6.304 -3.1144 -6.4087 -9.0053 0.87785 -9.6323 8.2249 -0.37986 7.7112 
-5.4083 -5.4443 -7.1402 -5.6786 -4.635 -7.3921 7.8821 7.7632 -3.2375 1.8906 
-9.8617 6.9962 5.6466 5.8506 -8.9359 9.4396 -0.24688 -7.2966 5.916 8.6257 
5.3328 -0.11426 7.6204 0.087736 5.8501 -8.4641 -6.5998 4.835 -6.5715 2.2734 
-9.5633 9.7148 6.6062 -3.6603 -6.1727 8.4349 3.9841 -4.9093 8.0395 3.6913 
-2.1379 -6.5555 -2.3274 -8.518 -1.9022 3.5098 2.6389 -2.6201 7.8467 -4.8823 
-4.9492 9.0021 -6.0576 4.8124 -8.0411 -2.4629 7.3363 0.62818 7.8904 1.1239 
-5.9157 -2.3533 0.24401 9.1917 5.9608 -4.1183 8.85 3.1551 -5.947 -1.5685 
3.2456 -1.0473 -4.4438 -9.4258 -2.9941 9.594 -6.539 -2.8551 0.46798 -4.2194 
8.2948 -2.8022 -7.9376 -5.9512 8.1505 -1.2133 -2.8175 0.56378 9.5443 -0.90886 
-9.8619 -7.1107 -6.205 -6.7102 -6.0938 -6.8822 -8.8058 -3.8455 -3.6063 3.5023 
4.9285 6.3328 -7.4091 -5.8934 1.0683 8.7002 -0.85989 2.7353 -6.3407 0.63078 
5.9934 -6.3658 -5.1878 -3.7392 -6.7737 -7.1202 -8.16 -9.81 4.7561 3.473 
8.156 6.6595 1.264 7.2025 -5.7467 8.2853 5.3767 -4.63 0.60452 0.45557 
9.4915 -1.8741 4.5655 0.17693 3.1506 8.6816 -9.2304 -3.2847 8.0633 -2.4711 
-7.6027 -1.571 5.1316 1.8047 9.2389 7.4219 -5.597 -8.1531 -7.4334 -4.5029 
0.3794 0.66508 -7.0628 1.5623 4.9761 -3.9807 -1.221 9.0511 9.0134 7.2568 
6.4395 -1.3937 -7.5783 -0.69063 9.6611 9.8177 -7.0093 7.8982 -1.3203 2.0059 
2.7405 -9.9516 -6.6728 -8.5995 2.2256 -4.1573 -4.3704 8.9856 -8.356 4.9395 
9.0782 3.2932 -1.2313 -6.03 1.6797 -4.8034 -0.051367 -6.4269 -8.1078 4.2816 
8.9385 -4.8642 -4.0618 -1.9973 5.8299 0.20817 2.4812 -5.1932 -0.95188 -5.7853 
9.3321 1.8385 0.85144 1.2139 -2.4489 -2.4738 5.5117 2.6159 -4.0297 -3.6658 
-8.6531 -2.843 8.4887 -1.3827 5.7234 7.3468 -6.1096 1.4319 5.2102 3.728 
-1.2493 0.96107 -4.9485 -0.69569 -4.0848 -8.5604 7.2798 6.1254 -6.9832 6.3732 
-3.5832 5.6138 1.9919 8.3827 1.0359 4.974 -9.6816 -7.4314 7.5817 -1.6638 
-7.319 1.1776 -5.1741 -0.8004 8.3754 -9.0376 -8.8957 1.6946 -9.8023 4.7486 
-7.3083 -3.9662 -3.2173 -5.6333 2.6415 -5.2453 -7.8858 -6.1797 -6.7856 -3.6138 
6.119 -0.7877 3.2874 -4.5924 -7.7446 9.2951 4.6435 -3.0328 -9.4852 -7.3129 
0.49529 8.4184 -8.8638 -9.8114 -6.585 8.2826 4.5842 3.4437 6.6856 -8.3412 
8.8851 7.7236 9.7835 6.4275 -6.5929 2.4829 5.3234 3.5252 -2.8676 -9.4989 
9.7668 7.5895 8.0798 8.599 5.9255 9.617 4.3221 9.6378 9.8919 0.49359 
-1.8021 9.4069 5.8811 -0.057118 -4.6207 9.3868 -9.2379 -2.4016 -9.9033 -1.576 
-2.5762 5.0461 -8.3042 3.1654 -8.5111 -8.1533 4.6922 -3.7837 7.9851 6.2504 
-5.4629 -9.6891 8.5644 -3.9559 6.6802 -9.4589 -7.3197 8.2068 -5.5414 6.0325 
-1.0794 9.8468 1.1236 -7.06 -7.4939 -9.0314 5.6949 -4.3839 -5.2612 1.0336 
-4.6756 -0.88474 -4.1563 -5.3351 6.5732 3.4579 -0.24363 -5.2853 0.86158 -2.9912 
-0.81807 0.40997 -9.7488 1.0789 1.7326 6.541 -6.6256 6.9748 7.6158 6.1666 
-1.3419 -8.2221 -1.6341 4.7604 -0.030999 -3.4981 9.1716 -0.12816 2.5647 9.0443 
-4.8075 5.7021 9.9892 -6.5858 -7.9532 -0.64622 1.3806 7.334 -2.6088 -6.7349 
-7.3257 4.3539 3.4708 -5.6535 -7.9029 -8.0503 9.8012 0.14392 8.6612 -8.8629 
-1.6154 0.90803 0.99692 -1.1595 -0.29326 -6.9044 -8.8536 8.496 -1.9365 1.6435 
0.13721 4.8827 5.4391 2.5616 7.3985 4.3256 6.5664 -9.827 -8.4643 -7.052 
-3.5135 3.7465 -3.6062 -5.3252 -8.1206 1.3084 5.589 -9.1901 -9.0401 -6.2007 
3.6938 2.2259 3.786 -8.3109 3.8289 5.0904 4.4715 5.903 -9.2713 0.88553 
-1.1381 -8.3532 -2.7032 -2.9431 -7.3845 7.6932 -2.5543 1.6221 7.0317 0.21763 
-1.2867 -2.46 -8.5348 -7.3371 4.096 1.0269 4.7439 -1.8476 9.7872 -7.5439 
5.8605 -1.9006 8.3577 -0.72405 -0.76095 8.8146 -8.3159 -9.1763 -6.9824 9.4213 
6.3111 3.7476 -7.9448 -8.1001 0.24011 -0.83766 2.7885 -1.196 -0.36216 -7.5708 
5.0423 -1.8997 4.9689 4.2853 7.6309 7.5166 -6.846 -3.8906 7.8937 -8.2012 
5.7851 1.0893 5.6858 -2.6513 -9.2505 -3.0772 -3.5672 5.0092 -2.1184 -2.1023 
0.025349 2.3653 -2.9373 5.2609 7.1305 -5.1056 -1.7477 -9.7175 -3.4281 6.962 
1.1036 -1.6508 -9.5769 -0.48968 -2.3037 -8.3545 -5.5358 4.4522 6.5141 -4.0393 
2.615 6.8976 -9.6716 1.3549 -7.3577 5.2878 -9.1946 -7.1326 0.30671 0.24631 
-8.0402 1.0302 -3.2201 -4.3851 3.3086 -2.9094 8.5061 5.9363 5.7683 -8.6173 
-5.0865 6.263 4.4091 -6.9883 -4.5194 -4.9677 -1.2593 3.3205 0.35728 -5.6859 
2.3145 -3.6921 8.028 -5.5819 -1.6543 6.5364 2.2385 -0.71418 -3.3754 -4.4019 
-3.9008 7.1873 -0.52689 3.3711 -1.494 -3.8845 4.8182 -2.1212 8.4546 9.8603 
5.3394 -5.6527 -8.8852 -4.8916 6.1055 -4.4425 1.6047 5.3249 4.0697 7.1147 
-4.6554 -7.6929 -1.8446 -7.9554 4.2437 5.1576 0.26342 -7.602 -9.3006 -6.4494 
-9.2099 -8.2826 -3.2849 3.4298 -7.4651 8.7609 1.6054 -2.2002 7.8612 0.91766 
-4.0688 -6.9073 -3.9179 -6.2086 5.3081 4.3156 0.75965 -5.6597 9.4309 8.4329 
1.1273 6.0436 -4.0703 -2.706 0.49804 -6.7396 -6.5728 3.8857 -0.81846 -0.60323 
9.3815 9.2894 9.4284 0.87091 4.8517 3.0293 7.9914 -5.1101 3.2393 0.17102 
3.7825 -6.0642 1.5059 -7.9967 -2.9991 -3.1475 5.5246 5.9979 5.6642 1.988 
4.3576 5.561 -5.2525 0.89892 9.9295 -4.1395 4.995 -3.9101 -6.2467 -6.0231 
1.1806 -9.4703 8.2333 0.29673 0.44515 3.558 3.6624 7.1754 9.0408 -1.8999 
0.66708 -7.7224 -9.2448 2.306 5.6004 -1.4996 -7.8394 4.1405 -4.9909 0.29867 
7.5145 -6.2675 1.1407 -6.8194 -9.4324 7.6206 6.3029 6.4685 -5.195 -7.2804 
-2.138 8.5081 3.4894 -4.5615 -5.1486 -1.0265 2.798 -7.7229 8.9144 9.0849 
-0.83866 0.9942 8.6505 5.8782 4.294 4.8544 4.6457 2.531 -7.4428 -9.3738 
-5.8351 -9.3765 9.7697 -1.278 -1.2791 -9.8005 -9.3107 -5.3481 -6.5845 9.1836 
5.1455 7.5311 -6.5522 -7.3247 -0.17704 8.3554 -8.9381 -8.6894 -2.1981 7.9157 
0.93384 9.0042 -9.9404 -4.543 -6.2775 -9.4063 8.1152 8.3196 1.1237 8.5099 
-2.8522 -0.34398 -7.5359 3.1402 -5.1482 5.5933 -0.83105 7.0146 7.9889 8.3773 
4.02 -1.342 -6.7143 0.047422 -8.6123 -6.5024 -3.0124 6.7167 -4.3585 9.9087 
-7.8156 2.3962 1.4334 -2.2484 8.4077 3.7879 -4.7537 -8.611 1.8425 2.366 
-9.8678 -5.3949 1.3484 -2.5548 -4.3882 -6.2944 -7.2545 -5.8704 0.32544 2.7742 
1.946 4.011 5.1533 7.4032 9.8448 -5.2238 5.4888 -3.124 1.3792 2.0868 
3.1835 9.6199 -7.7901 2.8898 8.1024 -6.3604 6.2178 -4.1062 -9.1067 -6.0829 
1.6001 -6.7297 4.7076 -0.91081 3.2947 0.70528 -5.9274 1.9517 -8.6389 6.8437 
8.199 2.6157 0.66277 -9.7224 2.1731 -3.0083 7.7915 9.3832 5.6515 -5.0375 
2.7201 2.8358 -0.71858 -5.0081 1.4718 -6.6236 -2.9927 -5.3158 6.2289 -0.65304 
0.51123 2.7305 1.8885 3.1004 -5.2273 2.1851 -8.4667 -1.0095 5.5518 3.7508 
-4.8075 9.7443 9.6642 0.050953 -3.7985 1.0195 -9.5039 -5.2271 -7.9074 -7.3306 
-8.9766 -2.2617 -2.6964 -1.7269 -1.2193 -5.2125 -9.664 9.8896 8.2403 -0.56293 
4.639 -4.7655 -4.4909 5.2987 -0.61225 6.826 -8.8885 5.9037 -5.2518 -2.0684 
-6.7142 -0.84383 -3.4409 -4.9783 0.75855 -6.4585 -5.0191 6.9 2.598 -4.2827 
-4.3921 -7.7125 7.7564 -4.9782 7.5204 -1.7177 0.37563 5.6571 -3.6379 -5.287 
-4.8115 -2.8379 5.5153 -0.10557 -0.82764 -3.917 7.0377 -4.1371 -8.4638 7.169 
0.94192 5.707 -5.3665 9.5892 3.042 2.6067 1.9595 9.365 6.5928 -8.6087 
0.82537 -3.8977 3.0124 4.5685 9.9387 0.041834 -0.48318 9.7266 3.1103 -8.84 
5.7623 4.6135 -9.3628 -7.2405 -8.3705 2.2282 1.6839 -5.9345 -7.8215 -5.6978 
7.3921 2.9016 9.5023 2.3985 -1.7945 9.2552 9.9247 3.6871 -6.5816 2.6484 
5.7508 6.7873 -7.7042 4.8209 1.5861 -2.1805 -7.9467 -1.2117 1.9952 -7.5018 
9.3886 0.41221 -7.1522 -3.0853 5.5693 -7.4545 -5.1603 -5.0326 3.459 -4.4345 
-6.3906 -2.3718 4.3827 -3.815 -3.7015 6.3878 6.2664 -1.4161 -2.4605 -0.61097 
8.612 2.3849 -3.442 -5.5007 -3.5058 -2.7795 4.5164 4.8308 5.5011 4.9854 
-9.097 2.0952 3.5585 -6.4868 -6.3271 -4.9693 -8.9026 -8.6237 7.6363 1.8791 
-5.1871 0.71109 -7.9653 -9.3495 -7.1875 5.8852 5.2569 8.0228 -2.4688 -1.6937 
-9.8229 4.6022 1.1974 -7.4332 -6.4843 -3.6474 -4.2741 -2.6127 0.38337 9.6183 
3.4319 -2.4737 -7.5446 6.1134 -5.246 -6.4349 0.073794 0.62856 1.5801 -1.0603 
8.0963 -7.5652 -4.9819 -7.0602 -4.9788 -5.2531 -5.9852 7.7047 8.2189 6.9236 
1.4483 -2.6616 1.4035 9.4864 4.1848 8.6256 6.3787 1.1613 -1.3781 6.5261 
-6.8908 6.2156 -9.8223 -6.1585 0.70396 2.7347 9.8931 -6.1039 1.7068 -5.5571 
0.047349 7.9541 -0.63073 0.12607 6.0323 -1.094 6.4358 -0.67251 3.5027 -5.7334 
1.3547 -3.0657 -4.1191 -5.5711 -1.3105 4.9902 1.6626 4.4213 -3.9968 -7.9179 
-6.2346 -9.6819 -4.8132 -0.18868 -2.8457 -4.5828 7.9099 0.62091 2.8019 -3.8983 
-3.5161 -9.4243 0.38958 -1.4163 -5.7622 -0.12578 4.3916 -2.1718 -3.2119 -6.2048 
4.3207 6.9928 0.021316 -9.8798 7.7852 3.1444 3.2668 4.8313 2.6487 6.955 
1.0586 8.7912 -8.7088 -6.0813 -9.1071 6.6446 -6.6544 -2.0343 0.51259 -3.1448 
-7.1544 5.2541 -0.30338 5.1745 -3.5433 6.2589 -2.1346 -4.2725 -3.5542 9.1573 
-2.3927 9.3161 6.3859 -3.6158 -7.0639 -0.40997 0.80245 5.6553 -1.4516 5.6985 
-2.0686 -0.14565 3.1933 -2.9544 2.0385 4.7076 3.4306 -5.2547 5.9243 0.46086 
1.5348 1.0989 -6.117 3.4402 8.4817 3.1545 5.3737 9.7175 -1.6579 5.9416 
-9.612 3.0447 9.1774 2.0059 -1.865 6.7226 -4.3617 3.6037 -2.981 0.55476 
1.5516 9.4626 9.0787 -1.752 9.4105 1.4408 9.859 1.4396 -6.269 4.3192 
8.6439 8.0746 8.1379 5.9969 -1.6611 -8.8287 9.5689 -9.1404 -5.8683 7.1666 
-7.8625 -9.4991 -2.3786 3.7868 9.1324 5.8665 7.6758 -6.8862 -1.6998 -7.5717 
4.643 1.4865 2.8358 9.3218 -0.92176 -5.6426 7.6008 0.49351 2.612 -9.6988 
9.4105 4.5875 6.4063 7.7759 -8.4232 8.7596 3.3854 8.0747 -5.0616 9.6208 
2.1777 -6.9666 -1.6608 2.2374 4.4073 -9.2736 3.6063 -7.5257 0.68358 0.75618 
4.3933 -9.0104 4.3564 9.2983 -6.0471 7.6972 -8.3459 -3.4848 -0.86053 -4.0624 
-3.945 0.69877 6.6461 -0.63055 4.7376 -5.939 2.3718 -8.2826 9.3683 -1.058 
-0.81955 -9.2026 3.3879 1.8462 1.9786 9.885 -7.0462 -3.0597 4.7038 -1.81 
-9.0394 -0.00040506 1.1399 -2.3575 -7.4142 -2.8412 8.3182 -7.9738 -1.3073 2.7187 
-2.293 -5.7933 9.1963 6.0451 -8.1807 9.9959 6.0851 2.4743 -0.93064 4.6587 
-2.7657 -0.48019 7.894 -1.7348 3.4403 -6.7874 -9.9016 9.6713 9.7138 2.1611 
-4.2483 3.081 -7.4815 -4.633 -1.3973 3.6358 4.8705 2.95 1.1692 -0.66442 
6.3343 -9.0205 -0.93569 -4.8343 -4.8798 4.6633 -9.9196 4.4587 5.4845 5.1083 
-0.98944 7.1663 -3.9327 5.4967 -2.0894 1.7268 7.1914 -4.073 -2.475 7.4712 
6.1327 -9.2098 -7.4608 4.1423 -3.8104 -5.5958 -2.1268 -0.40337 -0.34545 0.12103 
5.8035 2.8111 -3.5914 -1.3502 -3.2488 -4.3443 -9.5689 -9.8835 -2.9053 -7.2867 
-4.3408 0.12869 -2.612 -2.6962 0.40479 -0.69412 -4.9967 -0.37353 -6.7289 0.43824 
-8.6338 1.5423 7.141 7.4181 -5.4026 2.8107 2.2797 8.3292 -1.1344 7.7734 
-8.9014 7.5811 -6.3813 4.938 9.9146 -3.5378 -7.2443 4.5171 -3.9619 -6.018 
2.7505 -6.3129 -8.0142 -4.1287 -8.7811 -9.411 -1.0973 0.81054 -9.6453 2.0059 
-1.5143 -5.9709 -9.6473 -4.6514 -2.9245 -1.1586 5.7837 8.4516 -4.7337 -5.4201 
8.1106 -7.3608 5.9572 -0.50674 -4.3464 3.836 6.4822 9.3028 6.8072 1.147 
-1.6536 6.4441 -4.8693 -6.2483 -1.2983 -3.6024 -1.0564 -9.1666 9.7697 -8.9033 
-6.9188 4.7069 -2.8034 -0.71066 -2.9775 -7.8092 7.3967 4.8691 -0.74886 0.22712 
0.79999 7.8698 6.1706 8.6418 6.526 -0.45258 -5.8768 6.4669 -2.679 -8.4054 
8.7418 -6.8063 1.3249 0.45593 0.037933 -5.9771 -7.1798 -7.6308 -0.65949 -1.842 
3.2191 -1.5542 5.6415 1.7911 -3.1178 3.7089 -7.7562 2.3034 -2.4816 1.4775 
-2.1069 2.5782 -0.24389 7.3896 7.85 9.1179 2.2309 -7.8145 -8.7147 9.2881 
-4.8202 1.9356 -1.1687 -1.2369 -0.18725 6.9472 -2.769 3.4218 -3.5692 -5.3591 
6.9582 -4.0852 -3.2411 -3.5406 9.3883 -8.578 2.8595 0.54879 -1.4297 -9.1238 
8.9011 5.6405 -8.9044 5.1036 4.2446 1.4474 -9.3507 6.7655 3.5226 -6.1448 
-2.46 -2.3646 3.8469 6.794 7.6334 -4.4247 1.4298 -5.9606 0.14232 8.236 
-8.6544 9.6954 -9.6456 1.562 1.7395 -0.12557 6.0685 -2.1369 -0.76161 5.8049 
-6.3684 -5.8974 -1.5716 3.3311 -1.6854 -2.2012 -1.4911 3.6403 6.4813 2.2611 
1.515 5.595 7.6275 -0.89064 2.6596 8.365 6.5304 8.5361 6.8074 3.125 
-6.2823 6.9004 -9.9704 -7.5755 -1.5328 3.2865 -3.1031 -2.5508 1.688 -6.106 
-4.171 -0.7743 0.014056 -0.40036 -4.0011 -1.5809 -8.4823 7.628 7.3428 -8.7449 
-0.76672 3.5825 5.0959 1.021 5.3478 8.9216 -0.89301 -6.866 4.8549 2.3248 
-3.0605 5.9431 3.5101 0.3954 6.6217 6.2471 -8.6261 1.1398 -9.7604 -4.0616 
-3.6367 -5.2885 -6.378 1.0576 6.3808 6.6418 -1.852 9.0295 1.4904 -6.0317 
-0.80171 5.0446 9.9205 -3.9877 -4.521 -9.6857 8.3945 -9.2689 0.44788 9.4482 
-5.2821 8.4012 7.8292 -2.3596 6.1373 0.24509 -2.2861 -1.7234 1.4152 8.7193 
-9.445 9.8928 3.9198 -2.2685 -1.1227 -9.2834 -9.1252 0.49173 -8.4901 -8.4285 
3.1691 7.6593 -7.9599 -4.1393 -1.5312 -0.78207 3.2835 -6.8996 -6.3573 9.294 
-6.8239 0.068038 7.4335 -9.8301 4.7484 -2.372 -0.32283 -6.8068 1.8126 -5.8953 
6.0533 -9.8824 8.1671 -5.368 9.426 2.5477 5.4389 8.6911 4.3507 -3.9571 
-1.8284 -9.6983 8.1216 -6.3063 4.2402 -0.78648 -3.0467 2.9872 5.1325 3.2947 
-3.4522 -8.0813 1.3427 5.1459 -0.26166 -5.3913 5.4831 -7.6659 4.6044 -2.1336 
4.9203 5.7392 -1.8352 5.8953 7.2938 -4.1227 1.6111 3.0468 8.2998 2.9677 
4.927 1.0719 -7.9872 -3.7707 -5.7709 7.6374 2.7744 -0.74771 8.1963 -4.7747 
-6.5209 4.3904 0.87755 -2.2253 4.2473 -5.6703 6.7744 5.6388 1.5457 -3.9025 
-7.6491 -5.4304 -1.1963 -5.3221 -3.1234 0.48136 1.2871 -4.7741 0.92933 3.1004 
-6.5192 -9.7462 2.6109 -0.89486 -6.9097 8.0798 6.8358 -0.53169 2.0869 5.6421 
2.5482 -7.5955 -5.7101 8.7806 4.0075 7.1243 0.96202 -5.3673 4.8337 -0.39036 
6.8378 2.6596 2.7962 6.3691 8.4796 8.8498 0.87678 -7.046 8.4412 -8.6354 
0.20166 -9.6958 9.3684 -1.8257 5.5689 -6.8832 8.4144 -5.4723 0.92741 3.3327 
-6.6847 8.8053 3.9443 4.3217 8.0012 -2.1834 -8.6299 8.854 -5.3379 -1.6109 
4.2861 9.9913 7.6833 -9.3662 -2.8876 9.9723 -7.3281 -7.0692 -6.1684 -0.010039 
8.1407 -2.4356 8.5367 6.6768 -9.2635 -6.3624 -5.1456 0.14982 0.23894 6.2702 
-5.6292 7.9041 8.9052 8.5767 7.1343 -1.4584 8.2843 0.41092 -5.1243 7.6368 
7.4192 1.801 0.35765 -9.2428 -3.1988 -4.7992 -0.68975 0.52443 -4.1194 3.927 
-5.7633 6.7011 -6.4364 -1.1071 4.7687 -3.4846 -0.022322 -1.822 -5.8255 -9.8867 
6.7333 -0.35308 6.4395 6.205 -0.84968 -7.911 -9.2404 -6.8472 -5.3796 9.2202 
7.186 -8.8112 -9.0218 -8.55 -7.0315 -8.2459 7.6157 3.4116 -6.2267 3.1737 
0.46755 -0.79327 -7.4169 -3.3105 5.539 -6.6535 -1.6406 9.5053 2.5492 5.9024 
-0.45274 -3.6258 8.6385 -5.8464 -3.6858 -8.9676 -5.3271 6.3603 5.9674 -1.4904 
7.7977 8.2032 -4.3819 7.6515 -7.8151 7.5837 -0.60047 7.5091 4.104 -4.8354 
-8.6985 7.9572 8.8819 5.1599 9.6965 -3.4235 2.3242 -7.135 8.8334 -8.2747 
0.18912 3.0234 3.6868 -4.3355 -3.5788 3.1328 -0.57826 7.3242 -0.82932 0.48622 
2.416 -5.0789 3.4829 -0.41324 9.7181 1.0062 2.7962 2.7981 9.2739 3.3447 
4.6713 -5.3195 -2.466 4.9633 -6.2663 8.2143 -6.6035 3.4297 -1.9578 -4.5214 
-5.4001 0.9687 7.362 -3.4599 -4.0026 -1.6201 -0.96365 6.1674 -8.0267 9.0085 
-9.5626 -2.1435 1.1708 -4.0678 9.431 -1.3134 -2.6544 6.4465 -8.2659 -8.8321 
-7.2202 5.0959 -3.9325 7.0369 7.8583 5.0291 8.3637 -4.8268 -1.6696 -2.3543 
5.3901 -2.1485 6.9848 1.2638 3.2561 -1.2477 1.3519 3.0786 -5.4857 0.044394 
9.3953 -4.6916 5.6911 -2.4686 3.076 3.8264 -7.9796 7.249 -5.4372 -6.205 
-2.2641 -3.0622 9.4126 -8.1488 -2.9128 -4.8038 1.302 1.4929 -8.1089 4.0296 
9.8686 8.6853 9.565 -0.53754 3.9218 -8.4091 -3.4949 2.6466 3.7397 -3.1047 
-3.4721 -2.5229 2.0654 3.4424 0.42367 -4.2605 6.1998 -3.9793 -5.6762 9.3378 
-7.2568 -0.34947 -9.7014 -1.888 -4.9585 9.1603 4.3596 -2.2924 5.4135 -0.60627 
-2.3049 -5.2357 -4.8613 2.9965 -2.9643 7.077 6.466 -0.023286 -4.3848 -6.1024 
1.2527 0.62498 -3.799 9.3715 -6.3984 -9.4747 -3.4419 -5.6807 3.6694 -6.82 
2.6767 -5.7976 -5.4542 -6.587 3.7449 -1.0247 -4.2996 -2.9522 1.2892 -7.59 
0.83213 -4.0959 4.4513 -7.4711 -6.2373 -7.5605 8.866 3.5313 -9.1558 -6.4387 
-3.7001 0.63972 2.9828 8.3011 7.3843 -5.4355 -1.3751 8.4605 2.2009 -1.8396 
-6.8135 0.15169 8.5917 4.4605 -2.8997 6.197 -3.3232 8.9469 -6.3673 -2.6657 
-6.9477 -0.01759 0.87992 3.2986 4.529 -2.8841 -5.3131 -1.6304 -9.2153 -3.8729 
-7.261 8.23 -1.1631 6.6198 6.8829 7.4361 3.1461 9.905 5.1039 4.1005 
4.1961 4.6069 2.8046 2.2357 7.2548 -6.3711 6.2869 7.5895 3.326 3.3268 
-0.70271 7.9942 -5.5964 -4.2835 9.1111 1.7552 -2.4915 0.023019 -2.7061 1.0322 
-7.7346 6.0985 -9.01 -9.0193 7.5129 -8.7047 9.034 2.0555 7.624 8.4395 
4.0176 -1.0413 -5.7909 7.2607 -1.9286 3.722 3.3684 -9.5843 -1.4063 -3.6528 
-6.4003 -5.2999 7.2838 -8.7811 -5.4056 5.5807 -3.5873 7.2807 -4.4765 -0.53569 
6.0734 -8.6575 -7.7832 -0.25049 -0.56111 9.8519 -9.2769 -6.9065 9.7618 -6.6259 
0.27912 -4.316 9.2994 2.6794 -0.99117 -3.2874 5.1801 5.1125 2.8061 3.3824 
0.96877 -1.3652 -1.9267 4.3672 -0.41806 -5.4102 9.0212 9.7605 5.1504 9.4441 
-5.8431 -0.89751 -6.3526 -2.9558 -6.4615 5.1891 0.70162 3.927 0.86541 6.9389 
5.6918 9.587 1.2568 4.2647 -2.3933 7.3289 9.1364 -8.7232 -6.1292 -3.2582 
0.52979 8.5381 -1.7527 0.60685 -2.6567 4.9394 2.6967 2.1141 -3.9913 -3.1306 
1.4205 1.9515 5.7682 -6.2266 -1.4748 0.053938 1.7551 9.7521 5.8668 1.1984 
-1.5592 1.6736 -8.4593 -7.5963 -5.2882 1.5433 0.90476 -3.6773 -6.0508 9.5313 
4.4231 -7.7386 -9.4552 2.9007 2.576 -4.1588 -7.0909 -5.1773 -7.6356 -5.2765 
-8.5372 -2.016 6.837 -7.3299 -8.4305 0.2756 -1.4996 -6.2273 -9.5704 -1.0688 
1.8972 8.8576 -7.5864 5.6494 7.4296 -9.124 2.8988 -0.8081 6.2463 -0.41703 
7.2395 -5.7135 9.053 -6.2502 -4.3864 -2.1357 -7.9796 -5.7233 -4.0764 1.4315 
-1.024 -6.591 2.2434 1.0103 -0.052308 7.2801 -1.8604 -3.8814 -6.359 -1.0927 
3.0515 -3.0623 -4.7297 2.4828 -7.7358 6.3211 6.104 -1.7994 -7.4164 -5.4207 
-3.9305 2.4038 3.9296 3.9084 3.2783 3.0442 3.7448 -2.4462 -1.0705 9.4825 
2.1488 -1.2853 0.52838 7.2307 1.4412 -5.1119 6.6571 7.8303 1.4234 8.1907 
-4.422 -1.6834 2.5796 1.0137 -7.1393 9.9125 -9.6023 9.3519 -0.48254 -6.4251 
5.9912 -4.2961 2.4129 8.4222 -8.4184 -0.1059 -5.7211 -4.1483 0.70266 9.8492 
5.9234 8.1018 4.4023 -8.6671 0.082459 2.7771 -0.029832 -7.1809 1.9684 -4.7597 
9.0817 3.6556 -9.0964 9.2658 0.57624 6.7425 0.3444 9.8254 0.63467 2.5602 
-1.1132 -7.9147 6.1167 7.2972 5.073 -5.3565 6.2654 5.8056 7.4565 5.9896 
-0.86234 -8.3304 -2.1111 -9.0327 4.826 6.7797 7.2637 -6.49 -4.3591 4.2969 
1.9963 -9.7321 -6.6997 3.1865 -6.4546 -7.4072 -8.2606 -7.0469 -8.9175 3.9679 
6.8524 8.3752 7.9458 8.0682 -3.99 3.6029 4.4239 -9.8553 -6.0472 6.988 
-9.376 -2.6485 7.8468 -5.9504 -4.2111 9.4496 7.5988 -7.1385 0.012393 2.2457 
-6.2546 -1.5595 6.9014 -7.4197 5.6969 -2.307 7.3272 -8.6377 3.6788 8.6175 
8.8719 1.5142 1.9403 2.4792 -5.1775 -9.7795 0.59034 5.1265 6.8006 1.8799 
8.9584 -6.2795 -1.6452 -9.5183 0.95243 2.0707 7.6472 3.2734 -7.4202 -5.6041 
-0.94031 -9.5555 1.1408 -3.2871 -5.6398 3.1399 -4.0542 -8.2958 -6.1325 6.2837 
6.2167 3.16 0.87779 8.2612 3.2975 -9.9533 5.1207 -3.1727 1.0445 -6.4379 
8.5776 -0.82701 4.3696 -8.2564 5.463 1.7584 8.2547 -3.2152 -8.2763 -6.7221 
3.4543 -6.0002 -2.5442 1.0497 9.0917 -6.7523 -5.1226 0.014659 -4.382 -1.578 
-2.5534 -6.0696 -5.1962 7.1792 5.8345 -7.7319 -5.497 -8.3765 -7.6948 5.7977 
-1.8861 3.8715 3.3761 -1.7668 -2.9547 -7.6338 1.6848 0.846 -0.37187 4.7661 
-1.2235 4.9483 -9.2664 -1.7988 2.9364 5.6544 0.42182 -3.4774 -7.6444 -9.3652 
3.573 0.86669 -2.2883 3.1644 -8.766 5.8959 0.19562 -7.8099 -0.55846 9.9514 
-0.69859 0.51713 5.6612 -3.5097 -8.0491 -8.9331 -2.6507 -7.4563 6.9462 9.6537 
9.0653 -1.8657 -3.1304 -6.9746 3.7361 -9.1542 2.0673 -1.9282 9.5384 6.064 
-2.906 1.1394 1.3204 -1.138 8.3453 -6.3905 -6.9016 -3.1889 -7.8015 1.4614 
-3.2196 4.6126 -3.6348 9.5293 -1.9567 -0.43664 -1.5135 -4.0284 1.789 -0.059765 
7.9172 -4.1298 9.8616 6.7802 -6.4002 -0.32472 -0.083268 7.3676 5.1425 6.7071 
0.90869 5.6911 -9.4535 -4.6105 -8.6502 5.8166 -9.6679 9.0277 3.0824 8.4102 
4.9857 -8.4836 -4.5492 -4.5761 -8.6007 -2.4071 -4.3195 -0.47574 -3.4852 8.0193 
-7.5025 -0.56639 0.046743 0.61949 8.0839 -2.9952 3.8091 0.90038 1.8491 -4.8214 
-0.9353 -2.0169 -2.6065 3.8651 -1.474 4.3376 8.5384 -6.0927 -0.090364 4.8578 
-8.505 8.2222 -5.5612 -1.601 -1.6896 -6.5911 -1.0507 1.0006 8.9518 0.75069 
3.2668 -1.4396 -2.2723 2.0946 0.82495 -6.5008 5.0887 -6.7292 -4.4168 1.2003 
4.073 8.9017 6.0853 2.0399 6.2724 -4.7128 1.5854 9.2109 2.7076 -9.4783 
8.379 -1.9094 5.6925 6.936 -0.1554 9.7445 -7.561 -6.7806 -2.5912 4.9062 
3.2014 -5.1501 3.1083 -4.5701 -2.0395 -8.2183 5.098 0.068978 2.236 9.9211 
3.8021 7.4524 -2.8515 -2.3477 -3.1156 7.1621 -2.2296 1.9681 -3.9066 8.3499 
7.0745 -0.12023 -3.2197 7.1576 7.9891 -2.2638 9.2018 6.4428 4.1625 3.7071 
-0.64197 -1.5285 -8.946 -5.8534 -4.5868 -4.6357 -8.915 -2.2858 -3.0152 8.1613 
-0.83043 1.0473 7.2572 -7.2501 4.1333 5.7322 7.442 5.1294 -5.2602 -9.9172 
6.1221 -5.0286 -8.523 7.3324 -0.7677 -5.8499 6.6265 4.4569 6.0164 -0.34891 
6.4953 -4.8568 3.6921 5.4991 2.1772 9.7795 6.9736 9.5141 -6.8692 8.2426 
-6.1913 -5.8053 1.4717 5.2665 8.2557 -1.2085 -4.1925 3.1451 -9.2975 8.2153 
-9.4865 1.6125 -1.381 1.8954 3.0501 -5.8087 7.8104 3.686 -9.5859 -0.032918 
-8.8637 6.703 -0.27618 -3.6738 3.1021 8.3476 0.87739 4.6912 -1.322 9.9046 
-7.1413 7.0532 3.5705 2.7008 9.0597 -7.8241 7.5968 -5.0576 -8.5091 -8.0542 
-6.5716 2.8779 -5.9358 4.9722 9.9011 -0.1975 -2.5191 9.8055 -1.3257 -2.9214 
2.5169 9.7002 -2.6344 7.6026 3.0323 -8.9242 4.6328 8.9057 -6.0079 3.8196 
-9.4097 9.5796 5.1979 -2.3313 4.0948 -2.8511 0.81098 1.0723 1.2119 4.5036 
-0.55335 3.6525 -7.9 -8.0031 -5.6277 -5.4776 5.0764 8.5071 7.1553 -8.1869 
3.5689 5.7096 2.7826 4.8682 -6.1884 5.6881 -8.9268 6.9204 3.3208 -1.2091 
-7.7042 -3.024 5.1112 -6.5838 -4.3079 -2.222 -8.8538 -8.8317 5.0314 9.5058 
-5.2787 5.6103 2.9241 5.3268 2.9079 -6.5995 -3.9024 0.85063 6.7269 -3.8053 
-4.2184 -9.0721 3.3683 3.603 2.2794 4.6253 -0.32013 -2.1629 8.1805 -9.2703 
-6.5449 -2.9433 1.8457 -5.6287 7.4372 -9.2782 -9.0628 3.4215 -8.4634 4.8922 
-3.5259 -2.86 4.8064 0.70041 -4.4055 0.36434 -7.7464 9.4931 -5.9824 -8.9105 
6.0222 -7.4053 -0.71839 2.26 -5.3388 -2.5799 8.6068 -5.6912 0.14975 8.2522 
-4.0073 9.6449 -7.1284 7.2479 -4.7784 5.0368 2.6662 -4.4762 -9.3877 -0.63447 
5.5125 -1.6849 -3.6257 -9.4441 1.4656 -4.5574 1.214 9.5378 8.8108 1.6704 
1.0554 -1.8703 6.957 1.3155 8.7444 -7.9433 -6.6578 -4.4796 -4.0696 0.15349 
1.0938 5.6538 3.1564 -8.1634 8.7769 -2.4872 1.5378 -0.32033 4.6082 8.5723 
4.6129 -1.3359 -2.2208 -3.1138 -6.8921 4.0803 -8.345 5.5136 -6.8794 0.57483 
5.4725 1.5256 8.3403 5.3282 -6.8387 1.8616 -4.5206 -4.2067 1.2538 -7.6873 
8.0169 3.0094 0.55206 1.1387 -5.2033 8.0807 -4.3055 7.0397 5.994 6.9698 
-7.2367 -9.3398 -6.8219 -7.0628 5.9823 -8.2598 -7.8104 8.9152 9.9188 4.8935 
5.8815 -1.9198 3.8603 7.6713 0.17548 -0.77034 -6.5073 1.9127 6.517 1.7328 
-6.2117 9.1789 5.6681 -8.636 9.5175 -2.5091 -2.0834 3.2843 -2.1929 1.2123 
-9.4205 1.9104 6.929 -3.3732 -8.1105 -0.024414 -2.9726 -4.6183 -4.2965 -8.6447 
-7.4523 8.6616 -0.85415 -9.4679 -3.4347 9.0685 -3.902 -9.0818 0.41764 1.7689 
-7.3253 8.7408 -8.2208 -4.3873 9.9134 0.074496 -9.8175 7.3894 -3.4096 -9.1057 
-7.4338 5.1148 -7.2875 -5.8675 -0.10845 3.9711 5.8666 -5.162 -3.8916 4.8399 
8.7052 0.77828 1.4264 5.4219 -0.75289 6.3552 1.8592 3.2683 -8.9058 -7.1285 
-4.5354 6.4858 2.4708 -8.1283 -0.85502 -3.89 -1.4414 7.4381 8.5072 -8.7693 
8.8536 -9.7851 3.9431 -5.6871 9.6866 3.8365 2.9604 -6.8324 -7.0484 -1.3379 
2.763 4.9304 -1.6854 -8.2491 -3.2186 0.30367 7.8901 2.3355 -3.344 -5.3451 
7.4506 -7.9393 -7.2253 5.6942 3.6079 -0.37688 -4.9128 5.7142 3.5287 -6.5368 
-2.6585 -9.0318 -3.7981 1.8211 -2.5789 3.9057 -2.1219 2.8131 7.5647 -9.9122 
-5.276 -6.2862 4.2471 -3.5853 5.7516 -0.059716 0.79919 -3.3108 -0.5687 -4.9568 
-6.2536 -0.54321 -5.751 2.5383 -8.9526 2.9076 7.7346 0.10321 3.0315 4.8568 
0.91299 -9.8073 4.6761 8.067 -7.7821 6.7959 -4.9413 -4.8465 9.589 -8.0611 
-4.8977 7.1636 -2.2132 -4.8221 4.9395 3.0273 5.7993 -2.3639 0.058753 6.2387 
-3.8835 -0.53021 -9.5779 -2.1545 -3.541 -0.65099 8.514 3.0361 -3.6553 5.7241 
-9.689 -7.0013 3.0166 -6.066 -0.22561 -4.8011 -3.1398 -9.6955 9.8 -8.1449 
1.7498 -5.0909 2.6872 6.392 -8.3348 5.8053 -5.7871 -7.7974 5.8207 -9.549 
9.2512 -8.8642 4.3686 -8.8636 -1.9993 -7.2099 -2.4234 -3.9718 -7.0031 1.0361 
6.997 -5.8951 6.0323 -0.92267 -6.5403 5.2626 -4.307 -4.1233 -6.8838 -5.5924 
-9.8412 -0.69022 3.6173 -5.0479 -3.5247 5.3222 3.5975 3.9437 -5.0711 9.8725 
2.6805 -0.7805 -4.4603 -2.5684 -2.2574 -8.3088 -7.3535 -9.0895 0.95314 -0.63606 
-2.8142 -2.9789 3.0892 -6.8384 5.4199 -6.0004 -7.0193 -0.65544 0.68624 -4.1959 
-7.7188 -1.1799 5.2956 1.7783 -1.2552 -3.873 6.8956 -0.96772 3.7143 1.2629 
0.81636 -3.4119 -4.1605 1.1189 3.8205 0.80323 8.6259 0.32697 8.473 5.9212 
-1.6716 1.4419 6.3698 -7.1228 9.8339 8.201 7.162 -1.8169 3.2446 7.04 
0.34197 9.8471 -8.4456 9.5889 -7.8765 -2.6831 2.0141 4.4178 -4.821 -2.6972 
7.7225 4.357 8.1776 4.7422 -0.25365 6.5641 1.0454 4.3444 -2.8626 -2.1193 
-7.0121 -2.7801 9.9535 -7.8606 6.2301 -4.6643 0.19817 -7.4232 7.4678 -6.1766 
-1.3065 1.4546 -1.624 -8.1645 -8.5946 9.2262 -9.6909 2.445 -0.81671 -8.6248 
-8.8192 -2.3933 -4.6818 0.54715 2.5842 7.8911 -5.2789 -7.9444 -9.3425 -2.1016 
-2.3794 -2.5583 -4.8007 -3.5392 7.6981 8.3412 -8.127 6.5103 7.8135 1.1081 
4.4474 -1.5145 -3.1977 -0.40382 6.6949 4.875 6.0405 7.3974 -9.2359 -7.6858 
-8.0976 4.8625 5.7716 -7.8956 -2.96 6.502 -5.4073 8.7967 8.5564 3.7601 
3.3438 -2.7984 2.7303 9.5223 -6.7253 -0.85634 5.3975 -7.6715 -0.93178 -9.3317 
-4.072 2.5298 4.9447 5.3533 0.8 2.9536 3.071 -3.3258 -3.2958 4.9329 
1.9713 7.0574 8.0638 7.7455 5.1333 -2.9678 -2.5691 -8.521 -2.2569 1.4469 
-6.963 -7.5995 9.9994 3.4399 -4.4266 -9.2466 8.021 -1.0191 -9.6587 4.4772 
-1.2725 -6.5131 9.5442 6.4366 6.3008 -1.123 6.3254 2.9479 1.1452 -9.4178 
-9.7464 9.0126 -0.48034 -5.6196 4.9448 -0.46595 0.11934 -9.4593 9.9857 -7.872 
-5.4195 9.55 -0.4453 6.1792 -0.83801 6.3872 -4.7361 5.0654 -9.6286 4.7117 
-4.7264 -4.9599 -8.6278 -4.8407 0.0046292 -0.9285 0.19655 -3.939 -7.2982 -7.3484 
0.2277 -4.3076 -3.9053 4.9636 -6.7453 -5.2986 -3.3002 -1.7421 0.001493 -6.1566 
-5.6983 6.7657 8.4619 -2.1129 9.3633 -0.52119 -8.056 5.4209 -4.6818 -5.168 
-3.0778 6.042 3.7235 -9.7768 -8.1495 7.181 -9.7306 8.3153 0.50908 -5.347 
4.9563 -2.6008 -4.2724 -6.741 8.3208 2.6688 -8.7755 -1.8068 -8.5229 -4.5634 
-1.7276 -2.7438 -1.3219 -6.5793 -7.7997 7.9172 5.8441 -9.0871 1.8862 -8.4977 
-8.8849 -4.5652 -2.6518 -0.68296 5.3254 4.7867 -9.8706 2.9511 -4.2313 -9.3094 
-2.1994 -4.8106 0.0052226 -2.4189 -0.20661 -2.5303 -5.9599 -8.0685 -5.9872 -3.5207 
-0.51032 9.8879 -6.8478 -5.8225 8.9819 2.8945 -7.1694 -1.3684 5.5056 -7.7099 
6.5064 -9.0747 -1.0485 -7.2513 -1.5978 -8.59 -5.5485 -2.2168 -9.7447 7.7874 
-3.9271 3.5267 8.2948 3.7772 -5.8658 6.2818 -3.209 8.6405 4.4371 5.7592 
6.4358 0.033693 -8.2246 3.2603 3.0989 -8.7751 9.3392 4.5684 -3.9533 0.24129 
1.3136 -7.7342 -2.5575 -5.4766 6.3421 6.3082 -1.9977 3.4344 -9.6296 -4.8512 
-8.9124 -0.77371 -8.9498 -3.0246 6.816 9.1707 1.1684 -7.2582 -3.0089 9.566 
-4.7997 4.3726 6.4473 4.8303 -4.4862 1.7127 -9.2936 7.4147 4.2596 -1.2755 
1.7821 9.2121 6.101 -7.9647 -9.1802 -6.0222 4.6959 -8.8444 9.448 6.5314 
-0.40533 0.578 6.861 6.3065 -1.0308 1.063 -6.2764 -4.6373 2.9628 -3.032 
-6.027 8.7083 3.2406 -2.2174 9.4508 -3.2617 3.3065 3.7604 -7.0234 -5.9173 
-5.2197 9.7917 9.2208 -3.9265 4.3352 -6.9317 0.73841 8.567 -1.4742 6.2476 
5.6039 -0.68568 1.9568 7.0646 -0.16877 -6.4469 5.5981 -2.2425 5.5794 5.9399 
2.3462 -2.7241 7.5678 1.4167 0.89443 8.5596 -1.2474 0.63008 -1.1866 -1.4706 
-7.1174 -8.1933 -8.9514 -2.9888 -4.2358 5.2375 4.9778 -1.7931 -5.8874 9.3075 
4.3226 6.8841 -9.5362 0.41154 -6.6831 5.1205 -7.6021 1.4003 6.1615 0.97691 
-1.9699 -1.7259 -5.8955 -3.6811 3.1335 -0.090049 2.5971 0.25475 -5.7016 -8.7427 
-0.75229 5.1472 1.5545 -0.16675 0.13056 -6.8523 -4.0086 1.6153 8.2321 -7.3914 
4.1456 1.0807 5.4252 -1.118 9.0904 2.619 8.6592 9.7245 8.6024 5.9083 
-1.9758 -0.47519 7.4418 5.8282 2.6057 5.442 3.9928 9.2573 9.8176 -5.157 
-9.7123 -4.6682 -8.3828 0.93698 7.6717 4.2788 -1.6256 -4.1197 3.4885 2.0055 
-8.5072 -7.2945 7.0008 -1.7087 6.9598 8.4605 -3.5959 -9.5999 9.1111 2.8496 
1.8214 -8.446 8.6085 -5.4032 -2.945 2.7201 -5.0741 -3.9576 2.9314 3.3482 
-1.08 6.9319 0.7525 -5.7238 5.1436 -0.66739 -5.7352 7.2924 -7.9135 0.8158 
8.5324 -3.2591 -8.9469 6.1208 -1.5139 -6.8789 0.28641 2.9532 -8.1641 -3.527 
-8.1021 3.4799 7.736 8.8428 7.8186 -1.3466 3.043 5.8687 1.6781 1.2475 
-2.4916 -7.9113 -6.803 -4.9993 -5.4862 6.0648 -8.6778 2.0234 6.6635 2.9099 
0.91998 1.7473 5.915 6.8199 1.5103 7.6551 -4.9782 4.2341 -9.7661 1.9911 
-7.7664 -7.7039 -3.8541 -9.6846 -7.2401 8.1828 6.3515 7.7186 9.3127 -3.0579 
8.0893 -5.0131 3.0497 -7.241 -7.9903 7.7033 9.7282 0.043161 -4.1134 -8.3488 
2.6655 -1.7165 7.4858 6.9293 -1.1792 3.3831 -7.2209 -1.0024 -3.1459 5.0864 
8.1082 4.3093 -7.0924 -3.7262 3.5999 4.2574 3.4854 3.1186 2.9765 8.4364 
2.6111 7.3934 7.387 1.013 -1.7947 4.9489 -2.36 4.5275 6.3585 -0.060811 
-9.7154 6.3086 7.2457 6.0849 -3.5121 -4.9079 -5.6852 -6.4867 8.356 0.052724 
-3.6704 -5.351 4.9505 -9.6276 9.5235 -0.16636 2.5153 9.9708 -9.2726 -9.4817 
-7.7626 -3.0733 3.3501 -3.6976 3.376 9.0803 -3.3713 -7.3177 5.4515 -9.7746 
2.5893 9.2122 8.6338 -1.2332 -4.9549 -2.1855 3.4632 3.4736 -8.5908 1.6794 
-8.7858 -3.9737 -2.1393 -9.8928 3.3614 -4.002 -9.2959 8.6225 -9.7779 0.19256 
3.4799 -6.9161 -1.1186 -0.98134 -5.918 5.8502 8.2591 -1.5026 -1.728 -5.3515 
-0.45122 4.8887 -5.6522 1.1381 -1.2313 -6.1974 4.9005 -1.8894 4.1014 -7.7042 
-3.8891 -4.3421 5.9377 -5.1154 6.8977 -6.4229 -2.8275 -5.5704 -6.4208 7.256 
0.32666 -3.4232 7.4007 1.6364 -9.8422 -5.9876 8.0291 8.997 -0.57788 -0.7418 
4.1406 -9.9734 4.5246 2.5085 1.8749 2.0655 -2.4315 1.7466 -5.1328 9.4592 
6.2722 1.2783 -7.4188 -2.5917 8.7649 -6.9213 -8.8381 -6.8882 3.9655 7.7804 
-3.6838 -1.1173 -8.1085 -8.1056 -4.2604 6.8912 -4.6564 -7.5253 0.045056 -2.7672 
-3.774 -6.7727 -8.1266 4.8449 6.6093 1.4353 9.2365 5.6493 -2.3342 3.8422 
-3.1005 4.0692 -6.097 4.0343 -7.2649 4.9125 -1.5668 -3.9057 -7.0881 7.8742 
3.3261 0.88062 -1.1506 -2.7821 5.8902 2.4215 -7.0926 4.4145 4.9901 8.2443 
7.2214 -4.9076 -3.6293 5.2594 -6.7727 6.4337 1.7248 -7.6339 -9.5852 3.6838 
5.2356 -2.1378 2.8844 4.2156 -9.3154 2.1013 -8.4728 -7.3655 9.3334 9.8261 
7.5168 -5.1076 4.8256 1.979 -4.9001 4.291 -5.0478 9.8286 5.6486 -5.7331 
7.4247 1.6538 -3.3441 -3.6171 5.1766 9.2051 -9.52 -6.6081 -4.1414 -3.9626 
-6.5442 -8.9451 6.3433 1.232 8.323 4.7787 -9.7539 4.1166 -9.7455 -6.5958 
7.0045 2.0459 -4.9409 -5.6826 -4.0059 -2.2457 4.6256 2.3275 1.5785 -0.79049 
9.1918 -9.2006 2.2735 -6.8491 -9.5873 -8.2479 1.5651 2.5561 -5.3764 -1.1937 
5.4041 7.2482 7.1309 0.55069 3.7145 3.673 0.61363 -9.6002 7.5818 -8.8089 
7.5003 -3.1378 -6.4187 -3.8145 9.5117 -6.5624 -2.1843 7.8054 -9.1786 -3.4313 
-8.6517 -7.7553 0.090568 2.15 -4.9387 1.808 -7.1104 -8.3413 8.6133 -1.8009 
2.9358 1.8685 4.2303 -0.37457 -2.4979 -3.3798 -0.33038 7.6676 -7.3285 8.2687 
-3.5181 2.6015 -5.3836 1.3168 5.162 -1.3677 4.9096 -7.3358 1.1859 6.3947 
2.8069 5.6276 6.1577 -7.1748 -2.2826 0.18186 6.4796 4.3354 -3.438 -4.0742 
7.595 4.7303 1.578 -0.60999 -2.7834 -1.7238 -0.40177 -9.5623 -4.7785 9.309 
-2.5272 5.8319 9.5692 -1.8579 5.8073 -4.0277 -9.6051 -7.9419 1.7035 8.9386 
5.3348 2.9742 7.7666 -1.0694 5.1848 -5.1231 -5.299 6.3073 -8.5014 1.6923 
-6.6383 8.2382 5.277 3.8788 -8.6011 -4.3982 8.6299 1.8338 9.5145 4.0842 
0.39449 2.1215 7.6652 -5.083 -4.1612 6.4012 -4.4094 -4.8762 -5.0535 -6.2789 
2.5491 4.7289 -3.4766 -5.3421 6.9343 8.4328 4.0136 -9.675 -8.2512 -0.83075 
4.2783 4.265 4.4626 -7.4676 -9.5212 5.4776 -1.599 7.3636 0.42768 3.1418 
-3.8721 3.7997 -0.73619 1.0212 5.0192 8.9652 -4.3729 -5.2217 5.2676 -9.9008 
-4.7263 8.3974 4.7993 0.95552 2.9427 -6.7514 -4.5357 9.3954 4.4604 5.9637 
8.3201 9.3909 1.225 -8.0533 2.5574 8.4912 8.707 0.44956 -7.95 2.7448 
2.3007 -3.4215 -1.7685 -3.5875 -5.8615 -1.6562 -3.8399 -2.2725 -0.84131 -9.6989 
-8.1365 -8.1037 -8.7915 -6.5864 5.4219 -3.4204 -8.0517 6.046 7.0677 -0.71711 
2.5539 6.1307 0.0076642 7.07 -3.2891 1.4167 -7.9122 7.8979 -0.25419 0.72749 
-6.1594 3.6547 0.31354 -2.9106 9.8733 -9.5827 -3.5365 -8.8026 -8.3497 2.6018 
5.5393 -6.5351 0.35107 0.61314 -6.3682 -1.2211 -0.86534 -9.9539 -3.4068 -1.6411 
7.29 -0.3798 0.12572 -3.1932 1.2564 -2.6642 0.72677 4.7351 -8.8211 -5.9709 
-3.3284 8.7868 -1.5534 7.8668 -7.5142 8.2353 -1.1091 -0.63008 2.2129 -1.8504 
-7.2917 -7.2386 3.0995 -7.6777 1.5119 -4.5273 7.8528 -5.6116 -9.4566 3.4442 
5.3093 3.1931 4.4176 6.7673 3.7525 -2.5247 9.2431 3.7062 -7.8964 -9.6814 
-3.6277 -6.1192 3.3205 -4.4795 -7.3081 8.2357 -4.4744 9.9275 1.8672 5.3013 
-4.9524 2.5297 -0.12742 -5.1407 0.41416 -8.5564 4.9556 8.5007 -5.2939 6.2486 
-5.9985 2.4147 -8.0776 -3.0359 1.9533 -7.9075 -5.7886 3.1579 9.0608 -6.7677 
-8.6198 -1.1805 6.2 -6.7538 -7.106 3.293 0.1239 5.1727 5.9821 -5.1099 
1.0382 3.1789 -2.0913 6.2231 8.333 3.2012 -0.29553 0.58785 1.4149 3.509 
-1.9238 -1.057 -2.558 -8.6283 2.4808 6.542 0.79016 -3.1907 9.39 -8.3796 
5.0023 7.0321 -3.7033 4.7047 4.9713 -6.9196 -6.9028 -9.1794 7.615 4.3519 
-0.25633 4.1465 -1.8019 5.1878 5.5452 4.3027 8.0017 2.3588 0.70169 9.4741 
-2.3043 -1.4291 0.30748 -8.7433 -0.98095 -7.7438 -4.9265 3.4599 5.4964 -4.5051 
-8.7718 2.4039 -4.3452 5.9388 -8.7944 7.4379 8.7856 -6.6369 8.0083 5.7799 
-5.7262 2.8238 -0.5024 -8.0998 -3.4302 1.2265 -6.4345 2.2089 6.7294 5.8545 
0.87747 7.755 -9.4279 -9.4005 -9.4239 3.196 -9.7696 6.4403 2.794 2.809 
-1.7871 9.8721 -7.2244 8.0323 1.2611 -1.2699 -6.7831 -4.1537 3.9688 3.7297 
8.0193 4.5671 -7.6231 4.7735 -3.8415 0.36474 -9.2448 -5.828 9.5827 9.4918 
-8.8742 0.11646 0.22009 -8.0756 -1.0884 3.3948 -6.3255 4.737 -6.4993 2.2754 
-1.1298 -9.0214 8.7782 1.7256 0.2521 -2.7334 -3.524 9.7767 1.6978 -5.6766 
0.75625 -7.8356 -2.8664 -2.4976 7.7365 4.0316 0.5085 3.9598 2.7081 -1.2838 
-7.3188 7.1659 8.8441 5.5044 -7.7829 -5.5659 -6.7067 -8.8759 -2.1469 6.8418 
0.81894 8.3189 -3.9075 6.5868 4.0916 8.3178 9.1295 6.0184 -8.369 0.13092 
7.1474 3.4332 -5.5018 7.0621 -6.559 5.0762 0.40964 6.1169 3.1521 9.6827 
-6.0397 -0.75329 -7.8238 -0.6921 -4.4446 -9.5419 5.3983 -1.8644 3.438 8.4957 
-6.8878 9.2278 2.0868 -1.2756 4.3512 -2.4338 -7.9066 6.1552 7.2617 0.62637 
-8.7724 -8.4017 1.1106 2.4898 -6.7238 4.8731 -8.7347 8.36 -4.9586 4.1687 
3.2215 -2.2817 2.0948 8.2291 3.8947 0.37226 -7.4915 -0.9059 6.0238 -3.1435 
-9.6279 -9.6713 5.8535 5.4195 -5.6448 1.0471 9.8913 3.1017 3.26 -9.9144 
-4.1779 1.8381 -9.5815 7.4341 0.87146 -4.4205 5.2784 -4.3452 -9.5961 -1.9332 
9.4765 1.3647 9.7746 -6.7192 9.9568 2.7946 -9.8098 -9.4384 -0.1164 -7.4208 
5.2928 -9.7546 -8.2625 7.8088 -4.5627 3.7106 7.6517 9.1451 -9.3082 4.0606 
-5.1263 1.7961 8.0095 -1.7926 9.5103 2.3171 3.4095 5.1048 7.1687 8.3094 
3.6423 -2.7957 -5.2381 2.8246 4.3533 -1.287 6.3634 2.3123 -0.35904 -4.1832 
-7.2429 -9.4913 6.1853 -7.6448 5.2519 6.3791 -0.6029 7.8421 -0.36484 -3.4004 
2.5962 9.5716 2.3019 6.9468 -3.1729 1.5782 7.3465 -8.3807 0.60326 -4.3 
7.1403 -7.3561 -4.4158 8.2331 -2.0027 -2.8263 -3.1264 7.9093 2.5595 7.8774 
7.996 1.0115 3.0182 -6.869 7.1735 -6.4582 1.1944 7.0616 -0.11657 -0.22734 
-3.0326 7.2688 7.7377 -6.916 -7.9396 6.8624 3.6119 1.8682 -7.2343 5.991 
-0.2738 3.6508 -2.3827 4.548 -1.6708 9.5283 5.6208 4.7478 -1.1625 -6.7297 
3.5903 -9.3006 7.3717 0.84199 5.7956 3.7767 0.098721 -2.6101 -0.17738 -9.4573 
4.0824 -1.196 8.258 -7.4371 0.41696 0.34173 6.7743 -9.0701 4.7952 -5.4642 
-0.78232 -1.2035 8.2221 6.6798 -6.9506 9.4705 6.0994 -4.2067 0.98979 3.7776 
-2.7146 5.3222 7.6099 0.61234 -6.7552 -8.1076 7.721 -2.9046 -3.4619 -4.0027 
-4.3947 9.9968 -5.6807 6.041 -3.6283 -5.6067 -6.1878 7.614 -8.6428 7.3816 
-8.4759 -4.8507 -9.7159 -8.3452 -3.1273 -8.2777 -8.5221 -5.8569 0.29479 8.1316 
-1.1075 7.7163 -8.1597 -5.5072 -1.8139 -8.442 0.77359 -3.3405 -5.4471 9.5581 
-6.6859 -9.0056 4.3873 7.048 -2.2959 1.262 3.9927 1.0655 -1.5425 0.12593 
-2.025 -3.3669 -3.8324 2.5051 0.34385 -8.1532 -9.7076 -3.7211 7.3723 4.6131 
8.4117 4.5911 -5.7385 4.1761 8.6575 -3.0747 -0.91749 5.1198 -1.3896 7.1938 
0.22669 -0.025965 -7.6572 -7.7088 -9.3725 0.83865 -5.1062 8.998 -2.6218 -5.6931 
8.2828 0.93319 -2.7339 8.4786 0.83686 -3.3077 7.1843 9.0528 8.0784 -2.9618 
-8.1613 -5.5072 -3.3437 5.7628 0.12706 2.4138 -3.9009 9.6261 9.5641 -7.3956 
9.8607 -7.5404 2.1757 3.2527 -2.143 -1.0039 -8.8618 4.1398 6.9145 -2.2719 
-8.0713 -0.29576 -9.7818 -8.2622 -9.8147 4.3588 -9.0718 2.1039 3.7814 3.9946 
-3.7371 7.4808 -8.2293 6.3924 9.6055 1.9282 -6.7425 1.6714 6.5328 -8.284 
5.7075 2.8285 1.0995 9.91 7.9601 3.0853 8.9265 1.395 -4.2815 6.8163 
2.048 -1.0353 9.3629 -6.7422 4.5882 9.0891 -0.0084408 -0.41733 -8.9161 -9.6461 
-0.68183 -7.2571 5.2889 8.2659 -1.6981 -3.1195 6.6472 -4.8601 -5.7019 -5.8071 
-4.0374 -7.1768 -3.0289 2.1461 -9.0914 8.9246 -0.8822 -1.5582 3.6756 9.8601 
-7.3365 9.6519 8.3599 -5.5451 7.0475 4.9809 5.5275 0.27788 0.84277 4.2051 
-4.0998 9.4377 8.9407 3.8316 6.0579 8.3199 -5.8364 4.9909 5.7731 -7.5022 
-6.6675 -1.4221 -3.3537 4.0603 0.37627 -5.5957 -7.2283 -4.6769 4.1676 -1.4491 
-3.6579 5.1208 -4.9478 8.9912 -5.6935 2.6643 -2.6544 -8.237 1.4797 1.9399 
-7.8032 1.1718 -1.0262 -9.155 9.0206 7.347 2.4291 2.5321 -6.8054 -2.6354 
6.6418 5.1331 4.8038 -7.6969 -7.2289 8.735 4.8878 -1.0653 -7.6129 -6.5164 
9.4319 9.5184 -8.057 2.8205 2.8769 -1.8849 -9.0625 0.090712 -8.5285 7.7849 
-5.6346 -9.1625 5.6382 5.5504 -1.8759 -8.8776 8.7028 5.4479 0.83642 -3.6477 
4.1216 -2.9799 -4.5864 -9.0386 -9.5017 5.946 4.5315 7.9663 8.5845 8.77 
-9.2197 -0.46704 -7.4277 3.6821 0.95012 8.4548 9.3912 -4.4622 -1.4768 -3.6009 
2.3259 -6.5013 8.9829 -1.4965 -4.2022 0.81803 0.38112 -8.7481 7.0118 3.1668 
3.3873 -2.8819 6.3738 5.3515 8.8407 6.7891 -8.1462 8.5037 -5.5793 7.7812 
-9.256 7.7694 -7.4699 -2.7699 5.2029 -4.143 -2.1101 6.893 -6.8382 7.4931 
-9.9333 -8.6169 4.6224 -6.0275 -9.5089 9.2256 -9.6056 1.607 -5.5581 -7.2619 
-7.1507 -8.1451 -5.2178 8.0839 -6.8457 -3.72 -3.1622 7.5181 5.9661 -0.038453 
7.2481 -5.8839 -7.7674 -7.8836 1.6211 -6.9499 3.2703 -2.1155 -6.9085 -9.8792 
-4.4793 2.304 -5.3842 1.4868 1.7255 -6.1673 9.08 -4.647 -5.3636 0.27994 
0.63383 -4.5314 6.3488 -5.1529 5.4809 -7.458 -6.6966 3.9318 -2.8545 5.2692 
0.44443 4.9557 -6.0602 4.4246 -5.1842 8.0114 -3.3398 -2.7776 4.284 6.3219 
1.3524 -3.8855 7.5656 2.4695 0.50249 -6.5955 -9.4777 5.2677 1.0144 -5.921 
-3.3393 5.3089 5.207 -0.89845 1.0791 -2.6553 6.5003 -3.3659 -4.0119 6.2689 
-1.7317 -4.9423 7.5065 5.6657 -3.2423 4.9671 -3.6406 -2.5371 7.2078 5.1201 
-1.713 3.4203 -9.4608 -3.2463 7.7103 -3.9232 0.45339 -6.9418 -6.056 -5.2608 
9.6784 -7.3617 -5.2531 -6.9564 -6.2384 -0.76724 -0.47776 7.1228 -6.6138 -4.1681 
-8.8452 8.849 -1.7976 2.4787 1.8057 -8.9007 5.5988 -2.7295 -8.2444 9.327 
-2.0691 -1.1083 -1.7691 -4.4684 -7.2939 -6.7485 -0.91756 -4.1827 -3.5698 1.1192 
5.8264 -2.8401 -5.2485 -9.6805 4.5813 3.3689 2.6295 8.8859 9.4787 0.14284 
1.8837 -6.604 7.5192 9.4606 -4.8424 -3.2669 6.4101 -2.3199 8.0826 -6.6346 
-3.8087 -0.018519 -8.2183 -7.7144 1.9725 6.8656 -1.4133 7.7123 -2.5588 -8.9412 
8.0361 -0.95668 3.3168 -5.4254 -9.046 4.4433 4.9718 -2.1323 -7.1101 -8.7253 
-8.1375 -8.6757 -5.0485 -7.7708 -7.8592 9.3993 1.1233 -3.0934 -4.8432 -2.0628 
-3.6195 7.7576 -7.7543 9.4698 -6.1748 1.132 2.7269 -7.9588 -8.7317 -0.14301 
7.7392 8.1557 2.0576 -6.9244 0.94655 -1.8386 -1.8573 6.2578 -7.122 -6.2263 
3.1486 5.6531 9.3827 3.898 0.78272 -2.2729 9.4596 -7.2265 5.8931 -2.2725 
3.6903 -0.56113 4.9162 -7.5431 -0.14626 -6.0535 -0.68558 -4.2732 9.507 -8.9934 
-0.52103 5.9228 -7.7573 4.3605 -7.0237 -1.2048 -5.3708 -8.7252 -6.5322 -0.99907 
-7.1751 7.5129 -6.4869 8.1592 -3.5218 -4.2318 -7.6252 9.688 -7.8352 -0.42243 
9.0185 3.445 -3.53 4.7724 -9.2175 5.4861 3.7506 -9.1943 8.5896 1.9261 
7.6525 -8.5923 -8.2626 -5.3573 -8.6023 -2.1162 -1.5167 -5.7294 3.2875 2.5615 
-1.2512 -7.5106 5.3025 -5.6732 -9.3049 9.8984 -9.9594 -0.35473 -7.1267 2.1227 
6.6991 -1.4927 0.30551 4.3307 1.2701 -0.29598 1.442 -2.0334 5.7904 2.659 
-3.4971 5.6533 -6.6547 5.7515 0.65073 -0.54765 -7.259 -1.0741 2.538 8.8788 
-2.6472 1.7829 1.6135 -1.8629 1.7349 -5.6039 3.1874 -9.8684 2.068 -7.3893 
5.8968 -0.55728 -5.7269 6.1915 -5.0693 1.2545 -6.766 3.2152 -3.6093 0.51751 
-8.0138 -9.3242 -6.8876 -8.7737 5.0575 -0.4127 4.6268 -3.1226 5.7288 -3.9707 
9.0356 -6.3985 1.9849 -6.3514 5.4803 3.6043 1.7022 -6.0018 7.9774 -0.12804 
-9.9705 8.6364 -4.1697 -4.4969 0.90914 0.069923 -9.7133 6.8493 -4.6954 -9.8302 
-4.0921 1.8153 -0.30434 9.0757 6.775 2.6084 -2.52 8.2904 -1.3711 -9.2098 
-9.0309 0.12671 -5.9848 -6.8107 -5.787 9.6038 5.7949 0.04987 1.2775 0.72048 
-1.1452 -5.6312 -8.0193 -2.8198 -1.4649 5.5788 -2.0708 0.31931 -6.4348 -0.50583 
5.7969 9.041 -3.872 -3.3713 -7.5851 -8.5226 -1.0796 1.7463 8.9821 5.8015 
8.2704 -2.7548 -5.946 6.4382 3.8339 4.295 -2.9728 -1.8082 -8.3411 9.5421 
0.66509 -0.82906 6.9394 -6.9055 7.7973 -9.5313 8.4119 6.4207 -4.5257 7.6543 
6.0815 6.6162 3.9621 0.60267 -6.9192 -5.3354 4.242 3.5719 -2.4662 -0.82742 
1.2532 5.8133 -3.0562 -2.3362 -1.1203 4.4221 2.0056 7.4837 6.4169 -7.88 
5.0175 -1.1795 3.2122 8.8206 9.8145 7.4125 7.2643 8.6241 -5.7435 -1.3158 
-9.8154 2.4807 -2.3124 9.0314 1.1836 -5.1636 4.8464 6.3803 4.5753 -3.2556 
-0.4643 9.1102 0.89297 9.8865 0.45583 -7.3497 -0.058789 8.0628 -1.4851 -8.4638 
-4.9934 3.2696 -7.1947 -2.4572 5.5798 6.1449 -2.3848 -3.4954 3.0208 -3.0684 
-3.8416 -4.6702 3.2629 -2.3794 7.7234 3.5416 7.4087 -6.5939 -4.6394 -1.2195 
9.339 4.4631 -0.59824 3.3877 -7.8298 5.3142 5.1172 -5.7619 -1.1738 -6.6859 
-5.8239 1.2216 -1.2303 -7.4818 2.7182 -3.8329 -3.7905 3.9385 -8.9058 7.0304 
0.40953 9.4596 5.5868 -1.6673 -3.3228 0.58256 3.3289 1.4666 -3.8993 -2.3648 
-5.4891 -3.9825 -7.8147 -7.4731 -5.6557 1.4652 1.5462 -8.9547 -6.4176 -8.8637 
1.344 -0.05959 3.895 0.17194 -9.9491 5.9756 7.4969 -5.4573 5.8239 -8.6495 
9.9633 -4.3209 -8.788 8.1126 -9.8679 7.1292 5.185 7.3509 -2.4466 -0.63586 
-7.3627 -8.5158 1.6346 4.0083 0.345 4.1475 -4.0356 -2.8825 -6.6771 5.1826 
9.0935 -7.7721 -2.5165 0.64485 -2.9893 -8.7731 -0.92395 3.8939 -9.7849 -7.8637 
-7.5224 -8.4939 -2.8179 2.3994 -4.8228 -4.3531 -4.8199 0.49327 1.5089 4.6439 
-6.2752 9.9238 4.3487 -7.6509 6.5485 -3.2325 9.9594 -3.9848 -4.9822 0.88323 
2.9301 1.992 3.958 -7.2972 -4.5316 -5.7771 -7.857 -1.1379 -6.8993 -0.18552 
-7.4366 5.7794 5.8992 -1.6795 5.3679 5.2654 -2.1164 2.066 -6.099 -7.5187 
-8.3736 7.2254 1.6988 4.2208 -8.1673 4.5331 4.0937 -0.63555 -7.8742 2.4155 
3.1845 6.5414 -0.89925 4.2113 4.1021 -1.1737 -5.3268 -0.81336 4.025 6.7603 
-9.452 8.7385 -6.2225 2.1883 7.1169 -7.5584 3.2161 1.5748 9.1759 -1.6869 
9.7036 -9.2829 -6.6874 5.1912 -1.6986 4.0028 -9.2872 -1.467 5.3075 2.63 
0.78662 -7.2058 7.5486 1.6893 9.7025 9.4871 8.2775 -5.2916 -1.9675 1.0639 
-2.5233 4.5088 -1.4409 -2.1635 1.3384 -3.5485 6.1588 7.8342 1.9658 0.84517 
4.1347 7.4419 -1.7586 9.8784 -2.0918 5.8421 8.0367 9.7373 0.14172 1.9329 
8.9482 -2.5179 0.0076884 2.1268 3.6756 -8.2475 -9.5496 -2.1601 -0.11935 -6.2518 
-2.3545 -5.6762 1.0963 8.5401 -6.0167 3.0234 7.9137 7.4518 -7.9381 -6.616 
3.8582 1.5202 -1.4762 7.5269 -6.3576 8.198 7.2982 -7.0014 -1.3836 -7.1385 
2.0414 -9.4871 5.8735 -8.2352 6.2346 -8.5403 -2.5338 -1.2612 9.8262 -5.2574 
5.5052 -9.1299 -1.6359 -4.3433 3.8937 -1.8923 -0.51047 -4.0336 -6.5609 -0.3156 
1.8367 8.669 -5.6141 -8.9154 -8.3639 6.9094 4.4126 7.5378 1.3833 0.57033 
-2.4764 -1.967 3.0202 -6.9951 3.2597 -0.54996 -7.0816 -3.1846 5.6254 2.5172 
7.013 5.6984 8.6163 4.998 0.21592 8.5193 -1.7847 -1.2449 -4.8584 -8.6087 
-5.4853 -5.1474 -5.997 -2.0016 -6.6328 3.8252 4.757 -2.6973 7.1676 -1.6652 
5.9392 2.1709 5.8789 3.9901 -8.9608 -6.0616 -0.62686 -9.8066 3.2076 9.2236 
9.9376 7.8637 -2.1823 -8.2442 -2.0453 0.8317 3.3361 -6.9846 3.3931 3.0715 
-4.3738 2.5884 0.036826 3.2617 -8.553 -6.1185 0.44461 -2.3614 4.3574 9.3599 
4.2076 8.4829 8.2669 -2.2395 1.6953 -4.7065 -7.6206 6.9478 4.797 -2.7661 
3.2928 9.9161 -1.8902 -1.3073 -8.3401 9.2573 7.7476 0.68371 8.087 -8.3207 
-1.7033 -6.9982 2.7935 5.8921 3.8363 -4.9089 8.9642 6.0656 2.8249 2.4142 
-0.034602 -9.5041 -1.9874 -3.9881 -7.8233 -8.7697 -8.3786 -6.4598 0.34424 -2.0543 
8.9825 8.2253 -6.4071 -2.2957 -8.4221 -3.4531 -9.5793 4.2494 7.5465 -2.027 
9.0636 -7.0401 7.3274 7.5789 8.92 4.311 3.4742 3.6259 3.1104 6.1928 
4.6585 -8.2011 7.784 8.0834 -0.29345 -9.0079 9.6149 -4.9252 7.8517 -1.1869 
-2.3064 4.3139 0.18183 5.7072 -9.431 0.79658 7.1008 4.5182 -4.9969 -8.9044 
-9.1983 -6.4997 -5.4332 -3.8083 2.5028 1.7201 -5.0249 -6.7494 -5.0792 9.5502 
1.6587 -6.8056 8.5492 -9.6721 -5.0747 -7.7408 -3.3019 -4.9397 -1.048 0.85548 
1.2943 -0.42136 -5.9854 -6.6953 -2.3135 8.9603 0.58195 -3.1424 -4.0914 -8.5985 
-2.8963 8.9746 3.4324 -4.8754 -4.0318 4.0874 -0.78019 9.0636 3.2021 1.3565 
7.604 4.8214 -0.59358 -0.51186 -7.1315 -1.0858 2.3717 -2.3787 -9.1673 -1.4923 
2.4906 3.4467 6.8502 -2.3572 -7.3796 3.1306 3.5493 7.2416 5.3134 5.5557 
2.4803 -8.5931 -9.4909 -9.3014 -8.6542 -2.2625 -5.8404 1.5843 6.1058 3.7176 
-4.0852 -3.8779 -0.97228 9.8985 6.0504 -6.6946 0.33729 0.59325 2.4715 -7.9727 
-8.5064 8.7367 -1.622 -7.8207 -0.87599 1.0731 9.2378 9.8558 -5.8447 -7.8303 
-4.1259 7.1387 -9.0614 6.5756 2.0235 7.66 6.8376 -2.1597 -3.6052 7.6843 
-5.3052 7.8169 8.5193 8.7987 -3.3313 -2.2958 -5.5392 4.3382 0.95417 -9.0491 
-3.0821 1.7717 9.2646 6.6904 -5.6844 5.2661 -7.7797 -8.3473 3.6549 -6.8154 
6.9698 -6.7483 -5.2679 -6.724 1.2355 -5.3655 3.4732 -8.543 6.1288 -5.5832 
-6.7927 -6.4791 -2.5534 -6.2369 7.5089 7.0569 4.5159 -2.0653 -9.3675 0.51345 
-6.8427 4.9513 3.1901 -2.8414 -0.80092 -0.47265 3.1467 -2.7345 0.38968 -6.2298 
0.17319 8.9057 -3.8832 3.4835 6.5656 2.905 9.0919 5.5259 -8.8893 9.288 
2.066 3.1596 8.6287 8.6 2.2561 -5.0936 -9.7086 7.2693 -9.8976 -1.5188 
-6.7721 0.87664 -6.2417 -6.9076 4.1343 4.1263 -2.1926 -5.8344 -9.2949 2.9525 
2.7091 1.9531 4.2481 8.6787 -7.5489 2.3871 8.8811 -1.7804 -9.9492 -4.9529 
6.8788 -5.3079 -7.9239 6.2754 -4.008 8.8077 6.4636 0.66762 3.6728 1.3628 
5.6454 6.3954 -3.7536 -6.5752 3.6478 -6.5946 6.0554 -8.1876 -3.9023 2.3608 
-4.7087 5.7699 5.7973 1.5112 5.0563 3.3393 6.5264 7.2775 2.7511 6.1088 
-3.706 1.7812 -7.1106 -8.6445 0.91354 1.2293 -8.4903 -6.4079 9.3605 6.6878 
-6.3361 -1.2748 -3.7077 9.4579 4.4496 1.6581 6.9655 -8.3105 -1.2345 -3.6527 
-1.0505 0.99479 5.3272 -5.3348 -0.74148 -8.3705 -6.014 -7.5407 -3.3652 9.564 
-3.4664 -2.9406 -4.0079 7.7515 -9.1255 -4.7018 -7.4056 2.5023 -2.8957 1.8741 
-4.4037 9.9158 2.7494 3.011 -8.9905 2.1402 -4.4289 1.8925 -6.2044 -2.819 
8.6353 -2.7007 4.5358 -2.0032 3.2401 -1.7471 -3.9795 7.7804 2.3972 8.4008 
-2.0062 9.3235 4.2105 -1.693 7.2717 0.93959 7.6814 -0.56834 -2.0488 3.9012 
-2.4115 -9.5052 3.2997 -6.9563 -0.17107 5.3106 2.2141 3.073 4.6378 4.7255 
1.8569 5.5568 -3.1103 -9.5003 -1.4646 -5.7337 8.0579 0.51705 -6.1639 -4.5506 
-8.6299 -1.1964 4.9478 -8.3561 5.8461 2.2144 3.0179 5.3481 4.9503 3.1616 
-5.8952 2.61 5.5716 -6.8758 -2.1868 1.0612 -3.9529 -8.2277 -4.9125 -4.9661 
4.4724 -3.7195 3.5427 9.5258 -0.48231 2.9473 -1.3339 -5.1821 3.5858 -2.8128 
1.503 8.4363 -6.2985 -6.6478 -6.6727 -1.2768 1.6802 -0.61769 4.7258 8.3969 
-5.9953 -5.5335 -3.899 4.5561 1.1363 5.5875 7.9819 -0.53923 -6.9292 -8.254 
6.8696 -2.5103 -3.7204 -5.5875 -8.9864 -7.7119 -7.2309 -3.8626 -8.8653 -8.9443 
-1.5254 -3.8371 9.9652 -4.8741 3.6264 -3.5293 5.6541 -9.8571 -9.4892 8.7886 
0.89502 -9.2436 5.7158 -0.043979 8.8425 9.3461 -9.0904 6.0318 -0.63589 2.8263 
0.55935 2.1034 4.0093 -9.9353 3.2465 7.243 -3.1131 -4.1845 6.4196 7.8126 
-6.2978 6.7173 6.6836 -9.1393 -7.6952 7.4225 4.8973 3.3984 -9.5045 -5.7321 
-8.3662 1.765 -2.687 1.6905 -6.9085 -4.5564 7.3351 -7.2582 -3.2555 -7.1174 
-0.71813 -2.7309 6.5938 7.5878 -4.1274 0.74168 9.8962 -8.7053 9.2495 -5.3373 
-9.3889 -7.2023 5.3335 -5.8763 8.5356 0.45422 -4.7614 -1.7607 9.3902 7.6136 
-1.3003 -7.6693 2.945 9.308 6.1609 -5.6267 4.7885 -6.0297 5.0553 3.0491 
1.1573 9.6243 -9.382 0.38066 1.5043 -2.6276 -5.8088 -4.9023 2.5199 9.4608 
2.7756 0.83385 9.9908 3.1244 1.2719 3.0053 1.0091 5.9195 -8.7274 5.0455 
-9.3157 -8.2698 5.5364 -6.0487 1.0585 -4.4268 -7.7214 -1.7899 -2.429 5.2537 
4.198 -4.8781 -3.4508 -8.1613 8.7967 5.3591 9.8819 7.4971 4.5852 -3.2098 
-6.6135 -5.8045 -9.1443 -0.99337 3.17 -7.1193 6.1042 -8.2004 4.5971 -4.3231 
1.8676 -3.7078 -0.76047 -4.0152 -3.5372 1.5389 -0.14122 -8.0358 -6.9559 1.4033 
2.1613 8.075 1.4571 0.81561 -9.2757 8.7917 1.6032 -4.8786 -8.9362 2.2917 
5.4472 0.41393 0.54428 2.4225 9.4421 -8.4952 9.2205 -9.1412 -1.7652 -0.32658 
-8.8745 -6.7553 -4.8942 -4.1147 -0.72008 1.0116 5.0855 -8.5403 -0.76367 1.6167 
7.0945 -7.1278 6.1934 -3.3983 1.8208 7.273 -3.6345 -3.104 0.95014 -8.6017 
-2.3143 -8.7189 5.0989 -9.999 4.4128 -4.8982 -7.8614 4.6009 8.8047 -5.9195 
-2.0076 7.0929 4.1667 -8.2677 -9.7658 -4.3799 -6.0575 1.2158 8.4075 -7.1963 
-3.4917 9.4891 6.4206 9.106 6.6055 3.5585 0.12929 3.2742 3.4293 8.54 
1.1078 8.5805 -3.3389 -6.2678 2.5485 -6.7117 -9.4611 -6.326 -9.9072 1.151 
-4.0916 -1.8096 -0.2287 3.9367 9.9369 -3.3297 4.9175 -2.9373 -1.5008 0.703 
-2.6776 8.0322 9.6202 3.4476 -8.8882 -5.2998 -9.6208 -7.2086 5.6845 -5.8324 
-3.019 -0.31006 8.8997 -2.3076 -3.5547 5.5131 3.1109 5.6125 -1.5359 8.4219 
2.6045 -0.60652 -6.9496 5.3912 9.7016 -1.359 -5.3398 0.60352 6.6884 -8.7361 
3.2888 -6.6434 9.8929 -4.8362 5.5806 -2.3878 9.5897 -1.7813 -4.4292 8.5635 
9.8419 -8.3428 2.5401 -5.7865 4.4163 2.8646 7.5807 -6.3137 9.761 -3.4965 
8.8872 2.6632 -8.3583 5.7601 4.7205 4.2923 2.324 8.3819 -3.6559 8.1161 
-2.993 -3.7804 -1.084 7.1739 -7.8528 8.3504 -8.4071 3.8001 -1.731 -4.1842 
-6.14 -0.67292 -3.8788 -4.0025 7.5068 -3.8245 5.725 6.2646 9.1381 -8.1722 
8.3915 -5.7786 -1.0261 6.4909 7.3521 -2.5047 8.9458 -2.0547 3.3118 3.0937 
-4.2262 -9.9711 -4.5527 0.017412 -8.7734 7.9846 -8.524 -6.8066 -3.3551 -7.6424 
1.0172 5.9522 -5.2236 -3.3114 5.5057 4.2582 -7.6036 7.9241 -6.2155 8.9901 
8.3865 -2.6391 9.1359 -7.0688 -7.9825 8.8929 3.9884 2.7432 7.8145 -3.3086 
-8.199 -9.6972 6.8048 -4.7445 5.4239 -2.885 -6.7833 -4.9845 6.7002 0.82323 
-4.8461 4.2996 7.6423 2.9952 5.6185 1.9752 9.2422 4.7998 -1.1698 -3.3516 
-1.459 -5.6284 8.5343 -8.4238 -9.335 -0.45702 3.2909 -7.5577 3.8806 9.4784 
1.5545 3.7743 9.0657 6.2203 -1.9317 -9.5596 -1.3764 4.9878 -0.04526 4.3217 
7.9904 -5.0799 -8.7496 1.709 -6.0823 -5.9944 3.9784 1.6018 2.492 -0.48039 
-5.6355 -4.6783 8.1556 4.9837 1.9336 -4.2807 8.9551 8.2175 -0.34124 3.1759 
9.3406 -7.3586 7.3714 3.0118 3.1235 -6.0985 -5.4547 1.3964 -1.2669 8.9693 
-1.3204 -3.1158 -9.779 9.4313 0.012098 0.83746 -9.0228 -2.3094 -8.2394 8.2438 
5.6964 5.0878 -5.1809 9.5552 -4.8915 -0.62785 -9.3052 4.3377 3.518 -0.83305 
0.50468 7.7848 8.5996 4.0237 -5.3867 -3.062 -2.0956 -1.2005 -4.5246 3.4073 
-3.3745 4.2087 -0.79649 -7.5679 -5.0186 -5.8911 0.80138 6.1717 8.9581 -9.4747 
-1.3681 -5.0705 -1.045 6.3046 -1.4717 -2.4737 -4.3208 8.153 8.8854 5.0465 
4.358 -0.97221 -8.5693 4.6619 -4.0237 -8.8797 7.4012 4.9167 -3.1577 -0.21687 
8.3242 8.6245 0.058212 8.6374 -8.4223 -9.9783 -1.8645 2.4211 4.3473 4.7363 
7.8006 2.3134 -2.3845 -8.049 -6.0259 -5.8343 6.5833 -6.978 -1.4644 4.0168 
-7.3059 -4.8342 -3.0169 5.2689 -6.47 3.4999 9.6221 -6.2411 -5.7389 3.0162 
-7.6017 2.6221 -9.8686 -2.3548 -8.3642 -1.3624 -7.7131 -0.91166 4.2246 7.8584 
7.869 3.9106 5.3948 -0.18004 2.8097 9.6473 8.478 4.6026 -2.6672 -8.85 
3.0617 -1.9268 9.4149 1.2341 -5.4546 9.8984 6.9193 6.0292 -5.0275 -0.84616 
-9.1944 -6.1304 -2.6888 -7.7153 8.9781 -8.4917 -8.1981 -9.4527 2.3671 1.2742 
0.094319 -3.8585 -1.3033 -8.1845 -7.0332 -0.11132 -9.8948 -4.6038 8.0467 -0.6856 
7.8891 3.8591 7.4179 0.95376 -1.987 9.6291 -4.3973 -0.61079 -8.561 8.5153 
-2.2854 2.6072 -8.1877 -8.0999 -1.8087 1.4139 -2.5788 -3.4618 -0.15027 3.0928 
-4.159 -5.0035 9.1748 -7.0479 1.8926 -2.9663 -0.33089 9.4397 0.78823 -3.2516 
-5.3193 -9.1316 0.47732 7.9118 -1.5349 -2.9056 4.6003 -8.8286 -7.0613 -7.4124 
-5.981 0.62903 -3.4455 -4.7724 8.0669 -1.3154 1.3843 -9.8468 -5.5055 5.7135 
-2.3939 -6.476 -0.17987 7.0381 -9.8209 -2.0643 2.8565 -8.2183 -7.0404 7.628 
1.8958 0.43804 4.183 -9.2412 3.5152 5.0276 -2.8743 5.718 9.6398 -8.4225 
-4.6323 7.4256 -6.1812 0.65851 8.7733 -4.4282 4.7997 -7.0606 1.9294 0.29823 
2.4489 2.2723 1.2496 4.5194 2.7141 6.8191 -6.7022 -2.856 9.2142 5.3643 
6.0913 -4.5714 2.3536 -9.8699 1.4794 5.5677 7.9921 -3.3536 1.0731 4.965 
-7.9206 7.0908 -6.9584 5.6486 0.19324 1.3446 -5.5068 5.8391 -3.2848 1.1194 
4.5848 -6.8508 9.0516 -1.7165 -2.332 7.5514 6.3108 6.7467 1.237 -6.3446 
2.9718 -4.8116 -5.8011 -6.2043 7.3716 -7.6314 2.2553 3.4251 -8.993 7.9389 
-0.50691 3.4116 7.5274 3.3777 2.2862 7.1393 -2.2634 0.84083 -5.7516 4.1948 
8.6582 -5.4809 -5.3515 8.7445 4.0213 8.2894 -1.8172 9.8292 -4.607 3.0922 
-8.0711 6.5193 -0.82642 -4.01 9.1001 -5.3404 9.4985 -6.9525 6.3834 8.8054 
1.9821 -3.5181 8.0945 8.2215 -5.433 9.0979 -4.0324 3.6939 -6.3633 2.0672 
-5.3287 -0.23227 1.7293 -2.6061 4.5527 -8.7871 -9.8815 7.9804 -6.5082 -5.4173 
-9.3534 5.2745 -9.2037 0.65254 -6.0191 1.3733 -2.7786 -0.98672 1.9114 -6.8459 
1.5972 4.7535 -4.4522 2.3001 -1.17 -1.3854 5.4861 7.8529 2.3133 7.5275 
6.844 2.7205 -4.9725 -1.4484 -3.2202 2.9178 -1.0841 -5.3412 -9.0875 -1.4557 
1.1379 -5.0172 -5.7028 -7.4145 3.3799 5.9385 1.9831 6.8145 4.9443 6.5185 
6.7977 4.6863 3.5226 3.0605 9.6477 6.5941 -9.693 -8.9016 2.9726 9.6071 
-5.901 -3.2099 1.0663 5.3962 3.3948 6.0106 4.4912 4.8874 0.50538 -6.3717 
2.4251 -3.9446 -5.9443 0.4838 -7.1944 -9.0072 -4.7356 2.6826 1.3975 0.30596 
-6.5196 -7.4572 9.7222 2.358 -0.78427 -5.6658 -4.5841 -5.5219 -5.067 6.7361 
-4.2092 -9.7972 -9.431 -3.6259 -9.5453 -6.6553 2.5265 9.4328 9.4349 -2.5558 
-9.6299 8.4986 3.0117 1.8701 -2.7029 -3.3471 1.3819 4.2248 2.0501 9.2247 
4.0299 8.2001 -8.0555 7.4562 -3.3386 3.9281 -7.2948 -8.4369 -2.4986 -3.4906 
9.0418 -2.357 -2.3448 8.3473 8.5429 -1.4701 7.8182 4.3889 1.3158 4.5549 
4.9802 4.0278 -3.5134 -4.1179 -3.6359 2.0334 1.64 -1.7378 0.33105 -9.7265 
5.1345 3.4468 -8.2083 1.773 2.6914 9.1775 -5.1342 8.892 -1.4523 0.67225 
0.84178 -7.4465 -4.5858 -1.7208 4.5995 -1.1091 6.8612 -6.746 -7.9828 -8.0362 
-4.3587 -5.9806 7.9567 1.3684 -5.7979 -4.8553 -7.928 -1.4192 3.4628 -5.7214 
-5.1025 8.0565 3.5406 5.2486 -2.3172 -1.8102 0.30755 -9.1635 -8.3408 0.58396 
-4.2736 7.8367 -0.036014 1.9282 -7.6543 6.6037 -1.1312 6.3999 5.2809 -5.3611 
9.2627 -2.4464 -0.78494 -1.8039 -7.4192 0.25933 2.3707 -3.2647 -3.1672 6.6276 
-5.3861 -4.9961 1.0155 8.2514 3.6772 8.5393 7.2518 -9.3364 -0.38925 2.9634 
0.74643 2.054 -3.3865 -6.7365 4.2253 3.1104 5.944 -1.6539 4.6685 7.0155 
-5.8998 2.509 -6.2696 -7.0162 -1.9086 -6.5966 -4.0473 -4.4373 7.8958 1.5749 
-1.3192 -9.6063 -7.697 2.1141 -9.8709 -1.591 -4.9587 9.2094 -6.843 4.9521 
-7.1558 6.3947 1.7179 6.4135 -3.055 -7.7723 -9.7272 -0.24248 2.103 7.783 
-2.4883 0.35889 -2.7132 -2.3472 1.4789 -8.499 -4.3132 -9.0356 -2.8117 3.2955 
5.8712 8.1887 -8.4934 -0.21318 0.64903 -0.79034 -2.228 0.4671 7.8637 -4.6716 
6.2563 -7.6275 -3.388 -4.7863 -5.4359 -8.6929 7.5938 7.962 8.6237 -3.7612 
8.0758 8.923 1.8825 -5.7696 9.604 2.4362 6.1967 9.7514 -1.1916 1.0631 
0.80751 8.5409 0.036829 1.6719 -5.2026 -9.9773 9.7403 -6.5045 -7.9052 6.0474 
6.3573 -8.1039 5.626 6.1815 -0.66924 -3.9797 8.2074 -0.46695 7.6114 4.7971 
4.1683 -1.6949 6.4679 -1.3383 2.6719 -9.1881 -2.7991 2.9918 9.1077 -8.8986 
-9.1358 -3.5428 7.9443 0.023412 9.8928 -2.9909 5.441 -6.9616 0.84485 7.0385 
-7.0811 6.9251 1.3916 3.5049 6.7756 -6.2846 8.1457 -0.085471 -6.2513 9.2773 
-5.3333 8.959 -9.2001 5.2027 -0.0077356 -4.4477 -4.072 -4.5934 -4.252 0.85992 
-5.066 4.5844 9.1497 0.34703 -6.0445 -7.1423 5.9239 1.576 0.63613 9.5939 
-6.5943 3.677 7.9878 2.8469 -9.2069 -4.7653 -0.20393 8.1976 0.5497 0.83161 
-5.2989 2.8282 -6.9532 -7.752 1.5239 -2.7272 -8.2243 6.0272 9.0962 0.41223 
-4.4908 -3.6823 3.3235 -5.8096 -5.3324 0.37695 -1.2438 -3.098 -4.113 -0.5525 
9.0321 4.6429 -8.8466 -0.32131 -1.3591 -2.2813 1.37 4.6359 0.003855 0.62029 
-3.0666 -6.847 7.3614 2.5718 -8.4155 -1.4211 1.4101 -2.6858 -9.3129 9.145 
-4.0536 5.2014 1.3659 7.3573 7.672 -2.704 9.5328 0.84181 3.3962 7.056 
-1.9115 -8.1618 -3.7807 -6.5616 -0.60525 -1.7437 -6.5015 1.2264 5.2653 8.719 
-3.9553 9.3531 -7.9325 4.0214 0.81446 6.1745 -6.3886 9.2327 2.0834 8.6292 
5.1462 2.1793 -8.9361 1.0143 -7.6814 -7.0028 -6.8702 -7.3721 7.261 -0.72997 
-2.8051 7.899 9.4014 8.6706 6.2532 4.0325 -3.9013 3.6138 9.5209 9.9338 
-7.502 -6.1171 -8.1164 1.8008 -0.54618 5.4564 -3.5563 2.1675 1.0247 -8.9926 
2.3437 9.7612 3.1181 8.8004 2.5304 8.6213 6.8084 0.25201 5.7203 -5.4874 
-2.8896 -5.1737 -2.5837 7.5526 1.4667 8.4172 -4.7355 -3.1077 2.1481 5.8158 
-2.7412 -5.5316 1.1696 -2.5711 0.76746 3.2041 8.7024 -9.927 2.2733 0.36029 
-8.6302 -1.96 6.9878 -1.1018 2.2317 3.7534 9.6826 0.47094 -8.0327 -2.4203 
7.3432 5.6181 5.9209 -5.4983 -6.8352 -5.8379 -1.6164 0.39545 5.1716 3.1143 
-0.84208 6.7842 4.465 -0.13901 5.8103 -1.7086 -8.5753 -2.4933 -4.9345 -0.66605 
-8.4477 -1.81 1.425 6.5113 -7.082 -7.9125 5.481 -0.58856 2.545 6.5806 
8.0984 -1.952 -2.2975 -6.7283 2.3856 5.7332 -2.1882 7.875 7.5868 -1.5832 
-4.3661 5.435 7.5438 8.2308 -3.5351 -0.33014 -8.9393 -3.7955 -9.6452 1.6784 
2.2776 -5.0175 4.931 7.086 3.9039 -1.3017 0.76489 4.7753 -4.0799 -1.3074 
3.2372 7.3148 -8.6477 -8.3164 2.2325 1.683 0.36904 -1.2276 1.9755 -5.3875 
-5.9995 3.6437 -9.1751 8.7946 -2.8276 1.8802 -5.927 -2.2614 -4.8574 6.0714 
9.1997 9.5479 7.0331 9.148 -6.8756 -8.1231 -8.8701 4.4295 5.8483 7.0389 
3.3021 -6.2895 1.7396 8.9286 -4.8466 9.7625 -4.646 2.0135 -9.7775 4.5717 
0.826 -5.6763 3.2202 -3.508 -0.62722 2.9203 8.3854 -3.2072 -3.4827 2.2004 
7.3794 -3.7416 1.7596 -5.998 -5.3537 -2.7522 6.8459 4.9319 -4.2753 -7.189 
1.1409 5.0402 -4.8476 -3.1129 -8.8843 5.0436 0.35163 4.7064 -6.4669 -8.0229 
-9.572 -2.6453 3.6098 5.6272 0.47838 -9.7006 5.1442 -0.47923 7.3192 1.026 
-0.34639 2.0891 7.9049 7.3072 8.396 -8.9864 9.9631 8.6005 0.14335 9.5543 
6.1597 -2.3313 -2.3774 9.1723 -0.88708 -4.7638 2.3858 -2.0762 7.1288 -5.1635 
4.7202 1.0098 -3.7132 -5.2357 -0.6134 9.8376 -0.39637 -9.9271 8.8319 2.5669 
1.4461 -2.2912 -6.8451 6.415 -2.2051 4.4862 -4.8556 -0.42417 5.0681 1.1582 
-9.8203 3.3087 3.4184 5.1492 9.6889 -9.9567 -7.7653 3.3737 1.7472 9.6912 
4.3656 -9.7057 0.63437 -3.0456 -8.8041 -0.95818 -3.8166 6.5356 6.665 -7.3188 
-1.0115 6.2625 6.2187 -0.39281 5.741 -2.7018 -7.7218 -5.1164 7.3938 3.2411 
3.1923 -3.0029 0.2987 9.2896 -2.3585 0.84896 -0.55591 -4.2856 -2.697 1.4466 
5.0642 4.3103 -6.2283 -8.349 2.1423 -9.1122 4.0356 1.6055 0.063346 8.6852 
6.0948 9.1779 5.5703 3.4299 0.99555 9.0476 8.6459 -8.824 -0.95975 -0.57666 
-9.4169 0.14834 8.099 -2.0851 0.72113 2.9233 8.6818 7.8844 9.1803 9.8545 
5.5963 3.3234 1.2741 -2.1462 -3.7933 -2.0062 -0.071151 2.7361 -1.0141 -6.6808 
1.347 -1.4107 1.9953 9.7532 7.8112 -0.14288 -4.421 -0.70464 9.7685 8.8143 
-8.4777 6.99 2.3982 0.36892 -6.1351 1.6893 -4.1225 0.15905 8.7147 2.3357 
-4.9676 3.0847 3.0107 3.1516 -5.9415 4.3835 4.4652 -1.1478 9.6679 4.1124 
-7.3309 0.085155 -7.3607 -7.5522 4.682 3.7341 -8.802 -7.4049 -9.2445 2.9836 
1.2895 -2.6297 -4.9691 2.5324 -6.8606 5.961 -6.0498 5.6115 -8.6773 -9.4757 
0.81963 3.705 3.8174 -7.8565 5.5796 -4.0326 0.81081 -6.1455 1.3007 2.073 
-8.6216 -8.0158 -2.3748 -9.2566 -9.3628 5.7093 -0.019139 6.21 3.8842 -9.7983 
9.7686 -9.0471 1.1847 1.0739 -1.5577 -4.0533 1.3033 8.3553 7.801 8.3481 
-4.9781 7.3867 -6.0526 -6.6714 -6.9161 8.7734 -8.3854 -4.8993 2.5806 9.7482 
-3.6905 3.0373 5.6957 5.7786 0.15348 -7.5855 -9.3536 8.6472 -5.0031 -3.1542 
-3.9869 2.2092 2.4098 -7.2826 -6.4947 7.1627 1.8848 -2.1738 7.1657 -5.1112 
-9.1592 -1.5611 -5.4071 5.6463 -1.9682 4.2796 4.0969 -3.1491 -9.4857 8.6612 
0.55803 0.074147 -8.217 -1.6201 8.7242 5.5045 0.52138 -2.6952 6.5519 0.80419 
-4.8796 -6.7172 9.6373 -3.6836 -4.1726 -8.2715 8.7553 -2.5402 2.3592 -5.0475 
-1.8258 -8.1366 2.9425 -2.1611 -7.1212 -2.3193 9.4789 0.39364 1.8366 1.1767 
8.9503 3.7065 4.5121 8.0059 8.2661 -0.36262 7.8613 4.0357 -0.99922 9.7748 
8.3856 -7.1466 2.2956 3.278 8.49 -6.1997 0.5574 -4.2265 -9.6859 6.331 
-7.5751 0.57423 9.5263 6.211 -6.4661 -2.3993 -0.38602 7.3209 0.18875 -6.1521 
1.8389 -9.9285 -4.9858 7.3129 -9.2414 0.14642 -5.5687 6.4948 3.7979 -5.8672 
-2.807 -1.4988 -4.3784 8.0287 -2.3162 -1.7382 -3.1513 -2.7747 -7.929 5.4664 
4.3861 -5.5132 1.004 8.8299 5.2205 6.8501 3.0068 3.0333 -9.6355 4.1764 
0.47102 3.1988 9.115 3.0145 0.18167 -5.3182 -5.487 -2.4388 0.48492 5.7053 
-4.7831 0.062038 -4.9633 -2.3292 -0.027921 1.0483 1.8955 -0.90775 4.4853 1.9625 
-0.13841 2.0011 0.76397 8.7665 3.1923 1.1565 -0.93217 2.6639 8.4628 -2.1119 
7.1167 -5.9965 1.6568 -5.5662 -6.8683 9.1854 4.2748 2.1587 -5.8416 -6.9252 
4.4881 -7.252 -0.32647 5.2655 4.1539 -6.2021 4.2879 -8.1167 -7.3912 -2.7255 
-6.0178 -9.5242 -0.37094 8.0083 1.3242 -7.2973 -8.6261 -1.1606 -8.2731 5.0406 
-6.8543 8.7909 -4.1687 -0.21788 6.6889 6.2286 -0.78578 5.8692 -0.10163 -6.5513 
-2.5905 3.91 -6.368 -2.8159 5.8778 -3.6833 -2.9671 5.9397 -2.5373 -6.6542 
7.2454 1.0847 -5.345 -5.5725 -9.4972 -5.9207 -0.53127 -4.8336 -6.6258 9.1226 
3.6953 -4.0917 -0.23305 -5.4595 -1.0512 7.914 9.2231 6.2346 -1.7361 4.4451 
2.684 -9.1474 3.2902 -4.9912 -4.0738 8.9965 4.8372 9.1257 8.7619 -5.0563 
-7.1735 7.0752 -9.1593 0.34397 -9.1522 0.46526 -8.4919 7.7371 0.52506 -7.4188 
-8.414 1.9336 9.0104 -6.4287 6.1392 0.18083 0.3425 -6.2741 8.4195 -6.6327 
7.5229 -9.6295 -1.0859 3.0362 3.5712 7.9295 -4.3873 -7.6784 7.6421 2.8995 
-1.5914 8.6638 -1.3921 -6.9571 -0.56066 -0.9708 -1.6493 -4.6904 6.0915 -8.6671 
-0.24673 -9.8042 4.9515 -1.6332 -5.5605 -2.2897 7.9909 9.052 8.3006 7.5975 
-0.79349 2.8191 -5.0987 5.3353 -4.0079 1.1562 3.3242 -8.1436 1.781 0.77063 
0.31354 5.7737 4.8568 -4.6986 0.73938 -5.636 -8.0617 3.197 8.1191 -2.8252 
-4.5601 0.53006 -4.3075 -5.0429 -4.9179 -9.611 -9.0462 -8.6388 -7.8592 -2.688 
-5.3684 -4.175 -8.7723 5.4057 -4.9401 -2.5888 6.7798 8.061 0.58778 5.5547 
7.9907 2.5666 2.2553 0.31277 5.0421 -8.8546 -0.25546 9.1888 -3.0208 6.3398 
8.1739 -1.4906 -2.429 8.9349 -4.8186 5.8635 9.0002 9.1178 -9.7333 -9.7247 
2.0729 0.92741 6.3751 -0.39753 -9.765 6.0969 -7.8192 7.3265 0.067008 -1.0617 
-2.6953 -6.1841 -8.9856 -3.3067 -0.83141 0.9854 1.7258 -7.6148 4.5582 -1.4058 
1.9718 4.8898 7.6546 4.8922 -5.5192 -0.22653 -4.8233 1.0501 3.9458 -7.749 
3.3697 -5.7429 -8.3783 2.2772 7.1403 3.695 -2.1462 5.0746 1.3783 -8.5128 
7.8913 -7.9976 6.7256 2.4018 2.8574 9.2645 9.0312 -7.2362 7.4582 5.1378 
-8.2533 7.9277 3.934 2.2178 -7.2412 3.5685 4.5479 3.9706 3.9579 0.14464 
0.78021 6.4467 2.0668 3.9902 5.8 2.8732 6.1634 5.6533 6.4092 9.1016 
-1.431 7.6557 0.27433 2.2817 1.3892 -1.5365 -1.422 5.9794 9.4166 0.23037 
2.3431 -8.2375 -5.044 4.8617 -7.5558 3.3135 0.088101 -6.7709 7.4044 5.6987 
1.1775 4.0038 4.0845 3.1841 1.628 8.4206 6.4384 6.3224 -1.4462 9.4556 
-5.483 -6.5955 0.93448 9.2497 -4.3207 1.5965 7.0175 4.7861 -1.8792 -0.93726 
-7.9096 6.6609 7.6317 0.11397 8.5926 -7.1496 6.5623 1.6651 9.9273 2.1946 
-9.8004 4.5611 -7.3089 -6.7826 -2.5773 -5.5717 7.7558 2.0021 1.8131 -9.4054 
-8.8169 5.5179 7.3764 -1.6935 -9.378 2.1415 -8.3028 -9.4736 -2.1956 -7.559 
-3.547 5.2699 9.6177 -1.7778 8.1954 -7.3766 2.8942 4.1706 3.8815 -8.8692 
5.5895 -8.858 -2.6004 -7.3556 -6.6734 4.7899 4.1155 -7.2137 -2.0145 -1.922 
-3.2904 2.197 -6.1111 -3.9259 -1.5939 0.19637 8.0088 8.4942 -5.8054 9.2693 
2.3914 7.9694 -0.32268 3.4961 -2.9734 -2.5435 5.9114 8.4832 6.2793 5.1336 
9.8577 0.32261 -1.2387 -7.9931 0.18788 -8.9403 -1.7997 -4.0454 8.2123 -4.3342 
2.9601 0.12343 -6.8082 8.1636 -9.4279 9.2827 -6.4426 0.87577 -9.1564 -4.4471 
0.79552 -4.8877 8.47 7.5801 -5.5755 -9.1162 1.8294 -5.7919 -5.4271 5.9534 
-5.3549 9.4321 -1.6021 -7.7114 3.7479 8.7938 -0.273 5.2801 3.1194 -0.45108 
4.7966 1.6225 3.1852 3.7478 3.7159 -6.7342 1.2746 2.7319 8.7726 2.6168 
7.7798 9.3677 -1.6092 -0.94215 0.16967 9.9529 -4.4756 0.91152 3.431 2.8095 
7.1962 -9.1712 8.7098 6.8747 -9.5382 -7.9841 7.2789 8.0275 9.4825 4.7944 
1.9412 -6.2274 4.2479 -6.1415 4.2002 6.4869 2.0725 5.8542 9.5314 3.8041 
3.095 0.3952 9.0513 3.3816 -8.0478 3.724 2.6172 3.1351 1.827 -6.8699 
8.3003 2.8171 8.3074 0.74978 -5.5688 9.1851 -6.8735 -8.6762 -8.078 -0.22255 
-1.3363 -3.1854 -6.3465 -0.20637 0.67834 -0.30095 -4.5151 -0.30841 -3.4686 -3.2092 
-4.2048 2.9666 3.3705 -3.9416 2.3875 5.7595 8.7314 -5.229 -5.9502 0.36826 
2.6376 -2.8912 -8.0695 8.9304 -1.3332 5.1005 0.96117 0.27555 3.7296 6.212 
-4.0916 7.0086 9.6836 -8.4929 0.84289 4.4565 9.4332 4.521 8.0639 -2.8191 
2.4406 0.85609 4.8738 -3.2372 8.1993 -4.7075 -3.4767 9.3637 -9.4698 -3.0092 
-9.0493 3.4616 -5.7328 0.34427 -8.5199 3.768 -9.4246 -8.6904 -4.2179 3.111 
9.8922 -4.8685 2.3478 9.98 -6.4261 8.6465 -6.7073 7.0224 2.4929 -7.0259 
-5.8647 -7.5732 -3.288 -6.7756 5.5307 -8.195 -1.6216 -7.7379 -6.9736 -2.0014 
2.1473 -9.1879 2.6521 -6.5747 2.7151 1.4455 -3.7856 3.0063 8.9382 2.6691 
-3.0474 7.7589 0.31514 -6.8262 -7.1579 1.58 -3.7132 -1.969 3.0109 -1.6393 
4.3547 5.0637 5.7384 -4.4541 2.5213 6.5057 -8.394 -6.9624 1.5691 -9.0212 
-9.4401 6.0416 0.052202 4.6147 -8.1285 -3.3359 9.4216 5.4201 -9.6375 -1.2494 
-8.6632 -1.1719 -6.7093 3.2978 5.5048 -9.8735 0.26278 7.0124 5.9541 -5.0521 
8.5413 -8.4965 0.14924 -6.7951 5.8274 3.4246 -6.0647 -4.521 4.1294 0.56742 
-8.2446 -6.9154 6.4563 -9.428 -4.4276 -5.2098 -5.347 -8.677 -8.3722 1.6393 
-3.352 -5.0551 -1.4236 8.5492 1.4877 7.3365 3.3636 6.7676 -1.6956 8.0209 
0.52362 -8.4155 -6.8463 4.8895 8.532 7.0197 2.9248 2.3458 7.3643 3.3465 
-5.0672 7.0632 3.4978 2.0591 -3.1761 9.5699 9.9796 0.57556 -4.299 4.3051 
0.85799 -6.8565 -4.4674 -2.8074 1.375 6.4852 2.4256 -5.1164 -9.0502 1.7311 
5.6174 2.3333 -2.5043 2.4645 4.8946 -9.0138 -1.8978 -4.6796 -2.8694 -1.3419 
0.43765 0.569 -2.0641 -1.9228 6.2849 7.8181 8.3809 7.2894 -7.0206 0.23637 
8.639 -6.1756 -7.3577 2.9715 8.1072 -3.0998 8.9986 -4.9333 7.7238 9.9145 
-7.0578 5.195 9.3245 1.2196 7.6779 -8.2065 3.0718 8.7452 3.5762 9.506 
-1.6647 2.3 9.2232 -6.0926 5.88 8.534 4.3609 7.4384 -6.376 -3.5944 
-4.3941 -6.9587 -9.7198 -8.3497 9.2923 7.1007 5.7007 -5.6076 3.0813 -0.58022 
1.962 -0.90725 0.1873 4.554 9.2539 6.5013 -4.7046 -9.0609 2.6459 6.292 
-9.2705 3.642 -6.0982 0.42892 -4.2028 -4.6939 0.34753 8.1524 0.13491 -7.248 
-8.7263 -4.3748 7.0604 0.33444 7.6545 5.3079 5.0513 7.1484 -5.8565 1.1955 
-3.5423 2.4973 7.0577 -9.488 -7.2008 -6.4102 6.8164 1.2058 -0.84044 -0.97598 
-8.0324 8.8346 1.4859 -0.70636 5.718 0.81088 -9.308 -2.0469 -6.6037 7.1267 
-6.5991 1.3361 -3.6609 -0.035012 -8.7471 6.8166 6.0941 -0.41747 7.3581 4.4676 
-2.5767 3.8623 -2.2649 -5.0446 -9.9959 -6.2795 -9.3949 2.2196 4.907 -5.1716 
-9.2048 9.5717 5.2962 6.7725 -3.8789 9.7034 0.64732 3.2808 7.4404 7.4712 
4.1848 7.9823 3.6087 8.6418 -5.293 6.7261 -3.6137 -2.0916 4.1513 7.8922 
2.8268 2.9696 -7.4939 9.7338 -0.71371 0.87371 -4.1558 1.4923 2.6844 3.5831 
-6.5188 9.6584 2.3967 3.1641 -4.5989 6.134 1.6225 2.7098 -1.9153 -3.194 
-8.757 -6.7237 3.7533 -5.1014 -8.7204 -2.5484 -5.1422 -1.4298 -3.676 -1.0307 
-1.8668 0.19574 5.2056 -0.19538 6.6137 -1.4953 6.359 -6.3377 -4.6355 -6.5453 
-0.73874 2.547 -5.4573 2.7019 7.8712 4.2956 7.3493 5.7095 5.3422 5.6636 
-5.9465 6.0 -5.5141 -8.8583 -8.2575 -6.8576 9.294 0.51512 2.5916 -8.7407 
7.391 -1.6446 -9.6997 -8.2733 5.4876 0.7786 4.4931 9.3337 6.811 -2.41 
1.9588 -8.9033 1.7066 -6.1537 6.0866 1.2251 4.2684 -3.3935 8.4058 4.2993 
-9.5397 0.38288 4.6555 -5.2017 8.9112 0.3429 -1.6013 -1.6983 -7.3685 -6.5003 
7.9885 -7.3094 7.2911 5.4128 -6.6081 9.4379 6.7524 -9.9178 -7.6043 1.3629 
-0.94108 -2.6605 -8.4231 -9.9801 8.1919 -5.5543 -9.8088 -7.0413 -6.5403 8.2018 
-8.8395 3.9324 -1.3479 -9.0047 7.8384 -5.8944 0.57379 -0.84668 6.4019 -9.8433 
-7.8746 -7.4083 6.0958 6.3199 4.1472 -6.1555 7.0053 -8.2777 -9.4483 8.119 
9.9685 5.717 0.19132 -7.2952 -0.9739 -2.7372 1.9992 -8.7881 8.2009 6.4357 
7.3265 -8.9938 -1.9001 -3.5992 -9.9869 -0.26143 2.6244 -4.2319 8.7902 3.7784 
2.3041 6.3123 -0.6861 -5.9001 -9.0465 1.9569 -3.0072 -7.3972 -2.7973 0.025176 
-9.4611 7.3388 -2.6286 -6.447 -5.7324 8.0419 -5.1473 -0.13649 1.0649 3.5674 
-3.5495 -6.0621 1.2407 -6.3364 -0.48122 -8.2761 7.2758 -9.7242 -8.4834 5.642 
-0.72448 2.1479 1.0471 9.1541 -9.0402 6.2572 -5.5631 -3.4275 -5.1423 -2.2724 
-8.0197 9.9336 -6.3475 1.2046 3.9348 -0.77299 3.9699 3.1547 9.1119 2.9286 
1.4198 -9.1525 3.4582 5.4736 6.0666 -8.0861 -0.77428 0.10281 -9.5385 0.57363 
-3.4825 -7.2235 2.8479 6.9147 -0.61694 -7.2962 -5.3824 6.6609 0.039458 8.3877 
-0.99015 -5.5409 6.326 -0.44622 -2.041 -5.7379 6.7732 -3.0869 3.6592 -4.4526 
1.5569 1.6602 -4.7006 -9.5121 1.9245 -5.053 -4.4358 -4.8427 4.9281 9.3002 
-8.5031 3.4221 5.9833 -3.5031 2.1953 -5.0864 0.98893 -2.3414 -9.7828 0.68365 
-8.8531 4.4639 -3.7712 -5.804 -7.1744 -0.3885 2.9356 -2.1865 9.0231 -2.6262 
-3.9809 0.08877 4.3057 7.3329 5.3587 -9.2549 -9.1168 -5.2805 1.6342 5.1817 
0.43442 2.8926 8.2652 -2.6093 5.8389 4.462 8.6798 9.6657 -8.627 -6.2883 
1.2376 -9.2726 4.0712 -3.5289 -9.2384 7.3194 -6.666 4.1509 -9.3227 1.0339 
-5.1689 -6.123 -8.2622 0.96743 5.0471 -6.4016 -2.7594 -3.9069 -9.3341 -0.84628 
8.2544 4.9909 0.15676 -5.7937 -2.2976 9.5344 -4.4831 -6.227 1.922 -0.80246 
6.5147 -3.8364 5.5236 -7.9323 -1.6391 -3.3488 3.449 -2.0812 7.2795 -7.7107 
-1.1091 4.981 0.065008 -4.5512 -2.6933 -9.5324 -9.6627 5.7054 -0.33408 -2.7852 
9.6413 7.0407 -8.8293 -2.2284 -3.6326 0.69213 -8.497 -5.4514 3.4058 -1.5093 
1.5654 -8.0129 3.3599 4.1044 -1.0068 -3.4035 -8.0672 3.4628 7.8996 0.016598 
-5.3115 1.9556 -1.8064 -1.409 -9.8299 -4.9681 7.6513 -2.0568 -6.4428 -9.5837 
6.2118 4.412 -9.979 1.8776 -2.0839 -8.5803 -8.339 2.9661 1.8053 -6.6111 
-0.97452 1.3743 3.4856 -3.7612 0.28385 -8.2878 -9.5588 -8.7294 1.9456 6.1555 
-5.0006 -5.2978 -0.77235 4.5542 6.5168 0.27907 2.1564 -2.0125 4.3773 -0.13582 
9.1088 8.2127 9.1532 -3.1137 -5.0327 1.8166 3.0625 7.8315 2.2822 4.1436 
-7.147 9.0124 -2.2684 9.473 -9.8401 5.0525 -9.0829 7.4162 4.4224 -0.08402 
0.25127 0.32631 -4.7965 -1.7417 -4.4202 0.21042 -6.3351 -1.9828 -6.536 -6.3051 
9.4385 4.1418 -5.8384 -0.40817 -9.0174 1.1237 4.6663 -2.8866 9.8349 -6.7332 
2.9664 5.9759 2.693 2.8414 -8.5735 -4.3695 -2.7966 5.3645 -7.8161 6.343 
2.2934 -6.0062 -2.9132 5.4327 -8.1965 5.6144 -4.6022 5.4762 -6.5807 0.57927 
-0.60699 -7.8632 -7.2926 -4.8069 2.3822 -1.1313 4.8803 0.70945 -0.57927 0.067871 
1.5556 2.3715 -5.6655 -6.3528 3.5555 7.1412 3.4131 -8.5435 -1.718 -0.40704 
8.2263 -9.5555 2.1219 9.5608 -3.8879 3.6692 -4.2215 -4.9787 1.8831 7.6364 
-2.4756 -9.2488 -1.124 5.9919 8.4497 0.64688 -4.6763 3.2307 -3.1693 6.3392 
-5.4247 -7.6927 -0.39146 -3.4785 -9.7788 -9.5087 4.0509 -0.53459 -8.4115 3.4346 
-1.5295 6.3739 7.7399 -3.3396 -6.4793 4.2246 -6.3107 7.6352 1.5043 5.9656 
-4.5281 -2.462 -9.748 -5.8729 6.0198 9.009 0.12962 4.3774 -5.783 -6.6147 
-1.1087 -5.4169 1.5698 3.6193 7.0445 -5.1754 3.9106 9.0377 1.6799 9.9823 
2.5503 -2.6372 -8.6712 -6.0681 6.2522 -7.7704 7.8282 9.6431 -3.4129 4.5474 
0.69283 -6.5092 -4.1511 -4.4541 6.5659 -9.2472 -9.8196 -6.2267 8.6004 -7.9097 
-2.2912 5.4956 -0.2598 2.7189 9.6467 -7.4235 -2.3904 -6.3982 -9.8278 -9.1703 
7.469 -3.3994 -6.4756 -7.9603 -3.7826 9.3583 -3.7844 -2.7965 -4.8204 4.6575 
-3.993 -3.6844 -0.078925 -8.3863 -5.407 0.33235 5.9012 1.8048 -8.8969 6.1302 
-1.9994 4.4917 2.4369 4.8542 -0.17121 1.8493 -7.5495 8.4938 5.7123 6.7131 
0.35447 1.6991 4.6395 -3.3012 4.1106 4.7057 -7.1417 -9.9449 -8.3871 4.872 
-8.7635 5.5551 9.7571 2.325 -1.5047 0.62691 7.9693 8.4974 6.039 -8.8811 
-5.3727 -2.8085 -1.9592 -0.49635 -7.1536 8.9633 3.5464 -6.4869 4.4153 -7.4506 
-7.6303 -6.3053 7.6912 4.9882 0.64375 -2.3754 -2.7652 -9.3638 -9.9132 6.1558 
-8.0244 1.4738 -6.1927 2.5342 8.353 1.3067 5.8036 -0.84098 -7.5572 4.4086 
7.8055 -0.33811 3.3359 -3.9888 -7.8313 -7.899 -5.3165 8.6255 7.9714 -9.3977 
-9.3322 -1.5675 -0.21221 8.5998 -5.4522 2.607 -2.4657 -6.5261 2.7787 -3.0022 
6.7807 -3.6535 -0.60233 -0.20288 8.238 -2.6205 6.026 -3.1635 1.606 9.7657 
0.14533 9.4514 -2.3028 -7.7867 -9.4599 4.2014 -9.901 -0.69688 1.7304 3.1842 
-7.7257 -4.8355 -7.0511 6.3283 3.9693 4.3522 -4.5029 6.6365 8.1417 -1.8815 
-0.19109 1.342 6.3445 8.1053 -6.577 -8.8249 8.0686 -6.7537 -9.7298 -0.56954 
1.9888 -2.9587 -7.7938 2.647 1.684 7.8647 7.9217 9.0003 2.555 0.58527 
-8.1957 -3.7594 6.3107 -3.1982 7.2825 8.6304 -8.0726 -3.8696 1.3081 -0.54222 
9.5645 -9.812 6.408 0.95859 6.6439 7.1104 -8.2022 2.4685 5.5317 3.3848 
3.0604 3.3625 -4.6358 -8.3601 -2.4757 -6.2724 -7.8324 -5.35 -1.5946 -3.7485 
-0.77736 7.7138 -8.0639 -3.0261 2.4225 -3.7387 9.4267 -8.5363 1.4004 6.6864 
7.2752 -1.5736 1.1396 8.4962 -4.0809 -1.5311 0.057278 8.6783 7.9927 0.64095 
-4.7434 7.1716 6.6308 6.9196 -0.37762 -1.9465 8.4517 -4.513 -2.8284 -5.8316 
6.4793 8.9598 3.5394 -6.0929 0.3482 -7.9972 -2.7554 -7.6585 -1.7954 5.0809 
-3.4205 -2.4779 -4.8964 6.2075 -6.8114 -4.4712 -9.548 -4.2926 4.0246 -9.9569 
8.826 -5.9341 -4.5309 -4.5124 -0.25851 -2.4661 6.7631 -9.5916 -3.3212 -0.50612 
-5.1178 -6.4166 -4.4639 2.8261 6.8381 9.872 6.9007 0.61818 -5.7239 8.5875 
9.1422 -3.8741 4.5259 1.1035 3.2735 -1.4553 3.0713 -5.0316 -9.2567 7.9338 
0.2165 7.0062 4.9998 1.3217 -2.0922 -4.6131 1.7269 9.631 -3.0732 2.2244 
1.2916 0.51205 -2.9629 7.1535 -7.2944 -9.1454 5.3329 -5.74 -3.3766 8.2964 
9.8743 6.5688 9.0746 -7.983 -2.0078 -9.7422 5.6498 -5.0411 -2.6729 -5.2397 
5.4197 -7.8625 9.0323 7.5162 -5.7771 -9.6918 9.5361 -4.4762 2.3935 -8.4209 
-3.724 2.3428 1.9986 4.5901 -3.655 -8.0024 -2.4343 5.6619 -9.0746 3.4664 
-8.8425 1.3365 4.332 -1.1408 6.6619 2.7275 -7.3767 -1.7889 -9.0211 -7.4581 
-9.1185 -4.7813 7.9359 -5.8597 0.84634 -9.0398 -7.7564 0.23745 -7.1724 6.8964 
6.2589 -9.9538 -7.7154 -6.8923 -6.8063 8.1992 9.6134 0.13152 5.8326 1.9382 
-1.7585 -4.2549 -1.3032 4.5844 -7.3371 -2.095 -8.0673 -8.6783 -3.9792 7.6109 
-2.3167 6.4254 6.887 -4.0313 5.1006 -4.0661 2.0455 5.13 -8.6211 3.602 
0.46253 7.9023 2.594 1.2994 2.7074 0.021246 6.5628 0.96627 9.3308 3.108 
7.843 9.9162 6.405 1.1082 3.9827 -1.2321 -8.8795 8.7051 3.2806 -6.2616 
-1.8816 -9.8312 -8.5364 4.2536 9.4589 -8.82 -5.9905 4.1621 -3.7635 4.0484 
2.0878 4.6569 9.5953 9.7375 -1.7305 7.8417 1.9863 -8.9014 8.4323 -4.384 
-8.1039 -8.3077 4.3949 -0.30773 -5.3034 9.8224 3.6219 4.7335 -4.9789 3.5559 
-3.2804 2.667 9.3302 4.9265 -6.785 -7.2036 4.5202 -9.3829 -8.6662 -5.5713 
-7.1032 6.1017 -3.0407 0.66165 -7.2626 4.0731 -2.4419 -4.6533 0.62883 -0.3227 
-5.1024 6.5993 1.9586 9.8224 -7.4473 3.6736 7.6913 4.3947 -1.5839 4.8709 
-2.4206 1.3444 -0.33552 -7.5455 2.0814 8.6343 -7.101 -7.2038 8.9464 9.8768 
-4.5936 -4.7991 6.6148 9.0321 9.3041 -4.32 4.7353 9.5348 0.61297 -1.8129 
-5.688 5.6906 -8.5721 -7.3528 -6.4578 -0.9671 0.97134 4.5946 -9.7293 -9.0738 
2.6746 -6.6159 -0.71455 -7.581 -8.8573 7.5314 -2.8239 4.841 3.561 9.6328 
5.9943 -4.5148 -5.8314 8.2739 3.9817 -6.0434 -4.6627 0.76075 9.9832 -5.0497 
-5.8297 -9.9019 3.9756 8.9678 -7.7072 1.4475 7.4847 5.7925 5.0901 9.6616 
7.9251 -2.0488 4.6388 3.288 -4.7128 -1.9792 4.2951 8.1735 6.5675 -1.7304 
4.9142 -9.469 -8.3907 1.2144 -9.7019 -1.7586 -4.9706 9.5284 -2.6208 -7.7538 
0.72772 7.094 -2.0241 -6.8553 -8.3169 -6.2223 -0.98215 2.4805 -5.247 -1.4991 
9.3993 -5.9022 8.4504 3.9328 -2.316 3.9563 -9.2798 3.6316 5.5192 -9.0153 
1.2977 7.207 -1.2707 -1.7551 7.6993 4.0672 -5.9638 -3.5397 -9.1539 -4.6277 
-5.6462 -8.8775 -5.2537 1.6832 8.665 7.8247 1.0197 -0.90418 9.2029 -1.7731 
7.1553 -5.5298 -5.4233 9.7706 -6.2827 -6.7621 -9.2317 5.9526 3.6657 0.019058 
7.24 -9.0944 -4.5726 -9.6483 0.051761 -4.6855 7.456 5.6708 -4.7729 7.2308 
-3.734 5.0198 6.2013 2.4361 -7.3223 -1.6069 0.61448 1.7683 6.262 -0.12682 
-3.4603 3.9611 -1.1213 -7.188 -3.2123 9.0328 9.7731 6.0583 -3.2844 -3.3852 
6.8003 8.3758 8.2029 6.0728 1.6652 4.3693 0.014502 7.5929 3.14 2.0279 
-0.14934 8.1785 -1.0947 -8.37 -5.7507 -7.416 -8.9708 6.2141 5.6382 -4.0388 
-8.962 6.1105 -1.7178 -3.4027 -2.7318 8.2913 5.3664 9.8498 1.5506 -7.1828 
5.5604 9.9935 1.8077 -4.8616 6.1895 -6.2963 -4.8339 1.4725 -8.3498 8.5543 
-1.4666 6.0153 -1.1219 -8.5206 -9.2549 -4.1656 -5.3484 -0.027008 3.801 -5.5659 
-4.4008 -3.5417 -8.5396 -4.5526 9.4951 2.5508 -7.8691 -9.321 8.368 0.68315 
-3.3298 -9.4971 -1.0332 0.19898 6.4691 -8.7122 -1.4694 6.0094 -4.2144 -1.6927 
-2.6612 4.6565 8.1542 -2.0349 -3.9703 6.7916 -2.5696 7.6933 -6.8621 -9.3226 
5.8958 -0.54427 0.023597 -9.9088 1.5051 7.763 1.0679 1.2042 -9.7177 -2.5236 
-9.2262 -2.1482 -6.6774 -7.4232 -0.18314 8.9472 -7.3366 -5.968 -5.2892 -5.0683 
4.5334 7.2003 -6.1519 8.3686 -1.9428 -2.9219 -5.6708 0.79609 -5.1176 8.2528 
7.4537 -8.8508 0.56982 -4.5044 -9.9538 -1.2729 8.2379 0.68914 1.5704 -5.3067 
-4.2837 -2.3091 8.2841 5.0388 -3.5052 5.5143 5.412 -6.8896 5.4552 -6.1812 
3.137 -7.1632 -9.2839 9.57 -2.7806 4.8785 -1.153 -3.0254 2.4195 0.85823 
-5.3623 -9.0864 -6.7242 1.467 4.1643 5.2624 5.5436 -9.1583 7.4091 7.1781 
2.4391 3.9599 -6.883 -0.41125 8.8295 1.015 7.2188 2.794 -7.562 -4.7234 
-8.4975 8.2702 -0.23188 -7.6237 -5.0021 5.6691 -2.4543 9.5022 7.0577 0.010155 
9.3351 -2.3291 -2.3796 1.0094 1.6553 6.84 -6.3181 0.023261 -0.42728 5.7504 
2.1994 -5.1378 5.4201 3.9972 5.2371 0.376 2.3152 5.502 -2.3985 2.285 
-2.3257 8.142 -7.1814 4.1484 9.312 -0.45805 6.3404 -7.5091 2.6049 -5.841 
-9.3886 4.0404 3.4065 -5.1608 4.825 -1.2022 -1.391 -1.0649 3.4299 -8.7126 
7.1513 7.9128 1.5022 -0.17463 -9.9028 4.2837 0.1979 1.026 8.6317 9.3346 
2.0709 8.9595 6.3803 1.0666 -4.475 5.0505 4.503 -0.49573 -1.1336 -0.64531 
6.9568 8.7338 2.1459 -1.1861 -7.633 6.1473 -7.13 -4.1601 -9.8582 4.5415 
0.092325 9.9357 4.6153 3.3659 -7.3487 8.5983 -0.01149 1.6149 -0.29926 1.575 
-9.8418 -2.0612 4.8754 8.6821 -2.3768 -0.76392 -5.3899 1.4982 -5.1469 -5.8951 
8.3815 3.1987 2.3852 3.0448 4.4199 9.516 -6.1023 8.6531 3.6926 8.5147 
-1.7859 6.459 -5.0387 -6.6559 1.4904 1.4245 -1.4664 5.8529 -9.5008 -1.1884 
4.6473 2.4473 -7.1035 -5.1991 8.2873 -2.9737 -1.9368 -8.1161 3.3831 8.247 
-6.9779 4.0101 -0.28775 -2.2934 3.3647 -7.3645 4.9426 5.324 4.7173 -5.4492 
6.3047 -0.2097 -2.3045 -3.5866 -1.2812 0.44034 1.5966 3.2202 -1.4056 9.576 
8.1921 0.17634 -9.0472 1.5547 9.7646 -8.4239 8.7072 8.4224 -0.072188 -5.7122 
5.5588 5.5943 -9.3359 9.744 -5.3344 1.5244 -3.8728 -4.7011 3.7341 -7.7784 
5.1425 -9.1903 2.6237 -4.6311 -5.4663 9.5062 3.708 -0.96006 -7.2743 2.5493 
-1.896 8.0201 -3.8112 1.5615 -1.6248 8.9429 -0.36782 9.9092 -0.46033 -5.0185 
4.038 4.6409 -6.246 -4.1574 -6.0784 -7.9705 3.6388 -5.5196 -3.9531 -7.3507 
1.3092 2.3157 5.3171 8.3668 -7.2371 -1.5479 -4.7003 -0.42402 -2.4069 4.4853 
1.6947 5.1038 2.2155 -7.7123 -4.8534 3.289 1.1014 -4.2883 -3.8954 -4.2424 
-3.1017 -4.3107 4.3994 -0.51274 -4.2648 6.1845 1.7849 3.0037 3.2014 7.9557 
4.0847 -5.875 1.8813 5.9829 -1.7597 7.2319 9.0913 8.2732 8.2238 -7.0004 
-6.7827 3.0437 4.456 6.5166 -5.9001 5.3373 7.1995 6.548 -9.5253 3.9629 
-9.9697 8.5624 8.1758 -2.5219 -3.2095 6.8484 -1.1488 9.9529 -1.943 7.3959 
1.24 6.0915 -7.4584 -4.168 0.068497 5.1242 5.3746 4.2752 -4.0628 -1.1008 
0.92968 -2.9913 5.2003 -2.5088 8.4151 1.3419 0.98375 -5.5183 -2.4369 -4.2795 
1.0166 -4.5962 -8.2272 9.7346 8.4929 2.0035 -5.7026 -5.4176 9.3352 -1.7743 
3.8907 4.8924 3.6542 -1.3339 -1.4177 -7.5468 2.1152 5.7287 -4.9587 -0.76331 
8.5499 4.4598 8.1822 6.3087 -1.8067 -3.3119 -7.5877 1.0047 -5.4223 4.5856 
8.8842 7.1344 -6.9164 -8.7148 9.9187 9.4246 2.2769 7.1627 1.1386 -1.9262 
8.0653 8.3764 8.7846 -1.4449 9.2544 0.22785 -9.2165 -2.9127 0.57928 -2.852 
2.0821 -4.6198 8.8302 -9.6011 6.3948 -3.5917 4.4943 -1.0111 -1.616 -2.7777 
8.5242 3.763 -1.2705 -2.3696 3.1728 1.0593 -3.3255 4.8654 -4.9003 -1.9416 
-7.6611 2.3599 -5.0819 -1.7205 -9.7019 -3.1148 5.4301 -0.8736 -5.1842 5.7694 
-3.184 -8.5689 -8.5709 1.1963 -2.2957 2.9099 8.8718 -0.7735 7.9733 0.46494 
-9.2654 -6.232 7.0749 7.6685 -2.0911 1.7468 5.1631 -8.2245 -3.2257 8.3981 
0.7674 -3.2886 1.8948 -0.26891 -8.285 -1.8137 -0.50072 -9.8638 3.1916 8.9272 
4.7446 -3.7791 1.5161 5.2812 9.9327 -4.7488 3.3552 3.5613 -3.5305 3.548 
-6.3755 -1.5959 -2.9602 3.4167 -1.9599 -7.2431 4.8663 -6.332 4.0299 1.2072 
-1.4751 -8.2452 7.2925 6.1737 -1.4322 4.2704 -3.0467 -1.1557 4.7187 6.0579 
-8.0366 1.1974 -8.6453 9.8476 8.1209 -0.93001 7.9087 6.1068 7.1362 2.8758 
-3.9356 3.3525 -5.9788 6.5922 9.3724 6.913 -9.4346 4.7831 7.9295 -6.042 
5.6025 -7.694 8.1657 -5.8531 4.5724 -9.2214 3.5263 3.1634 -6.525 8.5504 
0.73921 -3.6868 -6.1478 7.5042 0.28962 -3.9991 -7.192 8.9375 7.2744 2.7303 
5.3814 9.6159 -7.3772 -7.3491 0.11552 -8.3919 0.64347 -7.1092 -6.8042 -6.502 
2.7789 7.7174 5.5009 -2.2589 7.0675 -5.9627 2.5706 3.9065 -8.6299 -8.3909 
7.863 -9.5448 4.2731 -7.2894 -1.7727 -7.6698 -9.0979 5.4718 4.3021 0.59322 
-8.7862 7.2657 -0.61897 9.4304 1.4293 -5.897 -6.9318 -7.9924 8.9197 -4.3112 
-6.4846 -5.1001 -2.8555 -8.4621 -4.9453 8.7885 0.58042 -7.0768 -4.0272 1.5545 
-1.6734 -1.328 -7.2982 5.4537 -9.0185 -4.6131 3.8475 -2.7849 -9.6669 5.5279 
4.7958 -7.2925 -7.7576 5.4511 -2.2225 -6.9247 9.669 -0.56418 4.1394 -7.5778 
7.8591 -5.688 -0.34738 -3.6984 2.2785 3.115 -8.8836 7.0383 3.5323 -3.6616 
-9.4829 5.4946 8.518 -1.8226 7.2999 -1.6897 9.3592 4.8079 -0.89545 -8.7499 
-7.2487 -8.2563 -5.477 1.0516 1.1103 2.0963 5.3277 -4.1659 -1.0163 4.282 
-1.5183 -1.9924 -8.2106 -1.3006 -5.0727 -7.1745 1.971 4.375 -9.2135 -0.80719 
5.2913 1.8022 0.14143 -7.6415 2.6195 5.9603 2.239 1.0582 -4.4601 5.2729 
0.48874 -6.0695 -3.9807 5.2941 0.045204 5.5169 -6.1035 1.229 2.33 2.2972 
5.0896 3.9362 5.4992 3.2366 -7.3107 -6.6888 -2.0139 9.104 -7.7099 -5.1628 
-6.604 1.8594 -9.8525 7.1899 -5.6948 -5.1116 -7.4625 -2.7379 -3.4866 2.5901 
3.4545 -0.7162 -4.9773 8.6893 -6.1856 6.3097 -4.8916 -7.8771 -7.7084 -7.1241 
2.3731 -5.1769 3.3042 -0.60337 1.1889 7.6916 -5.58 -3.7472 3.7046 2.6338 
-9.8631 -1.7446 -6.0788 6.4778 5.1591 -1.8594 -1.9352 -0.049171 -9.8345 -2.9148 
4.8045 5.4099 9.8724 -8.2132 3.246 1.6662 0.36304 6.8775 7.1183 9.0452 
9.8347 -9.2932 5.1236 -4.0074 4.2156 -3.6896 8.0433 0.42566 3.3554 -0.32273 
-7.4364 2.151 -3.4306 -8.416 0.90334 4.609 -3.4974 -0.47593 -0.43688 -0.78044 
-2.7883 -8.4105 0.82431 -3.0167 1.2044 0.51316 -1.6747 -5.7011 9.6103 -7.7727 
-6.1785 -1.6925 -0.43305 6.1846 -3.489 3.912 4.1579 -6.6103 -7.2614 5.1102 
4.288 9.7096 -5.6646 4.0049 9.327 -0.85732 6.9853 8.9246 3.5934 -5.9204 
-6.4427 6.853 5.87 9.5101 -7.7316 -2.3695 -5.9911 5.8166 -6.6794 -1.9714 
9.737 -8.9519 2.7643 8.5132 3.3966 7.616 6.9563 -1.1037 0.65677 0.96273 
-9.66 4.5504 5.2914 -8.1214 7.6368 3.089 -0.78184 -6.5564 2.4314 -4.6197 
-9.2041 -7.7008 4.7962 -7.2961 4.7545 -0.098369 -8.2731 -0.4652 0.03688 -7.7557 
6.0866 -0.29238 -7.4567 -8.8375 8.7618 6.6931 9.2803 8.2425 4.2515 9.2517 
7.1958 7.3719 3.6805 2.2671 -0.67713 5.238 -6.0006 -2.1573 6.4843 -5.3407 
1.3251 -9.6659 4.9457 6.605 -4.4276 9.7476 -3.6163 -2.7232 2.3782 0.11478 
