1250 10
-6.9626 -8.6595 2.9843 1.7614 -3.7571 -7.4975 -6.9678 8.0503 2.182 -3.4627 
-2.3867 5.5704 -6.3812 5.5511 -5.9087 -2.3344 4.2069 2.1698 1.2202 1.5828 
6.4204 5.2862 -6.0381 4.2272 2.385 6.4192 5.3513 1.1481 0.78089 -4.8112 
-6.5727 1.3706 -6.8871 8.9418 -0.71893 -4.7738 9.3903 8.7593 4.6845 2.6642 
-3.4005 2.2893 9.7172 5.2011 2.3065 -8.2573 9.4851 0.26511 6.1232 -0.18322 
9.3294 1.7774 -4.9887 -6.5062 -9.8767 -9.2524 -9.8636 6.3243 7.5587 -2.8067 
6.1259 2.3326 -2.5475 0.01364 -0.31696 -2.322 5.0223 2.9121 5.8513 7.9212 
-5.5562 -5.2045 -0.41361 -4.044 -3.1214 4.0647 -6.175 -0.025347 -0.93819 1.1582 
9.9955 5.8217 -3.9116 7.2504 -7.5429 6.9954 -3.5562 5.4389 -3.4642 -7.9771 
-8.7252 4.1129 4.2285 3.2652 -0.40104 6.2452 1.744 3.1724 -1.4517 9.1072 
-1.4903 4.7575 -0.58245 3.7364 -1.2695 -9.4326 -5.3214 -1.6224 -8.8559 0.21404 
-1.9132 -7.2316 2.534 -7.6771 3.56 2.7647 -0.080987 -3.6204 4.6025 2.5725 
-1.9941 -9.8902 -5.8344 2.2 3.2369 8.7155 -5.2577 7.9375 2.4673 -4.1555 
-7.7615 4.7704 -2.1678 -2.7507 -7.3427 0.23588 4.3872 -7.0481 -3.7724 -5.7007 
-1.5138 6.2157 -6.5785 -1.895 -5.4888 -6.5892 -1.0687 1.3334 -2.5998 1.4879 
2.2709 1.2944 1.6107 -6.1618 -7.3205 2.6924 -0.6116 -1.092 -7.2841 1.4585 
9.7612 -8.8864 -4.4647 6.6107 0.7335 3.8413 -4.0522 4.0821 8.7927 -2.2868 
-5.602 -3.5381 -8.1591 8.9062 -8.9537 9.5407 -1.7257 8.7255 7.4423 -9.9477 
-2.9184 8.6723 -4.7873 8.0492 -4.8855 5.9379 -9.7628 8.9888 1.6365 -2.3224 
-4.6752 7.0552 6.744 2.012 -1.0851 -1.733 6.511 -4.789 -0.5702 -2.2674 
-4.17 3.7355 5.0592 -1.5185 -5.956 5.3313 -3.8762 -4.8314 2.7331 -1.3 
-6.2322 -6.6552 -2.7094 -9.8331 7.7329 -2.5941 -4.3506 -3.4673 4.6191 -2.951 
-9.5428 3.5933 1.9929 -9.0151 1.4565 9.2617 1.1553 0.84488 -7.5907 -8.1391 
-1.0119 -8.4086 -3.1454 0.39953 2.1569 0.76622 4.9175 -3.3533 4.8219 -5.118 
-5.1272 1.2201 -1.2704 -0.35294 0.49922 -2.9459 9.0517 7.5169 -2.9789 6.8928 
7.3745 -0.81916 -4.8356 -9.7445 2.8598 5.2102 5.9258 1.7056 -2.2144 -4.3678 
0.57222 3.3014 -1.3585 -0.79238 -4.1767 9.6457 -7.6612 -3.8576 -5.8716 -6.7981 
8.2827 -1.3177 -9.2883 -9.4761 -3.4989 -2.3721 0.52563 -3.063 3.3779 -8.2737 
9.4786 -9.3859 -8.4254 5.3789 5.9874 9.5778 8.8421 -2.3712 0.63905 -6.4533 
1.7085 -1.1518 -3.2109 -1.361 5.6385 -8.3759 2.6859 9.6362 -6.7124 -5.904 
-7.6205 -0.65867 -5.8312 9.2312 2.5998 -1.9906 6.7541 -3.1916 3.9083 1.7852 
8.5307 -9.7923 4.8641 1.342 -1.0193 -6.5022 -2.0459 3.9091 7.9149 4.9303 
1.8712 1.871 -0.035729 7.4629 -9.7637 -0.34192 -2.9703 9.2373 -5.9448 2.5841 
7.6723 -3.9674 -8.6297 1.4603 -7.5535 -8.3898 -5.9015 -4.2997 -7.0614 1.4464 
-1.5105 6.5187 -2.1968 -0.47064 5.1366 -9.4745 8.9582 0.4979 -0.86612 -5.4639 
2.1451 8.3183 -4.8232 1.863 -1.1702 1.2443 7.1891 -5.0681 -8.2195 0.65737 
-8.5847 -4.6529 5.1035 8.7514 4.2286 -1.6327 -1.1441 -4.4634 -6.4565 -0.06672 
8.4954 -4.0797 7.5806 -9.7473 9.1645 -5.3298 -6.3229 2.3192 -3.5964 -2.1422 
2.8416 -8.1505 7.3752 -4.3778 -4.8895 -8.7284 1.6613 2.0085 -2.2098 3.9591 
-7.91 4.5166 -5.7501 -8.4863 -7.7828 -9.7286 -0.43191 -7.5075 0.55502 4.1335 
4.0045 4.3492 -1.0905 3.3855 -2.2014 5.6227 -2.2019 3.7216 7.6567 6.4541 
-2.0839 2.4174 -9.5517 2.5605 -5.0125 3.3418 0.25735 0.13587 -5.0786 0.53857 
-8.3019 -2.4777 5.531 -8.1328 -5.3316 -4.4267 2.1849 -3.091 1.7008 4.056 
-5.7104 2.6134 -1.9857 3.3784 0.42565 -1.8466 3.1783 5.162 -0.81803 3.026 
-5.024 0.34574 2.4666 -7.8323 -2.3726 -3.4753 -3.6087 -6.1941 -7.8811 8.7226 
-5.4669 3.0041 9.471 2.6644 -4.3801 7.9791 -0.0057702 6.2673 -6.9518 -4.9062 
4.0601 7.4251 -2.4196 -6.5645 0.66143 -1.8187 8.5701 9.0797 -6.2767 1.0336 
5.0831 -3.3796 3.9368 -3.8322 2.753 2.9471 -7.0828 -6.5285 3.5232 4.6539 
0.94573 1.1509 -0.95382 -3.2007 -5.9685 4.087 5.4795 -7.0969 7.5892 -0.36677 
1.0697 -9.4277 -1.1303 6.9733 -0.74897 -8.1182 1.9508 -2.8938 4.1243 0.32841 
2.6115 -5.5827 -5.1248 -5.5811 -7.8908 -2.9953 -2.8187 1.9418 -7.4209 9.6057 
9.7091 5.7118 -6.6453 6.3014 -2.9231 4.1078 -0.80649 -1.7072 7.1003 5.8409 
2.6856 -4.1819 2.8884 1.4087 3.3623 -0.81387 2.1919 0.75986 -2.268 7.8923 
2.0091 -8.8563 -9.7465 1.7546 -0.59414 2.1359 -1.2285 -0.093492 2.3605 5.3804 
8.1837 3.978 -9.7827 3.3064 -6.2544 -5.7959 -9.5395 -1.444 -6.9605 6.645 
1.4167 2.7667 -1.7296 -6.6486 -9.4068 0.71613 0.93955 -5.7 -5.613 1.7653 
-3.2916 2.9542 -3.5306 -0.87317 0.48684 -1.9605 6.0549 -2.4179 -4.2467 -1.6513 
9.1428 7.6521 -3.1077 -2.8027 -2.3204 -3.7249 1.1214 7.0584 1.3868 -9.5362 
-1.2015 -6.7186 -5.1164 -7.65 1.0505 -2.5318 -2.0293 -9.5294 7.4314 0.98641 
2.0309 3.3334 -1.8029 -4.6876 8.8647 -9.0997 4.1512 0.55315 5.9604 9.1996 
4.4052 -2.336 -9.038 4.9369 1.1753 -7.6426 3.4306 0.49291 7.3176 -7.0479 
3.5756 3.8646 8.9639 2.1824 -7.9535 -9.6905 2.9931 -1.9911 -6.3814 -1.9171 
-5.7448 -3.9165 -9.2583 -3.307 -5.5338 -2.791 -8.473 -9.8181 9.1842 7.2466 
-8.3675 2.9926 0.6796 -2.9937 5.241 3.9645 -6.7854 7.6444 8.116 -0.33269 
-4.5104 -2.8093 0.47449 -0.49597 -8.8981 4.5193 1.0448 8.9332 -1.749 -5.4768 
7.3504 8.2574 -8.2666 -2.7096 2.9622 -4.8275 6.0632 9.3145 -9.7772 -9.5744 
1.1871 -2.2246 -5.3652 4.584 -6.63 6.6888 -8.7454 -4.3665 4.634 -6.1605 
-0.70744 3.5604 -2.3303 -0.17665 0.3129 0.024411 -3.4207 -4.3939 -9.4501 5.1111 
-1.394 5.0533 -1.5056 -8.8382 -4.3608 -0.61653 4.6939 -8.6328 -0.25334 -4.8153 
5.4797 -6.0121 5.4724 9.6684 2.9928 -6.5311 4.431 -7.0605 0.54472 -3.2134 
3.0784 3.5663 7.0593 -8.5484 -2.2573 -6.9568 -5.3524 4.551 5.5839 7.3849 
3.1546 5.82 8.9149 -2.1127 -1.7788 -0.62924 1.2382 5.2813 3.9046 8.5865 
-6.7796 4.5242 -7.6353 4.8191 -8.6692 -4.0146 6.2488 9.3435 2.1184 3.413 
-1.3525 -6.4961 -6.2456 3.8967 -2.4087 1.4865 -7.7075 3.6217 -4.8017 2.4552 
0.10172 -7.9357 -7.8175 -9.7636 0.56132 9.2339 7.87 -2.4504 2.8783 8.8711 
-2.4934 6.3509 -0.91062 0.88992 -0.9325 8.7306 7.3367 -1.2945 -5.4464 1.8424 
-0.39256 9.6019 -5.9565 -2.0149 1.8065 4.6807 2.0186 -2.7224 9.5591 9.1158 
-3.1516 5.0337 -4.3336 -3.8176 9.3427 6.0875 5.6777 -2.9751 6.099 2.229 
5.5429 8.1948 -3.1968 -0.28758 -8.1229 -6.0856 3.7395 -6.3736 -7.2117 -2.5173 
-2.3211 2.1703 2.2075 9.9706 -8.836 -0.0047956 5.6017 6.5853 4.9608 -3.2404 
4.2311 -0.81597 3.1334 9.1111 7.3501 5.5596 2.2476 6.5829 3.6285 3.8586 
-0.38133 -9.0817 9.5935 6.3199 3.9137 4.9959 -6.6562 -2.9922 -6.3838 4.0547 
4.5836 1.9934 -1.5258 9.3364 6.9245 -8.8641 4.502 -9.1168 -5.565 -8.1109 
8.7512 5.6285 6.7073 -3.2113 1.9956 4.1941 -6.0788 0.57934 4.5118 -2.9164 
0.34509 6.361 -6.2106 7.6601 5.7635 -9.1139 2.1023 9.8061 7.0395 -2.8776 
8.0614 -5.5384 -2.1753 -2.5361 -2.7909 -6.1163 7.2562 -7.9411 -1.7619 -2.9361 
-5.6361 4.6581 1.2421 -6.3054 7.9533 0.0099166 -5.8981 6.6209 -3.847 9.4381 
7.4644 3.5512 9.1368 -4.9309 -7.4499 -7.7267 -0.50572 7.5628 5.4175 5.9086 
-8.3461 9.442 -9.1156 1.6144 1.5088 0.53995 7.3145 5.8494 6.4758 7.0019 
-0.69193 -1.768 -8.7093 -0.61905 4.4203 -4.7217 -5.3063 5.9032 5.2563 -1.8614 
-9.5614 -8.9755 8.1667 4.6203 4.3733 2.1774 8.7587 -1.5773 4.3395 -5.3108 
6.1656 -3.6946 3.8794 6.4763 4.2221 -0.46141 -3.1532 2.6747 2.8081 -4.5858 
-6.4158 -3.7048 7.0858 5.8482 5.7824 3.8772 -8.4033 9.1967 1.2228 -9.8809 
-6.6922 -0.14527 5.4474 -2.9016 -0.17462 -1.4929 7.0589 0.31868 0.25785 -0.12522 
-6.3679 -8.8874 9.161 -7.0884 -2.653 -5.9963 5.836 -7.1716 5.2944 1.7955 
3.8287 -8.1003 -2.347 -6.9208 5.7146 7.7524 1.5528 -4.7061 9.6378 6.77 
-5.7247 -5.2184 -1.5786 -2.7725 -8.2468 4.5724 -6.8181 -8.4469 7.4868 8.7137 
-4.0379 5.6487 -4.7839 -0.12152 -1.6129 4.463 4.6325 -5.9983 4.8071 7.9115 
5.3667 7.3766 -0.050262 -0.094378 9.9877 2.5032 2.6883 0.29483 -8.7316 -5.1964 
0.023002 2.4797 -9.8086 -1.4254 1.6122 -8.3568 5.7795 4.1341 1.2012 -2.3278 
8.1893 -3.3495 7.5754 -8.2635 5.2402 -1.7183 2.8418 4.9572 9.9103 9.0757 
-8.8429 -4.575 -3.4018 5.3433 -2.5335 -7.6797 6.5328 7.6837 -3.7983 -4.0104 
-1.265 -9.3605 -6.1198 0.12792 1.0301 -7.1239 -9.2162 0.073623 2.1184 -0.27851 
1.4451 7.3866 -4.3581 8.5858 8.1335 -7.3887 5.5156 -1.7146 -5.2618 8.9571 
1.3013 -5.0471 9.0014 1.0564 8.1683 7.7424 6.6142 4.4748 7.422 -6.5718 
6.4763 9.7084 2.8277 -5.5173 -0.94961 -6.2879 -2.8423 5.6727 5.1909 7.1174 
-7.478 -7.4483 -4.4182 3.7428 -9.0261 -4.2429 -6.9457 -3.8047 -3.5361 0.94995 
-3.9977 0.65907 -3.8554 -4.3665 4.974 -0.67919 -9.4168 7.6634 8.2846 8.6817 
-9.9576 -2.4281 -1.1433 7.2696 0.50082 6.283 -8.0476 6.6932 -9.6592 -5.2038 
9.0221 5.6754 7.832 -4.4421 -5.4505 -3.512 -3.8887 -1.8259 9.9754 4.5609 
5.326 8.2818 -3.4933 2.8421 5.9911 5.6329 9.4124 5.4784 7.5003 -5.6259 
5.0261 -2.7775 -2.5092 0.39738 -3.5194 0.81681 7.2304 -1.8819 7.3305 -5.0471 
-7.2227 8.2209 5.5096 4.3154 6.201 7.1194 -8.9759 -6.6005 -6.9566 -1.2941 
-3.0136 -7.6176 3.1486 -0.21525 9.9696 8.6607 -2.4945 -0.46648 6.01 -7.295 
-6.9732 -9.3034 -9.8798 -5.4813 7.4355 -3.0687 -6.3281 4.7076 0.77986 -4.2342 
-0.065586 8.0901 -8.2486 -1.7624 -3.4329 0.83482 5.3331 -2.4027 3.9407 -7.4639 
6.173 8.6148 -5.0049 -4.4282 3.0593 7.2427 -9.7488 -6.8315 -0.56015 9.9821 
2.6574 1.7999 -4.7677 -3.2327 -4.9385 -8.1763 6.0499 -1.0389 -9.2341 -5.0151 
3.768 -8.871 -7.7508 3.8417 8.5789 -8.6174 8.5683 2.4986 -1.375 -0.5175 
2.7914 7.6432 -0.10433 4.5008 -1.2002 9.869 6.6723 4.6448 9.569 -4.4503 
4.5864 6.9903 -0.57543 1.8109 0.32921 2.763 -8.166 -6.1642 1.5228 3.9384 
7.1969 1.3748 0.72238 -8.6897 -7.908 5.6046 5.0638 -2.5151 -3.6323 4.539 
2.5391 -0.78829 8.6851 -5.2392 3.9958 -3.1494 -0.51942 -4.2426 8.7923 9.1685 
-6.3882 -8.6479 -8.7582 -7.1997 2.1326 -0.06441 -4.2903 1.758 -7.743 1.9182 
1.4661 -2.3357 -8.3138 6.0726 0.4862 -2.0782 -1.4337 0.057905 7.3993 -0.023575 
-6.7287 4.808 6.0396 6.0864 3.0568 6.6296 -1.5386 -2.4659 -3.004 4.9439 
8.121 0.44655 0.18653 3.4276 9.7868 -2.2738 -0.55474 9.5316 3.8821 -6.7498 
-8.4531 -0.064815 -2.2041 -1.6365 5.9096 8.5095 1.816 -7.2197 7.0447 -4.1498 
-3.2293 6.604 -7.6257 -2.7976 2.8868 -2.1663 1.354 0.014252 -6.0504 -0.17914 
1.6124 -9.6645 3.1048 -7.7275 7.6789 2.0196 -3.1372 3.3715 -5.4125 8.695 
-0.4953 -4.7188 -4.7821 -8.2186 -5.6979 -3.7804 -1.6849 7.057 -9.7317 -1.1394 
6.1064 -7.162 0.40894 -6.2221 -1.5084 -4.7435 9.3188 8.9086 4.1517 -3.9286 
0.61556 -9.3406 -9.3189 8.369 9.3988 7.7397 5.8338 6.7248 -4.0974 6.3275 
-5.4538 -4.2137 9.2531 5.5025 3.1629 0.40201 9.8982 0.32348 -9.1148 -4.6421 
4.1897 7.8773 8.6468 6.9774 1.9557 2.0486 -9.5254 9.1136 0.43641 -4.4441 
-7.0273 -6.7379 0.45507 9.9294 -3.7827 2.1578 -8.9924 2.7001 1.7537 -8.3897 
3.1623 9.7796 2.5489 4.9705 -9.8363 7.161 -0.26 -4.8773 0.26625 -8.7144 
2.6797 -7.374 6.9116 -8.9643 9.6974 0.11912 5.7492 5.7144 8.188 -6.9181 
-5.4139 -0.65401 7.5089 -9.5904 -5.6317 4.5331 -5.6611 -8.1249 -6.0615 -7.279 
-6.3554 -2.5968 -8.9166 6.1874 4.6497 8.2194 -4.0436 3.4848 -1.3163 3.6653 
-6.6729 3.1512 -8.5746 3.7091 6.0274 7.9858 9.5675 1.9647 -0.040764 -8.497 
-7.0079 7.4713 -6.0919 8.4704 2.0098 8.1109 -4.0782 -6.4253 4.3865 -7.4607 
-5.9451 -4.1025 0.83278 6.8277 -7.0209 4.1689 -9.3118 0.70107 4.772 -3.3378 
9.0992 -4.5435 0.92586 1.5914 -6.6967 9.5501 -3.5146 4.9312 8.2316 -4.5852 
-9.6818 -8.3822 -4.7626 5.3646 -2.9949 3.6552 -2.6714 -5.6736 5.6825 -8.2435 
9.1503 -6.2731 -5.8125 7.1642 4.0615 0.42805 1.7121 1.8517 -1.9941 -1.3752 
-9.4862 5.2002 4.724 -2.1094 -9.9209 5.4033 -6.593 2.7023 -0.0042831 4.0054 
9.4222 8.1922 -1.8781 -7.6034 -6.9462 5.6069 -8.7783 -1.6513 3.5516 5.2824 
-4.0481 2.8925 0.3098 -1.1146 9.0566 -3.1586 -7.4796 3.7562 7.9617 -1.8775 
0.50146 0.34899 4.2116 -5.6084 9.8499 -7.5293 3.818 1.8457 -6.9701 -1.5053 
7.2468 4.0319 9.8294 -7.602 -2.7766 1.2768 -1.5374 -8.8762 -6.8411 7.2413 
7.9281 -9.0985 -6.8809 -8.6485 -3.4206 -5.5949 4.4778 4.4657 -6.1879 -6.7617 
-6.2198 7.805 -0.51224 -0.025816 2.3639 -3.1128 2.838 6.3414 9.8191 9.464 
3.2144 3.4524 -0.41438 -2.4072 0.18017 -9.7519 2.4637 -7.7464 5.0796 4.6434 
8.8246 -6.7025 -1.5217 -6.6866 1.3625 -9.286 -7.2561 -3.0 -7.4663 3.529 
9.5141 0.05129 -0.25319 6.0446 8.1342 -5.9579 -2.9859 -8.6331 -7.9032 7.9338 
-7.8413 0.63639 9.8856 -9.9783 3.2184 5.6956 8.1369 -3.9118 -7.9284 -5.9895 
-6.422 2.4801 -8.3728 0.22803 5.7242 2.886 -8.5439 -7.8113 -3.719 -4.8421 
4.931 9.2914 -9.7239 -4.3449 -4.5782 -8.1322 -4.3745 9.5948 -3.9699 4.7505 
-9.0106 1.3835 9.7308 -3.885 -6.3548 -5.7535 9.3301 -2.468 6.7671 8.647 
-8.5743 1.5534 9.0036 3.0279 6.7423 0.58529 0.58824 -2.5944 7.4186 1.0483 
-0.21749 8.7498 5.6856 -0.86144 -9.0161 2.0669 2.3643 4.7288 -3.3738 2.834 
6.9979 -8.7688 -8.5148 2.4677 -7.3816 -9.6952 -2.2731 -0.11098 -2.9184 9.6556 
9.9408 3.1799 -1.6482 -2.2352 -4.0389 -3.7114 -7.592 -5.8744 1.0276 6.635 
-9.9121 -8.012 -2.8153 -4.4346 1.3291 -4.3997 2.2027 -8.7615 4.3122 -8.4252 
0.85215 2.1734 9.7339 -7.0663 -1.1143 5.9609 -1.4487 0.34646 -6.923 -6.3351 
7.227 6.087 8.7809 0.33776 8.5213 2.2436 5.1486 3.5248 3.5212 -9.8629 
8.1828 -9.3537 -9.6913 0.37671 9.9846 -0.059627 -9.4331 1.1169 -6.0888 3.2907 
6.907 0.43866 -0.53477 1.0083 2.0288 -1.7744 9.8629 -2.1332 6.222 0.54309 
7.5775 -4.047 7.9632 -0.63037 6.2208 0.78325 -4.0515 0.40217 3.4458 -2.1924 
4.9236 3.213 -7.1267 2.8241 6.3028 -7.7141 -7.1012 -9.668 -5.9647 -0.80582 
-7.6502 1.9543 -5.0855 -2.3385 -8.7665 0.33554 9.2822 -0.10233 -8.2439 -2.8827 
0.18045 -8.769 -7.3707 -5.8885 -5.8778 -7.1624 0.031696 8.7712 -9.3489 1.0815 
-6.6234 7.8233 4.0616 -9.2387 -3.0143 -2.0398 9.5543 -4.3036 -8.6901 -5.4292 
6.6222 9.0667 -3.3991 7.9792 -5.7821 -3.6845 6.937 4.0237 7.3984 -1.3629 
8.5602 -6.3825 -7.9305 -8.9824 -5.7268 -4.2573 9.9372 -1.4371 7.3655 -0.3284 
-6.6103 -8.5291 -5.5737 -4.1595 -3.4159 -3.2779 3.1452 0.35002 -4.6964 -7.5857 
7.6747 9.7606 7.0034 -8.7515 -4.5065 9.2237 -0.99953 4.0658 -0.41863 2.7406 
-2.2427 -1.4419 5.7623 -8.1081 4.651 1.0117 -5.4001 0.43348 9.8425 8.6333 
-2.3486 5.1796 -6.2866 9.1659 4.148 7.6258 -5.5086 1.424 -2.0796 -9.1705 
-4.5709 8.4633 -2.1031 0.60216 -4.263 -2.7813 8.7296 -0.19582 -4.5786 -1.3636 
7.3577 7.4423 -4.8074 7.107 -9.8711 -1.4161 1.6423 -2.732 -3.5456 -3.97 
4.83 9.2673 1.9754 2.3462 -3.8487 5.0497 3.4768 9.3832 -1.3824 3.1687 
-1.0425 -4.0648 3.3564 5.3116 -3.1987 -1.8369 4.0797 5.9837 7.893 2.9942 
4.1928 4.2008 -8.4712 -8.1732 -1.1214 0.74419 3.1926 -6.7966 -7.6094 9.0346 
8.8866 8.022 -2.1464 -1.854 -6.0195 -6.3865 9.6716 -7.2062 -7.7871 6.1315 
-6.5176 7.484 -5.3688 9.519 -2.6116 -3.2629 -4.5432 -2.1829 5.8972 -5.7379 
-5.1081 6.572 8.9234 -9.42 4.9463 -1.6321 -8.0876 4.794 7.4045 7.8701 
2.8186 -9.2958 -2.8117 -7.4402 -3.6197 1.4926 2.1354 7.8855 -0.57319 -4.0853 
6.1723 8.1227 -4.1855 -9.3663 9.5655 -6.9549 -5.2911 -2.8678 7.4978 -3.9215 
7.0674 2.5587 -8.0811 -5.5039 9.1951 -4.1443 7.7244 -4.924 -8.4874 -9.495 
-2.0376 1.4519 2.8989 -7.2699 6.9517 8.1985 -7.201 2.3876 6.1653 -8.1804 
-7.6901 4.7637 -0.077642 5.2164 1.7767 5.3627 8.0393 7.9214 1.4376 -6.9901 
-8.3944 0.16443 -4.6712 -9.0574 -7.8131 -8.7051 -9.5049 -1.0494 -6.3562 7.4946 
-2.7906 7.2965 4.6574 -5.7954 -6.1327 9.8822 0.2878 2.6247 -4.5812 6.4921 
6.5781 -7.1952 8.986 9.4982 -0.11514 2.6309 -0.12798 0.22721 -7.8855 6.0559 
-5.7078 3.1427 9.3144 -4.6229 -8.2186 9.7259 7.4278 -4.3762 -7.9027 -9.0068 
5.8208 1.8599 6.5691 -2.28 8.5964 8.8882 -3.3585 1.0577 5.5384 0.92838 
3.0938 0.26733 -6.2024 -8.7887 7.3567 -7.238 7.6652 1.6991 6.3194 -0.34287 
-9.4771 -5.1076 5.6894 -5.8821 3.7868 4.4058 -6.6496 8.5575 -4.0067 -0.16596 
5.7155 9.4701 -0.80551 6.8767 -3.5973 9.5099 -5.904 -2.9456 6.8828 -1.4116 
8.4513 8.3243 -7.4926 2.3442 -4.1184 -7.9771 -7.258 -3.0738 3.6284 8.9488 
-0.15374 3.0402 -2.3377 4.6652 2.0193 -1.8628 -0.43448 -7.6781 2.2056 -6.9376 
6.6802 -7.79 -8.6515 -7.1895 -4.741 -5.5962 7.8081 5.2782 -2.4016 -2.4335 
-7.3729 0.29253 8.2101 9.718 -3.842 2.2278 -7.2607 3.1036 0.037315 -1.3955 
5.1957 -0.37895 9.5081 3.4352 -4.2058 -9.1208 9.7409 -5.9131 -1.7014 0.007558 
8.5147 -8.6366 3.9615 7.8432 7.9609 -8.5081 5.1788 0.19546 -8.3995 -2.8225 
6.6542 -2.2231 -5.0808 -5.1102 8.3568 8.4281 9.1896 1.0709 -0.57326 4.4265 
-4.812 6.1041 3.5088 2.3257 0.34137 3.0778 -9.3384 -7.973 0.39186 1.2742 
-5.7396 5.7331 -8.2019 -1.5019 -0.10456 2.3292 -0.15053 9.6194 9.7096 -4.3968 
0.4463 -7.6005 9.3672 -2.2768 7.6102 3.2682 -5.5875 4.2162 8.4733 -9.8309 
-2.0529 -1.7605 3.2956 7.9789 2.3261 9.045 -4.5614 -7.3499 -5.2146 -9.0588 
-0.4178 5.9613 -7.7362 6.8893 -7.102 -4.7935 6.463 -6.0813 -6.1435 -2.9306 
9.8781 -4.9456 -8.3447 0.90521 -7.7767 -3.133 -8.0771 -3.7974 6.7987 -4.3794 
2.0896 1.7496 -9.2829 5.9811 -7.0502 3.1397 -9.1816 5.7737 9.0993 1.3006 
8.8982 -9.2653 1.4395 -8.0829 9.2823 -8.5896 -6.1477 0.31728 0.33567 1.0224 
-0.19116 3.6326 6.7924 -3.1304 -0.1858 -3.3442 3.4571 -5.297 0.79545 -3.9021 
-1.2411 6.5364 5.3669 0.80847 2.6039 -1.1522 2.2936 -7.2921 -1.5978 -2.8345 
5.4531 3.9982 9.9924 -1.1087 -2.1034 -1.0601 0.12614 7.6232 9.7196 8.781 
4.8813 -2.9646 2.1021 -8.0314 5.8255 3.9849 4.696 -5.827 -7.4476 -2.5706 
-1.1419 -0.21705 -2.6553 2.2455 3.7888 -6.0013 2.986 -1.7724 -8.7476 -7.9293 
-8.94 -4.3175 -9.6618 2.8867 4.2044 6.3796 5.0294 6.2457 8.0517 9.0828 
-8.2436 -4.6806 -5.2911 1.607 -7.6786 1.9574 4.3985 4.4767 0.65468 9.9792 
5.9597 5.2985 3.5854 -1.3127 8.7164 1.2804 -8.6704 2.331 3.724 -8.8783 
3.1116 1.6876 -1.4198 3.5601 -3.5499 -1.5502 8.7597 7.2362 -5.4667 -1.2396 
-9.3533 0.77113 -6.6744 -6.1839 9.5342 -3.9899 -5.4871 6.8202 1.7902 -8.47 
1.1413 9.8135 0.85485 8.1265 0.29308 -7.4515 4.3946 -0.353 -4.6688 9.2586 
4.396 5.3832 1.7722 9.7363 0.2444 1.2848 7.3999 -0.60904 -5.6486 9.7202 
-7.7918 1.722 6.2321 8.8742 -7.6411 4.9971 -5.9443 3.8713 -4.4215 5.2849 
-5.6671 5.8171 -0.5558 -3.5927 2.8465 -1.0478 -3.648 5.1577 0.45162 0.41618 
6.2204 0.9785 8.3694 -8.4375 -3.3375 7.9527 -4.0471 -9.3749 -1.427 2.5142 
-7.2268 -8.4716 7.2697 -9.7391 9.6827 -3.8491 -9.2017 -6.7517 -5.4699 -8.9598 
7.638 -0.51367 0.43674 4.3064 9.5391 2.0358 6.9512 3.4824 -6.97 3.7124 
8.4711 6.9945 0.57875 8.0008 8.9453 -6.484 -8.4976 -3.3674 9.3113 7.7997 
-9.7449 -1.9384 3.5917 2.6124 -9.4779 -9.0524 -4.2341 -1.3461 8.0943 -2.7952 
-2.4568 -5.264 3.6337 -4.5822 -2.7275 -9.58 -9.1755 2.6764 7.9744 6.6838 
-6.6438 0.82977 -6.2188 -6.1875 -8.7458 -4.4596 7.9423 -9.9066 3.9097 -3.276 
0.80446 -2.6219 -0.55495 9.6545 -6.9159 -2.5909 -6.0254 -0.061105 4.2719 -7.8859 
-7.9668 5.1704 2.3391 -1.7943 8.6144 7.8699 8.5237 -2.2718 1.6308 2.7863 
-9.2146 5.3807 8.5185 2.4233 -3.2917 -6.6509 8.0049 0.69303 -5.4855 -0.92022 
8.6646 -3.0738 -6.677 8.5098 -3.3564 3.5206 9.9403 3.9013 -9.6142 -6.2418 
9.4318 9.3491 7.2823 2.6392 -0.39141 5.7402 7.0841 5.6983 4.7381 -8.1137 
-2.7814 -2.8839 -4.5147 -6.9274 3.9465 -6.8278 4.2212 -8.7663 1.5523 9.2798 
2.8841 -6.1361 1.4795 -5.3648 -3.0106 3.6765 -1.7429 8.0699 -1.369 0.54975 
-8.6411 -8.1789 -7.5039 8.7729 -5.0452 -3.1033 -9.7234 2.0289 -4.6426 3.3488 
-5.8418 -3.7353 0.35279 -0.15031 7.0832 2.9754 1.1558 4.2402 -5.9745 -7.8317 
-9.2079 9.1669 -8.3831 -0.29181 7.6441 4.2072 6.7705 -7.2973 9.2312 5.4971 
-0.61281 2.7693 -2.5946 0.68241 7.3733 -0.27137 -8.0854 2.2512 -0.63643 -8.7493 
-6.9981 -5.8372 3.4819 7.9618 -6.5158 1.5154 -8.2826 5.9848 6.7033 8.8762 
9.8261 -3.3376 -9.4731 -0.33829 -5.5632 -6.5833 5.2642 6.1361 6.2248 -5.1874 
-1.4588 -3.1397 3.0358 -8.5397 -1.2613 -2.9833 2.1641 -9.0892 -7.8501 8.9647 
9.1074 7.8969 7.8534 5.3003 -9.0762 -1.2618 -9.5637 -4.1392 3.6088 -2.8306 
4.4849 0.083201 -0.99562 -0.33961 2.5303 1.9137 -2.5881 -7.3571 6.9241 2.379 
1.6178 1.2445 7.3387 -6.6255 -8.1612 9.1231 -9.1765 -9.9623 -0.79372 2.0378 
0.80516 5.7869 5.0097 -4.1249 1.5189 4.4789 -6.214 -5.5843 3.7477 -5.5625 
4.1088 -2.9814 -1.0367 -4.5082 3.1581 4.9576 -9.8654 -0.87747 7.3397 3.5311 
-9.8994 -5.5964 2.133 -4.1544 0.38489 3.2795 6.8513 -9.4275 1.0357 8.5535 
5.6503 6.4566 4.0049 8.8246 -8.6027 -9.8254 9.466 7.4419 0.30717 5.4892 
8.5372 -8.4792 -5.3306 -1.825 7.5109 0.88777 -2.0564 -8.4239 9.5663 1.3026 
-9.8341 -8.3563 -0.91835 -1.6508 -3.401 -7.0013 3.4645 2.4464 8.6421 -5.8478 
6.4926 -3.8057 -9.0455 -0.68253 9.0399 -0.14569 4.3475 -7.9782 -3.3163 8.5925 
5.3467 7.1099 2.2266 -3.7432 8.195 -9.4929 8.0102 -1.3289 -8.3136 3.6727 
9.9427 -0.51405 -9.6582 7.2274 9.1358 -6.999 -3.7065 0.54668 -5.3553 -1.8191 
-5.4469 -3.5153 2.4864 1.1222 -5.1875 8.4085 4.6973 6.6774 -8.1225 7.1448 
8.3908 -0.79912 -6.1127 1.0596 -5.8057 -0.87431 -5.5947 -8.4394 4.9738 4.0194 
2.84 3.4835 0.11646 -8.3957 0.057359 -0.37344 -2.1895 1.4863 -9.6798 -7.7387 
-7.8936 1.4812 -0.40402 -2.942 0.68994 -7.5412 -6.4884 -4.797 2.5782 -8.3254 
-4.6368 6.8565 4.2109 -3.3232 -9.0832 -5.0987 6.9404 7.7074 7.491 2.1585 
5.2769 -8.4836 3.8066 6.818 -9.1737 8.7431 -1.1548 -6.2013 2.936 -3.7403 
6.1102 -4.803 4.521 -3.9279 5.2668 5.5021 6.2166 -8.8844 -2.1891 1.3182 
-7.9149 3.7512 -1.1793 -3.3309 -0.63654 -0.064334 -2.7653 0.17331 7.0704 9.9541 
-0.60482 -1.35 -3.4273 5.9758 3.5979 -3.0734 9.666 -3.5869 -5.0732 4.6864 
-5.6188 -3.5255 0.94207 2.0102 1.9315 6.4408 -2.9551 7.6224 -1.469 2.4821 
8.4542 -9.0786 7.1677 -8.0311 0.57636 -6.6441 -8.6778 8.4324 4.3214 2.2287 
-3.5935 -3.7929 8.2875 4.9088 9.1289 -5.9953 0.26202 -2.1559 -0.2815 1.4569 
7.1509 -1.4675 2.52 -3.0769 -1.9174 -0.78586 6.6392 -4.4645 -2.1695 1.2324 
-4.8031 2.3114 0.34422 -4.5938 6.1329 9.2575 4.2621 -4.2793 6.0324 -6.7283 
7.5613 -5.1397 0.74962 -5.2292 9.9606 9.0971 -5.6194 -6.7333 -0.90641 4.9369 
-6.2346 6.8943 -6.7799 6.9287 2.5156 7.3998 9.338 0.89942 -2.2326 -3.783 
5.1839 7.6559 -7.2354 1.3128 -4.9937 -3.9734 6.4855 4.6208 3.9364 0.19824 
-9.3662 8.5651 1.9091 -5.3326 7.4584 6.6206 -4.4951 4.7305 -0.7382 4.1081 
2.8468 1.2527 2.1392 -4.5445 -8.8701 -4.7566 0.89188 6.2587 5.1171 -5.4802 
1.3374 -3.9403 2.8862 7.8212 -6.018 -0.14107 2.1319 -6.3577 0.20069 -9.6525 
-2.4718 5.4029 -8.7279 0.25183 8.5714 -8.934 -5.5299 -2.6499 6.1645 -6.0002 
-5.749 0.1444 -8.731 6.1356 -0.96536 -2.2205 2.0346 8.027 7.0999 -5.6226 
5.8431 2.2517 2.0771 8.076 5.6522 7.7457 6.8192 8.3531 -0.45224 -8.8906 
-7.0911 3.7315 -1.8349 4.0005 -4.7526 2.2646 -0.84398 4.5922 0.39227 -2.7367 
-0.21715 -8.3219 -1.2239 -0.16407 9.7752 4.5764 1.0511 -4.4751 4.277 -2.5187 
-9.7431 4.2822 -8.4117 -1.7749 2.0094 3.6454 3.6335 2.2075 -1.4564 0.063178 
-6.2678 -4.0324 -1.8467 -0.13971 -1.6004 1.3667 -3.9316 8.7401 -4.8338 0.89807 
-0.29539 -5.3362 -7.742 1.3374 8.6993 6.4634 8.7044 5.3404 0.39399 -1.6948 
6.7645 -3.6511 9.9422 6.4689 -2.6764 -1.2727 7.362 -3.9257 -7.4181 -8.475 
-7.1789 -4.3596 4.1178 0.26566 1.7159 7.9491 2.1538 0.79448 -2.2819 -6.6233 
4.6443 -4.9887 -0.69111 -5.9041 -6.4245 -3.7284 -8.5927 0.96794 -2.2935 -1.8642 
3.8213 -7.5291 -7.5902 -0.23946 1.9784 4.4147 2.4855 3.079 0.049196 9.2564 
-9.3101 3.3629 5.0154 -9.2864 1.1632 -5.4142 -7.5737 -4.1548 -1.8566 -4.5403 
-0.22285 -4.4322 9.305 -9.3829 1.6405 -6.6552 -1.0884 -2.4354 -2.4855 -0.89545 
9.4278 -5.0486 7.3347 1.8028 -3.0181 -6.7289 4.177 5.8674 2.2126 -5.3959 
-7.751 1.3753 7.5953 -5.8497 -6.1318 0.7605 -6.68 -0.17193 -4.9265 -0.96284 
4.8643 -8.973 -6.5268 2.1532 0.95194 4.8804 6.6358 8.742 7.7349 5.9047 
2.7708 6.4633 -4.2454 -7.9695 5.9672 -6.5158 6.02 4.9688 6.894 -6.9355 
1.8837 -9.2611 7.0261 -5.2355 -2.6242 4.7047 2.5199 1.5964 -4.4382 -4.6689 
-0.02755 -4.6566 -0.7488 6.7385 -0.41438 3.0162 8.4066 -6.0172 -8.2689 1.4558 
1.3571 -3.9562 9.9431 8.2854 7.7953 6.3069 7.9511 1.6384 6.4168 -5.1055 
-1.4699 3.2461 -4.3781 -7.7078 6.5638 8.8509 7.3718 0.78833 9.1447 8.3935 
-8.4752 2.5151 -2.8364 -6.4916 7.4061 -7.8192 -8.9263 -6.036 0.55426 -8.7515 
-4.1883 4.2468 4.8001 8.5507 8.9486 4.7358 9.2084 5.6122 -9.2667 0.3644 
1.2267 -4.4833 0.9324 7.7986 -4.3904 2.2505 -0.16201 3.4085 -8.7166 -9.9424 
2.6667 9.9217 1.4289 9.6745 -9.0359 -3.6385 -4.2997 -8.6776 -4.2603 -0.71949 
8.6155 -3.9911 -8.5229 3.8722 -6.8204 5.772 -1.2822 -8.6672 0.31366 1.2914 
9.5554 0.025307 -8.3352 4.6228 -7.5335 -8.528 5.1464 1.2685 -8.3091 -8.615 
-8.1281 -7.3536 -6.0497 8.6837 3.7987 -3.5734 -7.7033 1.9037 -7.0045 -5.2719 
3.2347 7.9512 7.9362 4.3524 -9.6858 -9.4752 1.0161 4.3846 8.0805 -1.9998 
2.0555 -5.2412 3.4702 -0.47194 6.0417 -0.57194 8.806 -0.71886 8.1958 2.1845 
-0.52364 -8.6582 2.1468 1.7867 -5.0302 3.4803 1.4231 8.6898 4.7846 7.9491 
-2.8749 -2.6875 -8.967 4.2768 8.1997 -5.6785 -0.54893 2.5467 -2.1133 4.2007 
-0.48843 9.7801 0.15691 -7.773 -4.6493 7.4747 -2.8378 1.1189 -1.4103 -4.9641 
3.4204 -5.7595 -3.9809 6.2966 9.0493 -2.7587 -0.89996 3.9673 -4.1841 2.6011 
9.1929 -4.2493 -5.1892 -0.3535 -2.9605 3.3056 5.2771 -4.9823 2.8648 4.8106 
-8.2183 0.091786 5.5199 3.6711 5.8658 2.6638 8.1251 -2.847 -9.7015 -6.7619 
5.9548 2.6114 7.8503 7.87 -8.1152 -7.2932 0.55217 -0.89885 0.98667 6.1884 
1.8155 -2.1363 -8.9386 3.8348 3.3528 -5.7671 -3.9014 5.748 8.0394 -7.8334 
8.2439 3.5992 1.1327 -9.807 -4.6084 -7.3393 0.23986 8.0468 0.60563 -4.435 
-7.9774 -7.3993 -6.973 -3.9485 6.1187 6.1098 8.3306 3.2439 3.0184 1.2447 
-4.1341 -8.5952 9.7867 0.94916 7.7149 -8.5494 5.511 -3.1059 -7.0254 3.4331 
-8.9682 -9.0923 0.52421 2.3654 -9.5444 -9.2472 5.1874 9.5838 6.6425 -5.3791 
0.082564 1.0786 0.7301 0.70041 3.3378 5.9269 6.1146 1.2076 6.9743 0.25615 
5.3675 7.8163 4.2495 -9.5726 4.3608 -9.8695 6.0064 -3.1454 8.2631 8.5903 
-4.3403 1.7159 6.3747 0.72641 -1.3754 -8.9227 0.80393 2.3613 5.096 -0.25786 
-5.4928 0.63092 7.482 -9.6284 -6.3407 4.1445 -3.3058 -6.1482 8.0544 -1.0325 
-3.3742 2.8808 2.4342 6.4475 5.2896 -0.7963 -9.1666 3.7337 9.9625 -8.6919 
-0.93497 -1.8499 -9.7879 5.0251 -6.8055 3.9988 -8.0986 4.9103 -0.29043 -2.7002 
4.7477 -4.7725 -5.5546 -0.58249 -2.0829 -7.8477 -6.8507 9.973 -7.285 -0.13564 
0.19771 2.1842 -8.9477 5.4055 7.6054 7.3693 7.8167 -6.3186 5.4786 2.5822 
-2.3497 2.6557 0.28911 1.5819 7.9261 6.3261 -0.061262 -9.4129 -6.4689 -4.5641 
8.1097 5.1855 7.8567 -3.6122 -0.16795 3.3034 -3.8606 -5.3855 -8.2669 3.3003 
9.3052 -5.3221 1.5925 -2.7141 -3.0061 2.2976 3.4942 -7.7681 -2.5574 6.4972 
2.5653 -4.2255 2.561 -6.6547 -3.1848 9.9804 3.827 1.7518 0.12272 -0.59918 
-7.3594 -9.546 -7.1141 -2.6821 5.6088 -9.4631 -9.5335 -4.8912 -5.9382 -1.0218 
2.366 -4.1713 4.9723 7.2264 8.2411 5.6445 9.8549 -7.9889 -4.3549 2.6028 
-2.3396 -2.9183 -4.3868 -9.1074 8.1258 3.4276 -6.0189 1.9541 -5.9971 -1.0807 
9.8239 2.9926 7.3756 9.2406 -2.4434 8.0511 -5.8055 4.5029 6.1952 5.908 
-4.2635 2.152 6.0425 -9.6487 5.0695 4.3937 -6.997 2.2366 -9.0569 9.2071 
4.1238 5.1234 -0.23245 -0.24271 -1.0923 -8.5231 8.2557 3.9171 -5.6898 -3.6045 
0.70412 7.6873 9.4714 -2.3605 3.8893 -1.6149 -6.2775 0.4295 2.5114 -0.943 
-6.1358 7.9101 0.54323 3.7312 4.9298 8.1788 1.331 2.8571 -9.379 -4.2319 
3.7887 -8.4385 -5.6488 1.147 -6.9779 -7.0378 0.32152 2.8205 3.3051 -6.3832 
-8.9909 0.51742 -6.0683 7.7692 3.3379 -8.1833 7.9718 -9.6338 -0.99712 1.6353 
-6.3113 -9.0971 -9.6462 1.3885 -7.1532 0.15989 8.0626 4.4917 -9.2962 1.6884 
-9.0868 5.9323 -3.1134 4.1427 3.4621 -1.172 8.4598 -3.0621 -2.2202 1.2066 
7.7008 -3.7034 6.706 0.12979 3.2964 6.6505 -8.3857 4.6959 8.8894 5.241 
6.7959 -5.2899 -4.5067 2.9528 -9.5637 -9.2845 6.0668 -2.3315 4.2342 -1.8889 
-7.6369 -4.6512 3.1513 -6.1126 -3.9157 -8.3355 -9.6071 -1.6786 -6.3852 0.073566 
-1.7917 -7.1523 -6.6046 -0.49344 -7.5267 9.7589 8.0575 -4.2225 4.3835 2.8067 
-7.5954 -6.123 -4.1074 -8.017 1.7601 -9.271 7.111 -2.4677 4.4152 -8.9079 
1.4419 6.6677 -2.5878 9.0212 2.2704 -5.4526 -6.3932 3.3218 8.1184 -3.3003 
8.9878 4.9021 2.9786 -2.6502 5.8164 8.3641 -1.8671 8.8184 6.1359 -9.6907 
-4.8723 4.8771 1.3556 7.1368 4.233 5.9875 -8.82 -9.0859 1.587 9.8626 
9.7973 -4.6812 0.24474 9.5819 8.8305 -8.021 -8.1138 -7.6952 2.2597 -9.4724 
-3.0038 -7.7316 -8.7916 -3.8566 -0.35971 -3.9942 0.7123 -3.7899 -1.235 8.479 
-5.8296 -9.0204 5.5565 6.7554 0.8895 4.676 4.3022 -6.194 2.5948 6.332 
3.3165 -4.4776 -9.3998 -9.0772 -0.6086 8.5267 -5.8024 -8.1607 -9.1656 6.2872 
9.4669 3.1472 3.6075 7.3698 3.7533 9.7006 0.72337 -8.9278 0.28296 9.0061 
2.454 2.534 7.8549 -3.2876 -6.6531 -6.0533 3.7513 -1.089 3.1927 6.0218 
-8.7292 1.4822 -2.5795 -3.974 -4.1956 2.8852 8.5393 -1.3962 -5.2562 -9.2464 
-2.5298 -5.9928 2.4725 7.9068 1.3201 -8.0131 7.6475 -9.8251 -3.0947 -0.4113 
-6.675 -1.8125 3.8535 0.38801 -1.9878 -5.9985 2.8914 6.0665 5.7635 2.3973 
-5.3744 -4.3137 5.6996 -4.7892 -7.7753 -3.2677 6.8658 -4.9582 9.3836 5.7483 
-8.9558 6.6817 2.6483 8.818 6.9811 5.0084 -0.89393 -8.6077 7.4879 -5.0205 
8.0351 5.147 3.8057 6.1548 -0.44886 -6.3895 -3.9213 8.579 -3.8151 3.4864 
5.8658 7.3182 6.0525 -7.9798 -2.3309 2.9675 -5.4841 5.5277 8.8194 -3.8693 
-2.5397 -1.6613 -2.4843 9.7181 -5.6462 -6.3497 4.0191 -0.87034 -2.1915 -4.1813 
6.6411 4.8503 -9.0425 -7.6829 1.5068 2.4203 3.7167 3.3835 -3.1073 0.33612 
5.0767 -8.6013 -7.94 0.47737 -0.58999 5.1169 -9.5084 -3.8859 0.1231 7.6004 
2.4373 9.1691 0.80991 -7.9351 0.11384 -5.081 3.1127 2.0502 6.6527 -2.7334 
-2.1181 3.7438 6.9867 -8.2772 0.15011 -8.2258 7.5355 3.3714 1.0399 6.6264 
-2.8144 -4.7994 0.64939 1.1509 -3.5305 6.6941 8.5382 9.1446 9.8916 -0.074832 
-8.223 4.7125 8.1722 8.3662 -7.7564 0.73876 5.3071 7.6268 -2.6713 -0.17874 
-3.1665 -0.42763 -8.2069 -8.7763 -3.7119 -8.4373 -5.1742 -9.4164 1.3545 -4.5963 
0.97341 7.4275 7.2789 7.5903 -8.6825 -0.50465 9.96 3.8593 -6.11 8.4171 
-0.78905 -3.5489 7.149 -0.17008 -7.228 5.5422 -3.6466 -4.9439 -8.3229 4.251 
2.909 1.2205 7.6579 -3.1717 -4.9198 -8.8939 0.78249 -9.141 0.77688 1.6094 
0.27042 -5.083 -8.5128 6.464 -7.08 1.0352 9.6977 -4.0854 3.8455 -6.0969 
6.2885 -7.3102 -3.1568 8.9343 7.6906 -1.5865 -5.3747 -8.1366 -8.66 -8.1024 
-8.0563 -5.2478 -5.4357 2.9905 -7.7171 -6.9803 -3.3504 3.9588 -9.1216 2.3741 
-0.72573 -2.7265 6.8882 9.5562 8.6443 9.8904 -8.7294 -4.1906 -7.0642 4.8362 
1.7963 3.7618 -7.3181 0.11527 6.8145 7.2199 6.0526 -8.9649 6.6219 -6.3301 
-6.2566 -9.2196 7.626 8.0912 -0.75612 6.832 0.77937 -9.1441 -2.6744 -7.4185 
2.2266 3.7747 -6.1265 0.89146 -6.1594 6.9474 -5.6062 9.6683 -2.9338 -2.5587 
-8.9612 -4.7836 6.9325 6.3858 -4.9554 5.999 9.3294 -9.0316 -0.30378 -4.1375 
1.5145 7.1318 -5.8404 7.4396 6.4094 -0.68292 -6.3527 -1.1378 -7.0972 3.0444 
6.8469 0.92229 3.4108 6.4238 -1.5937 -0.12878 5.1476 1.4074 1.2983 -9.7247 
-0.0054805 -0.79003 -5.6711 5.6132 -4.1184 -6.5451 7.7737 2.3006 6.9706 -5.7722 
-1.2195 -6.9467 -8.7051 7.6644 7.6529 -7.355 -1.6794 -3.1135 -5.0898 5.2749 
-7.0189 -4.8842 -1.4175 -9.3686 7.38 6.9595 6.7946 8.2026 -9.7278 2.299 
-9.4344 -2.1671 -3.9384 9.6426 6.3559 -0.39475 0.32003 -6.3915 -4.8741 -1.8735 
5.1334 9.2921 1.7113 7.5658 -9.1426 8.4351 -4.2726 -3.9158 3.0865 3.5984 
5.9221 0.38848 -5.0843 2.9555 3.6732 -7.4938 7.251 4.5887 -8.9273 -3.3642 
-4.1289 -7.5823 4.8011 4.1302 6.6991 2.8513 -5.6736 -8.485 -5.2514 7.6619 
-7.6959 8.2979 -5.5396 8.9749 -4.7624 -6.9128 8.0809 -8.3381 6.0279 -4.1545 
-2.4982 -0.86785 -9.9916 -1.3581 -8.5796 9.8288 -8.1508 4.5553 -0.40603 6.5486 
6.5779 8.0937 -9.9414 8.224 2.0138 -5.0273 8.1445 -5.3306 5.0456 8.2582 
6.8355 -4.162 8.514 9.6632 -9.3223 7.0382 1.7658 -1.9712 -5.5581 8.6266 
3.3048 5.6438 -9.2062 -1.1804 0.74017 5.6885 -3.8233 8.2059 -1.4199 5.259 
9.2028 -8.8819 0.74149 -5.0049 -5.5383 7.9576 0.11063 -8.8821 1.6987 2.3768 
8.8624 -5.7391 -6.1677 2.5899 3.5018 6.8417 8.8317 -5.2449 -9.1842 -4.1069 
-7.746 5.5309 -6.727 1.9682 -9.6203 -6.1518 8.5164 -7.6645 6.679 -3.3571 
2.9657 3.9362 3.9449 -9.7987 6.9234 8.8337 2.9168 5.7141 1.4678 -0.029757 
-0.38392 8.1577 3.3744 0.72854 -5.6762 -5.9371 -8.268 4.9854 -3.2251 -7.0543 
-8.6696 2.1777 5.6879 0.3869 5.2551 -0.13963 8.8471 -2.9161 8.2837 -7.883 
7.9554 0.89114 0.44108 8.4409 -5.2555 -8.0182 -3.8722 8.283 4.489 4.3434 
-0.055397 5.0624 5.9164 -6.4871 -8.5596 -8.1904 -3.1259 9.1628 -1.0057 4.0554 
5.4261 7.5452 1.5615 1.9393 -1.3954 -6.0807 -1.7361 5.7306 5.1034 -1.6552 
-8.7928 7.8755 0.30632 -9.8796 1.8276 1.1085 -1.9788 -4.0698 -6.8076 -3.7467 
-4.7509 7.1166 -2.2224 6.1797 9.4182 5.8098 7.6311 2.6183 9.959 6.8928 
3.0214 3.6649 1.6036 1.7211 3.6521 0.41727 -3.3946 -4.6174 4.5785 -6.4913 
-7.3279 -1.8477 -0.14141 -4.3377 -2.0025 -3.0994 0.55811 -6.6664 7.1275 -0.49121 
2.7709 -9.0429 1.1786 -5.3823 -8.9104 -4.6657 -7.1647 0.54136 -0.46076 -9.9374 
-2.3011 -5.2314 7.0923 -8.0644 2.7622 0.89714 8.5419 -3.9644 8.1686 5.3554 
5.314 -9.7208 3.8292 0.6363 -8.1316 -8.0265 4.6582 0.062238 0.51372 -4.5909 
3.0583 -2.366 -9.0934 -7.2473 -3.6425 1.5403 7.2692 -7.934 -9.5762 1.5243 
-2.3702 8.1425 8.0212 5.3458 2.1317 -6.8222 9.6367 1.017 -2.3707 -1.6565 
-3.9996 -3.9281 -4.9149 -9.0725 -1.979 -6.3279 -7.2151 -9.8772 4.6145 2.7288 
-3.1972 7.3466 1.1139 -9.7527 8.6939 -6.887 7.5876 -3.889 7.6179 -1.0897 
8.3785 -7.0565 2.2648 6.4962 9.2574 -9.9765 8.1855 9.2531 7.2015 0.77323 
-0.87466 -3.8017 6.4034 6.6938 -0.29766 -6.9997 -4.2119 -0.94729 -6.4013 -8.814 
-1.1501 -1.6351 0.97041 -6.5104 9.2465 7.6749 1.2541 -1.3602 6.0883 1.51 
-0.91628 -5.7965 -9.4746 5.7644 -8.5481 0.61911 -0.72748 3.5367 3.1412 8.702 
8.9056 5.3491 6.7504 -3.8534 -6.1166 6.4879 8.7608 -4.9478 3.2804 7.7166 
-5.6176 -5.1491 9.2151 8.6304 -9.9672 -9.3341 -9.4946 -3.3862 -6.66 -7.2197 
7.6481 7.7228 6.6232 7.6154 7.4823 6.8503 6.8812 -9.6235 -6.2341 -1.0323 
-9.6025 -4.0491 -1.9551 -5.9019 7.2071 -3.6993 -9.5774 8.4919 1.1957 -4.5378 
-3.1647 -6.1864 0.063775 0.78697 -9.5904 5.0697 0.08465 -2.3389 1.2568 7.3027 
5.3205 4.4824 3.0529 4.6037 -9.8522 -2.9279 -6.8112 -1.3001 9.2192 -0.48925 
-3.1439 9.1362 3.9219 6.0118 -3.4814 -9.7928 -3.5385 -2.0803 3.9267 3.6884 
2.3761 8.0293 5.5945 6.9993 6.0549 8.6545 -1.6587 -9.9951 1.1811 3.5893 
-0.93958 4.0117 7.5687 -0.58388 0.63146 9.3775 6.6091 1.8964 -4.9037 5.2059 
-9.7967 6.2694 -5.3998 7.2877 9.1791 2.8443 6.566 -6.842 3.2417 1.6932 
1.9816 7.3285 6.0072 2.6849 -7.8347 -2.0012 -6.1522 9.4891 -2.4497 1.9898 
2.0314 7.7643 5.0644 -5.5841 6.4199 6.2243 -9.4389 3.1467 8.3607 4.5993 
2.9883 -5.391 9.6467 -7.1972 3.7732 -5.8258 -9.1859 0.84126 -9.1495 0.24874 
-3.1456 2.5295 -7.7781 -7.1018 6.2521 5.6697 -3.6228 -3.0592 -1.2409 7.8316 
-0.13401 -5.1212 4.3373 5.4818 5.6122 -7.6014 -2.4751 9.0782 8.414 7.6334 
4.0355 -1.1464 3.3337 0.021799 -1.1926 -4.526 6.0661 5.3312 -3.7418 5.3486 
7.7561 5.6557 -6.4404 -3.3825 5.0918 1.5347 9.1375 6.759 -2.3716 -3.1625 
-8.8988 4.3166 -2.9063 6.6134 8.2044 -0.6154 5.6016 6.8772 -1.8799 5.5592 
-8.0328 -5.1073 -2.2039 4.6054 -7.2014 8.52 2.062 9.8477 -0.51472 -3.2716 
2.9957 4.7566 1.7016 -9.2997 6.4467 0.70711 5.9047 5.4952 -6.3313 -6.814 
5.2814 8.1562 -6.1078 5.9467 -3.7738 -3.9211 -0.15045 -2.18 4.2982 -9.0988 
9.7592 6.8446 -6.5375 5.1421 -4.5679 0.94652 0.28585 -7.0731 4.9509 0.17904 
-7.4935 9.4293 8.3575 3.8651 6.5173 -9.9767 -4.3195 -4.484 5.1131 -5.891 
-2.7105 -7.1428 -2.9091 -0.0026605 -5.2738 2.6835 -0.9753 4.6222 -2.0039 9.4719 
3.5246 7.1382 -8.6375 -6.1047 -5.7795 3.721 7.5335 -7.8407 -7.4474 0.34201 
-2.4848 5.241 -6.0717 3.296 5.976 -1.4294 -5.2872 -8.2591 -0.4244 7.1755 
7.2692 5.2052 0.070886 -6.7249 -3.8965 -3.8408 0.043715 -7.0286 5.1792 -7.7632 
-4.1605 -0.81164 -2.1448 -2.2239 -2.4706 -0.36101 1.6083 -2.1797 1.3596 1.1952 
-7.3305 -2.3183 8.1061 -6.9381 -9.6047 8.1825 -3.9277 -2.2707 3.5482 -6.178 
3.453 -7.8514 -5.1323 -8.9456 1.8945 -7.9424 -7.3445 5.6728 4.1371 -9.7606 
-5.9483 -0.89056 -5.3423 3.8466 0.50299 0.21396 -2.4324 -7.7098 -3.3163 2.3382 
7.3703 -7.0551 -9.6787 -8.633 -9.6272 -7.8937 -5.8461 1.6801 -9.2277 -4.5052 
5.0231 -4.1282 -0.99956 1.4203 -2.2859 8.1028 1.7185 -6.4963 -9.431 -2.1356 
-1.6124 -2.3917 3.9106 8.9946 -3.0862 8.2984 -4.7165 -6.4311 -3.4574 -7.6463 
-9.9954 8.4909 4.1189 -7.8234 -7.6626 -7.377 -6.4954 -3.8198 3.3353 -2.3074 
-7.0107 -6.1306 -0.8002 1.3272 0.44549 -5.4633 -0.41891 8.209 -5.908 -8.4065 
-4.5233 3.101 -8.0451 -7.3581 7.7102 4.8589 -5.7845 -6.7114 -1.3414 -5.2781 
7.4485 -2.1154 2.9851 -7.7749 9.4508 -5.9436 0.79185 -9.2223 7.8479 4.209 
2.025 -6.1303 2.5489 6.0673 4.6305 1.6805 -8.0168 1.3514 -6.0234 -0.98877 
-3.5762 -9.3653 -7.0208 7.9108 0.60086 -7.608 -0.95697 -8.16 4.0189 -2.41 
-4.3141 6.0364 -5.9586 -4.1979 9.9954 -2.8658 9.3349 -5.7155 -2.2433 -8.9469 
-1.2937 -3.7335 3.2543 1.3113 -3.0816 -7.1212 4.4518 -0.79163 -2.6008 7.4805 
8.0752 4.9388 -3.4111 -9.6034 -2.6945 -6.4546 0.093367 -5.8015 3.4309 1.7437 
8.5021 1.8127 -4.391 -3.9027 -9.7801 -8.5925 -7.0092 -7.1177 -1.715 -9.0815 
0.10585 -4.0714 -1.7699 8.1821 -9.8476 -4.2047 -2.5233 -6.0784 -6.8655 -5.0597 
2.5516 6.3101 7.0712 1.8711 -5.8321 2.6021 -8.7675 -9.9799 1.9713 0.9612 
4.3853 7.8503 -3.9094 1.6308 5.2372 6.1202 3.0098 3.093 -0.079727 -8.28 
-9.5217 1.7917 5.1937 7.3437 5.8532 -5.3791 0.025052 5.1636 -0.072399 -0.55108 
1.4987 6.3038 0.94391 6.6858 -3.163 8.7846 -6.7124 -3.0247 7.2205 2.6827 
-9.0693 1.1026 5.5564 -7.1106 -8.8576 -6.5958 -1.9243 -1.904 1.1015 -0.94843 
-1.5494 6.2915 5.7412 -8.939 -6.0802 -6.1844 4.8669 -3.5027 -1.0168 1.7818 
-0.64531 -9.2329 8.8763 7.5505 1.6767 -1.129 -1.8598 -0.58754 -8.4879 -4.5404 
-9.5474 6.9697 -7.7473 -1.6039 8.4917 -2.671 6.546 -7.4442 9.6912 5.5354 
-8.6985 -7.7103 7.3318 -7.055 -2.5974 2.4585 8.6057 -6.279 0.466 8.4871 
8.4791 -6.9765 6.9939 -5.4887 -5.053 -8.5766 0.68695 8.3818 2.4119 3.4671 
0.68286 4.5607 -4.0974 -3.8518 -7.3222 1.3198 -1.4328 7.5038 3.9133 6.1325 
-2.6641 -5.9605 -5.3328 5.2652 7.6746 -9.7212 -6.0132 2.4038 9.9452 6.9058 
-2.7211 4.7602 -0.45582 -3.7288 -0.35522 -5.4292 1.8122 -0.23691 4.4472 -5.4558 
-6.9725 7.3434 -6.1788 -9.593 -3.1841 -1.4841 -1.0187 3.0036 6.0276 8.7372 
-7.0078 -5.8192 8.2797 6.6009 -3.5368 5.8569 -8.3796 -2.7062 4.673 -1.4521 
-2.984 4.5752 -3.6828 9.8355 4.2652 -2.8259 -2.7845 5.9445 7.3265 -1.3591 
-3.2807 2.266 -7.8253 9.5855 -2.1973 -5.7973 -4.7915 8.0021 7.6863 0.51551 
5.6806 0.25944 -1.2144 2.1072 -3.3774 2.046 -2.2402 3.7316 2.3776 -1.9274 
-0.26522 9.1867 0.75753 1.5806 0.15499 -1.3246 0.075635 2.1983 -3.7812 -8.0302 
-0.70404 -6.3111 -9.0165 -2.8099 -9.3363 5.1135 5.8109 4.7274 7.9402 -6.868 
-7.3749 -5.9852 1.0287 7.4453 5.6424 0.10659 -2.076 5.3598 9.8919 -2.289 
7.7278 3.1824 1.8286 6.4788 4.1593 6.7498 9.4852 5.6104 -7.2603 1.2433 
3.4911 4.7821 -4.4951 -4.4839 5.559 -9.4672 -3.015 7.4858 -1.6059 4.4903 
6.7032 -2.5126 -1.6315 -0.50001 -4.9115 5.5902 -3.0089 -1.6329 -9.04 3.678 
3.1298 9.5216 -0.017304 -8.6629 -3.8642 -3.3806 5.8694 -2.1867 -9.8412 -1.5671 
9.6783 -9.2958 2.263 -9.7741 6.3604 -0.36942 -8.4608 7.398 -7.2794 -3.0344 
9.5958 -3.4351 6.7656 6.7987 -7.2568 4.2712 -5.2082 -9.189 9.5247 4.4372 
-4.9969 3.0192 7.9279 -8.0584 3.9513 6.1498 -4.0796 7.903 -8.8905 3.6104 
2.4914 -9.213 -0.26612 0.089299 8.7971 8.356 9.7837 9.7351 3.4098 -1.0907 
4.5648 -7.2876 -4.9853 6.7011 -2.081 -9.8746 -0.88715 -8.5538 7.9542 -4.7188 
-0.036594 -5.2252 -6.9585 3.0604 -2.4754 5.2589 2.9018 -3.4359 -3.9873 4.7694 
6.9966 7.1872 2.449 2.402 -8.8806 1.6568 9.127 1.1071 -3.7042 -7.0151 
-6.1816 8.2896 7.1734 3.5156 -7.4389 -3.4626 3.2105 -5.8529 2.6534 -6.1922 
-7.5171 -9.8478 7.8149 6.5848 -7.9604 -3.6951 3.7251 2.2179 6.9791 6.6013 
-9.9442 -5.0764 -6.8584 -1.2328 5.1274 3.5689 -0.76697 9.6183 -0.60527 -6.2758 
-6.9409 2.1946 1.9346 -8.9156 7.3203 -7.0008 2.7163 9.2832 -4.1356 -1.5411 
0.68322 9.6903 6.6957 -5.5828 9.9319 -3.1633 -8.8304 -3.6691 -7.054 5.603 
0.21267 9.5862 6.2014 7.6332 -8.0304 9.4674 7.6593 9.5883 -2.805 -0.97342 
-2.2957 2.3839 5.9525 1.2951 -6.5486 -2.8146 -2.0729 -4.8897 5.1425 6.5321 
-3.7881 8.9664 7.5681 -6.1439 -0.30955 7.428 9.4285 -1.0739 2.4585 -9.9735 
-9.9289 -2.5248 -1.9713 -8.4378 8.7454 1.887 2.9437 8.7532 4.8669 8.6673 
6.3048 -5.4487 6.7577 -6.2035 0.19192 2.7472 -3.0607 -3.355 9.0075 6.1046 
2.7684 1.3637 2.5209 9.3072 -5.6742 -3.7987 -4.0442 0.39456 -2.7789 -0.90723 
-1.0332 1.2016 -5.8602 -2.4189 -8.9707 -7.2153 7.8125 2.229 -9.5681 6.1345 
-5.1183 -4.3779 -2.4716 4.6324 2.9991 2.6331 1.6281 -3.2204 -5.0079 -8.574 
6.0677 7.444 4.1752 -7.5524 -1.9401 5.9921 -6.925 1.8329 7.3525 -1.7112 
6.4794 6.9127 -9.4249 2.2272 -5.5835 -0.47537 -9.7521 -5.5368 4.9549 -6.4909 
7.0438 2.9596 -4.3377 -5.2568 -9.0399 -1.8767 9.279 -3.0244 -9.5104 -2.0565 
-0.65496 4.4734 2.4466 5.6157 -0.67091 -5.8686 0.279 6.0464 -0.31517 -2.0583 
9.414 -4.6652 -7.9344 -3.8392 1.4087 -5.5459 7.5892 -2.164 -1.5246 1.1425 
6.8249 -7.5602 -2.6027 -4.1397 4.5901 -5.1276 9.5424 2.833 0.038163 -0.57 
-8.429 -6.9829 0.022872 7.7251 9.4089 5.1242 -7.2225 -2.1441 -2.2212 4.4558 
-5.248 3.3581 -3.527 -3.4333 0.054238 7.4507 -6.4698 -7.1117 1.6405 -7.3178 
6.3514 -3.269 7.9098 -7.3741 -2.5268 -6.3429 -7.1213 -2.2349 0.96194 -8.8436 
-1.8834 2.3537 4.0398 0.56062 5.1009 7.7419 -4.9506 9.6313 -0.49279 0.56156 
-0.67376 5.5065 -7.589 -5.7356 -1.4539 -3.5684 -6.4666 8.5899 9.3383 9.4618 
9.0307 4.6587 9.901 8.1143 2.3786 -7.7736 -5.899 3.8927 9.8929 2.937 
9.3001 4.7257 8.8784 -1.546 6.6892 -4.4795 -4.9023 0.60958 5.8589 5.2054 
5.3057 -8.802 5.7476 -0.26367 -7.9788 -4.0812 -0.6202 3.7773 -2.4356 -8.8646 
1.4907 -5.459 2.4355 -8.3841 0.098835 4.4128 4.096 -8.6212 2.984 8.1911 
8.3185 -0.67441 9.0142 9.2555 6.3035 -7.94 -4.9468 9.4091 1.9912 7.2444 
-0.091352 7.9792 -7.7782 -0.41434 -2.3973 -3.4138 -3.7508 6.129 -9.5349 5.0328 
-6.6798 0.88481 7.5383 -6.567 -7.2926 7.2194 -2.9916 5.9312 -0.72944 -1.5132 
-3.48 -8.8573 5.3613 -8.82 4.537 0.45942 2.5427 8.8212 -7.5396 -1.5047 
-4.0713 5.8899 3.7015 6.1413 -8.0271 -2.5785 -8.7859 8.6522 -1.4429 2.9493 
1.166 5.497 4.385 -9.7693 5.2098 -4.9747 5.083 6.9411 -6.1604 6.5184 
-8.6505 0.18042 2.1247 -6.0494 4.0698 2.0473 0.59978 -8.9598 4.3454 -5.0341 
-8.6204 -9.485 -7.2895 4.2233 7.5583 3.1661 4.6798 -8.2542 -3.8481 5.3533 
-6.6643 9.5106 1.3553 0.034531 6.9221 -9.4046 -0.68067 9.7998 -7.8736 9.2774 
8.9488 -5.1526 -3.0734 6.4835 -3.4435 -7.1329 9.9693 8.7224 6.5885 -5.0506 
6.2218 8.0202 3.5653 -6.6603 -7.9763 9.9924 8.6952 3.8994 -2.1397 0.40664 
4.2091 -1.0323 -3.2176 6.899 3.8599 -7.4367 0.18582 5.3879 8.7233 8.915 
9.4049 -8.7441 -3.4335 -4.0216 -8.3024 -0.037963 0.15726 0.7487 2.4285 7.7745 
9.9685 -8.0148 -5.7104 1.6622 0.20701 1.7087 5.5966 5.4012 -9.3131 -5.8665 
9.7491 -2.63 -2.5643 9.4428 -1.2524 -7.5812 -4.9558 7.2952 2.2963 2.997 
-6.9983 0.27061 -1.1784 7.1862 -4.3509 -9.5237 8.3053 4.7896 7.5401 0.92406 
9.1696 -2.3986 -0.65949 4.4256 3.9605 8.9909 -8.2163 8.3556 2.6236 5.383 
0.60918 -9.9661 -4.7062 3.4383 1.3988 2.6258 1.1746 -8.9232 -6.2282 5.5411 
-8.5183 4.3515 7.8031 5.9795 0.06011 3.0422 -4.4422 8.5657 9.4619 0.48861 
-3.7636 -3.0985 -8.9919 6.0904 -8.9761 3.9781 3.0964 7.7929 -1.0552 -0.094486 
7.9034 3.1277 -1.0172 -3.0011 8.2565 -3.3327 -2.3842 -1.8407 -7.2277 -1.1529 
6.6954 -6.6133 7.9092 -9.5643 -4.44 4.9367 -1.2129 7.5887 4.0394 1.2874 
-9.953 2.423 8.2246 1.1241 3.8274 2.9767 -9.0646 5.5835 -7.3244 0.54655 
2.8042 -1.5078 -6.804 -5.2492 -9.0113 8.8063 0.65617 9.314 3.3513 -1.3158 
6.0637 3.5417 1.687 -2.7303 -3.5152 -9.6622 4.55 0.10796 -5.2541 4.5784 
-5.0974 -6.4238 -1.0618 -1.5497 -9.5883 -1.9287 0.93364 -1.5523 9.7244 4.1888 
-8.7176 7.7491 9.4684 2.6973 -7.809 8.6849 -7.5786 2.827 -5.5423 -0.8309 
-4.737 -6.8013 5.5422 6.938 -5.705 8.4183 8.967 8.2008 -2.0555 6.739 
-7.9456 -8.0431 9.1193 7.4288 8.519 4.7948 5.0394 -3.4628 5.4722 9.7759 
-0.32562 5.2288 -5.2603 8.9662 3.7427 -6.1837 -4.0213 -3.177 6.9584 -8.9596 
-1.6223 7.8815 -8.7258 7.8368 -2.6811 9.4613 -4.5893 9.6259 -4.4407 3.4961 
-2.3742 -5.0455 -5.4155 -7.6593 9.8656 4.3123 -6.7191 2.1896 7.5045 2.959 
7.7353 1.9447 5.6284 4.3384 -8.7137 -3.8068 7.3322 7.7773 -1.1609 -4.8383 
-1.5888 -8.4677 9.2966 2.869 0.25044 5.7679 -8.3944 -2.9433 1.0758 -1.2677 
-4.323 -4.669 -5.5059 -8.6216 6.1015 -3.7577 8.2746 -2.5399 -6.5388 9.7992 
-9.0364 6.9266 7.6963 5.5211 4.6043 5.7961 1.3106 -1.0423 -2.2438 -3.1339 
-5.6167 3.6811 8.9367 -3.732 1.9491 7.8614 6.3934 -0.83924 -7.5023 -8.1575 
-5.2165 -0.25161 -6.2567 -2.869 -7.7474 -9.9796 6.0353 -3.5385 4.4123 2.8714 
-9.4148 -2.8643 2.418 -7.5748 0.93192 -7.6835 5.6947 -4.5706 9.8728 2.4873 
4.0462 -5.7333 7.2514 -4.8605 7.7638 -5.7288 9.5651 -8.5863 -2.673 -1.1912 
-9.8473 -5.4232 -3.8237 -2.1414 -4.8959 -3.1853 5.9148 2.1831 -6.7992 0.37904 
2.2184 5.2956 -6.5603 9.5307 -2.0885 -8.8067 0.27818 7.1931 2.7817 1.2277 
-1.8382 -2.0771 4.4828 -3.3518 -4.9081 5.7753 -6.2008 -4.1012 5.6942 1.3849 
-5.0211 6.4532 1.7223 1.1458 -1.5655 -8.3758 -5.7294 9.6747 0.75833 3.3997 
3.0492 0.50056 -0.87463 5.3977 3.4077 -6.5246 -5.5001 -2.0786 -8.9427 5.4418 
-3.5945 -7.9452 -0.92351 1.016 8.4613 5.2291 9.915 6.9812 -8.2179 -9.3019 
-7.9266 -9.0323 -7.6338 -4.2381 -6.4231 -6.3324 7.9955 -3.4773 6.9305 -6.648 
0.7113 8.7776 -9.9889 -0.3462 7.9631 -7.142 6.9683 9.3598 -6.0983 8.3583 
-6.7026 2.2947 8.0845 3.3088 3.7134 5.1574 0.38 2.2663 -9.7523 -5.2863 
7.6688 9.8379 -6.8237 9.0259 4.4234 -6.418 -9.6319 8.4158 -2.505 3.4494 
3.3291 -0.46444 6.9215 8.1572 -2.1748 8.7589 -8.844 -2.6811 9.8169 -3.6596 
6.9548 9.6532 -0.46624 6.9676 6.4843 -5.8349 -9.9581 -9.6625 -3.7116 2.4746 
5.2532 1.4413 -3.6789 5.3191 2.4625 -4.2976 -0.54789 0.25278 -5.7753 7.1374 
6.1403 -5.3501 -7.4665 -7.3408 6.6315 9.5743 -6.6423 7.826 2.4936 -1.9891 
2.659 -7.6597 3.4485 3.2238 -8.3034 -0.4949 5.4233 -8.1045 9.9684 0.80183 
4.2085 -7.3925 8.3021 1.9162 -9.4822 -4.6098 -9.992 0.46889 -6.575 8.6601 
3.7733 4.8365 -3.1512 -1.3711 -9.7858 -9.1825 -3.3626 1.7428 -8.2114 -4.0473 
-3.581 -7.2337 -5.918 4.4905 6.1196 5.096 6.9096 -2.0269 -7.0268 -4.666 
0.63297 -6.257 1.4926 9.2146 -8.0593 -5.0897 -5.5942 1.8633 -1.9805 6.624 
7.4639 -2.0705 0.84544 -8.7653 -3.3023 8.0947 -5.8685 -4.1943 2.3383 7.5376 
-8.9092 -3.2801 -2.4526 -4.5212 -1.7798 -0.79215 9.2116 -0.46475 8.2571 4.1345 
0.0080155 -0.82564 -8.2764 1.3425 9.8338 4.4428 5.0652 -7.7699 5.2977 4.5265 
-1.3447 -7.9417 -1.6141 5.467 9.6342 -8.8232 -0.68499 -7.534 -6.7701 2.7091 
8.0856 -6.5906 2.8257 -5.4277 -5.6239 -9.7641 -3.8433 5.5481 6.4299 2.8787 
2.6037 2.828 -7.4802 -0.067884 -2.5992 -1.9949 6.5593 3.1124 1.3318 -2.8373 
9.6607 5.7536 3.6706 -5.7343 -6.162 9.9026 -0.42257 2.233 1.5418 -2.6065 
1.704 -2.5528 6.628 9.4525 -6.4217 8.7066 8.2185 -4.5872 -8.9657 -9.0425 
6.8127 -3.8681 7.1002 -4.0641 2.3608 4.4827 8.3217 -0.50359 2.2774 -9.67 
-0.62372 7.9528 2.0209 3.7184 8.866 8.8185 9.104 -5.2726 3.2674 1.1266 
0.90445 4.4879 6.0633 -2.582 -6.8156 -4.45 7.7275 -7.9586 6.8581 -0.95027 
-6.4179 -1.8659 4.5026 -2.278 6.9322 -2.108 -6.9348 8.9508 -2.1083 4.0973 
2.6892 -6.2727 4.0236 -2.3957 4.8137 -5.2299 -2.4429 6.6385 -5.2368 3.5594 
9.2592 -8.9683 8.7669 1.106 -2.3122 5.523 9.5514 -1.1571 -1.3462 -4.9046 
0.68028 8.8793 -6.2227 -3.4103 -4.789 -8.6482 9.8134 -0.24967 7.7951 -0.14184 
-0.40771 -1.5876 8.0829 -4.8937 5.6832 -0.085729 -5.3579 -5.3188 -5.7944 -6.7624 
5.8733 1.9229 8.469 7.3093 -3.519 -8.2501 -5.6636 0.14704 7.9118 9.1075 
-8.1457 0.27088 4.495 -8.4806 -2.4232 2.4312 2.53 6.6859 8.5965 -5.9373 
7.616 7.9165 -2.5182 7.3052 9.0345 -3.6667 -6.8864 -8.7165 -8.1285 -6.7462 
-9.9225 -6.2833 4.0436 6.7303 -1.2052 -8.1565 -2.6636 8.4158 2.5264 -5.0071 
0.23058 -8.13 -6.3332 -0.65484 -0.09582 8.379 1.3701 5.255 4.6556 3.876 
3.5693 -8.8689 8.8014 5.4307 -8.8275 -7.2295 -6.1321 -5.768 3.1593 9.7304 
1.315 -9.0473 -5.4475 5.2052 -3.8174 9.9572 6.1095 5.1318 -8.8267 -0.20583 
-0.43083 3.6544 2.0286 -6.5467 -7.4396 6.9019 -4.9032 9.8152 -2.0512 7.0343 
-3.5897 -0.4899 -9.4674 9.2751 -9.6058 3.7491 8.3014 3.0341 -8.2097 -0.54194 
2.0316 8.5403 5.6159 7.6118 -7.3035 8.635 7.8001 -2.252 8.9187 -8.6322 
8.2631 -1.7727 -4.0194 2.0282 -3.9957 1.4388 6.962 -2.0988 8.9634 -4.7988 
3.6504 7.4001 -2.9134 -9.567 -5.3457 -4.2347 -3.8838 8.1289 8.501 -7.1848 
8.9347 4.2 -6.9828 -6.3641 2.9319 2.14 -4.6882 1.7866 -2.6253 7.8135 
-8.0182 8.8473 -1.0702 -4.0233 -2.4315 -0.77779 -9.5327 8.5561 -8.8136 4.4103 
0.22058 -0.39657 6.9777 0.86571 4.9067 -5.2643 0.70053 -5.353 2.4492 -4.3468 
-7.7974 -1.3078 8.0429 4.1163 -6.5167 6.6073 -7.1667 -1.31 5.1967 -2.4523 
0.90524 0.24145 -1.5257 -9.3029 6.1707 -4.4003 8.5443 -0.10095 8.7165 7.1035 
3.7757 0.4898 -4.5635 -2.6791 -9.6623 7.4825 -3.4347 -2.6486 -4.2365 -0.2802 
-7.0517 -0.61898 4.1013 1.4525 1.8951 -7.8716 -8.7425 3.0164 6.2 6.8877 
5.5512 9.1709 3.5726 -3.2803 -3.998 -6.9541 8.796 -5.6647 -7.4938 -0.84582 
-2.019 7.122 5.5534 -4.968 -6.7943 4.4156 2.3997 6.6893 -1.8685 -2.5587 
7.966 -3.8893 -2.0887 1.2794 -9.6356 -8.8368 -7.5174 -7.2559 7.49 -7.6368 
-3.8591 4.4064 -9.4977 6.129 6.487 -9.6106 -4.8236 -8.5523 4.0876 -5.6039 
-8.779 7.0924 9.1905 8.6194 4.3589 -3.5691 1.5628 -7.7312 6.3046 -0.39008 
-5.6106 -3.8462 -0.54228 6.6975 5.3962 3.6233 9.7556 1.1527 0.80475 -9.4592 
-8.3433 -6.8639 7.6959 8.1212 9.5383 6.5456 7.7744 -4.0071 -5.4056 6.2076 
9.0079 -8.4579 7.3502 1.499 -3.825 -6.1586 5.1579 -9.7884 7.2097 4.7766 
-9.6726 4.9618 7.2281 8.9357 -4.507 8.3599 -8.4288 -6.9268 7.9448 -0.37774 
-7.7066 0.68426 -2.4217 -9.1768 7.682 0.26687 -5.5884 1.4372 -9.583 -8.9812 
-9.7518 -0.92162 -2.4819 4.4405 -1.724 2.9851 -4.075 -7.8018 3.0115 -5.4467 
-5.6755 5.8485 2.311 2.6945 -0.44812 -3.7943 1.2837 4.2954 -7.7246 -0.33567 
-9.7714 -5.6245 3.2653 -6.034 4.5803 0.7746 7.6617 6.5187 -6.831 6.0966 
2.849 -3.8698 -4.1154 4.139 -6.9814 8.8052 -4.4367 3.1443 -0.22552 5.3745 
0.33982 4.6307 -7.9307 7.7728 -1.6501 4.8883 -7.9822 -4.7971 4.8216 -9.2142 
-5.0892 -0.80148 -9.5786 -8.5533 -5.3094 -7.735 -4.6748 9.9366 3.393 -8.0973 
-6.1251 -1.8991 -7.0282 8.8049 -6.5732 5.6423 -2.3805 8.7019 0.81436 -0.054969 
-8.1826 -4.9663 -3.3464 2.498 8.6759 7.3321 -6.8197 5.6421 -9.8246 3.8717 
-2.6312 1.6229 -9.3239 -3.6951 1.5097 -0.1134 -5.8957 1.8434 3.6081 -5.5298 
-9.8441 6.1665 4.6546 1.2239 -3.8226 6.8772 -7.6157 -4.1257 7.2416 1.8591 
2.054 -8.9913 -1.137 -8.2783 -7.5323 -6.0368 -9.8826 2.1996 0.93525 -3.0687 
-0.42291 -7.0251 -1.9133 -5.0697 3.9597 -1.7731 -8.7615 -8.1774 0.80548 2.4343 
-3.8376 -0.1718 -8.1521 -3.0464 9.1923 0.9472 -4.8695 -4.767 -7.5093 0.69715 
4.8889 7.8339 6.5901 7.2918 -8.964 -0.31697 -4.7769 -0.98356 2.4622 7.1476 
6.787 -3.7396 8.5432 -8.0126 4.2171 7.1097 -9.7516 -4.8712 0.77543 -5.848 
-4.7514 -4.3435 6.455 4.7661 7.3614 1.2616 2.3546 -5.4719 -4.8552 -4.8882 
0.28476 -8.7058 -7.6481 -4.357 4.8396 7.0296 -2.6665 -9.7342 -0.069687 0.16181 
-1.0645 -8.7897 -6.596 -7.595 9.3482 -1.2254 -1.9583 -5.9233 3.2624 6.5759 
-3.1758 1.5817 5.889 6.6848 8.8273 -3.0326 -3.9293 0.97854 6.2761 1.5618 
6.7828 6.7393 -2.4157 5.2848 -6.5552 -2.006 -6.3223 8.0673 -0.062178 -6.8871 
9.6499 -3.0521 7.8476 5.3138 4.2185 -3.5644 8.6352 3.6762 -7.2257 7.6555 
2.5293 -3.0314 2.5683 -8.104 1.7684 -6.0124 -9.7425 -2.8883 -8.5159 4.7235 
-6.3745 -9.1695 -5.0555 4.215 -2.6005 -1.4036 -6.7298 -4.7249 -2.3507 9.0887 
-7.5397 -2.1736 6.3721 -0.73705 0.093691 7.6668 -7.6035 7.1051 -9.112 -6.0164 
1.5994 7.3261 0.95068 -8.1159 6.646 1.9778 -6.4143 -7.3747 -7.9074 0.48624 
-3.4293 -9.4948 -5.9472 1.6922 -5.5955 5.8227 5.7683 -3.5765 -7.6306 0.92888 
-4.6363 -6.5724 7.2956 6.4165 9.1381 -9.0792 -8.7625 -5.5185 7.3138 -6.7028 
1.0048 6.6186 -5.5549 -7.0897 2.8049 7.5386 -3.4843 -5.5823 -0.3593 -7.4981 
-6.3897 -9.7434 2.024 7.3388 1.5222 -5.9243 -5.1697 7.0363 -7.3976 2.4824 
3.5698 -0.66621 -5.0715 9.3924 -1.1197 -9.5666 6.0374 -7.8108 -2.9336 -0.096373 
-8.8862 6.6325 8.0604 -8.0878 1.9922 7.5503 -8.8765 4.453 1.6888 -6.6953 
-9.3189 8.0053 2.7412 -2.2414 -3.8414 5.4839 8.2162 9.7048 -3.0867 7.6061 
-4.2696 0.14106 -7.1113 5.3886 7.407 6.9356 0.97479 -1.5458 8.0323 -4.188 
-8.4522 6.7746 -5.3225 -4.1016 -3.3105 8.8284 -9.4992 2.953 9.5192 -0.33274 
8.0114 1.3531 5.7039 7.5176 -3.7648 0.58134 6.8154 9.0397 5.8621 0.88011 
6.9321 5.4792 7.4194 -6.9418 5.1793 -8.4053 -0.99666 -6.0188 2.7906 1.7594 
-2.086 -3.7456 1.077 9.0106 -4.8172 -9.5241 0.44911 -2.7617 6.7096 -8.3353 
-6.6157 -7.8482 7.9555 0.92316 -7.3896 -7.4586 4.5915 -2.6966 8.8404 -1.9922 
-1.391 3.8916 8.9666 6.8198 1.5599 2.4665 -8.2029 -6.2226 2.8482 -1.9794 
-1.6756 4.835 -4.014 6.6104 -7.3343 -8.8875 -9.2346 -5.1203 2.9307 -7.7672 
4.5753 -2.0614 -0.010091 -2.1745 0.6224 -5.3091 -3.0975 0.12004 6.7034 3.4495 
-1.8705 -3.0683 -2.1266 -4.7389 0.83942 1.0176 9.9565 4.6162 -7.1371 -0.95582 
9.0361 -8.9128 8.981 5.4723 -4.6757 -0.10098 8.3298 -1.3211 1.181 -9.3609 
8.2397 -2.5027 8.7922 6.6634 1.724 3.0891 -8.6978 -2.0688 -4.3367 4.1813 
9.0283 -2.6629 4.6708 -4.6137 -5.3046 9.7449 -5.9771 -3.9259 6.9311 -0.56523 
-3.08 -4.3165 -2.9945 4.9472 -4.379 -9.3532 -6.3707 -1.214 -7.1965 4.5304 
-4.1951 8.2878 -3.228 2.3234 1.3201 -8.842 8.9537 -7.3003 -6.9084 -4.77 
7.734 3.2029 5.7791 -1.869 -0.99287 9.3407 -7.017 -6.315 -5.4021 -7.9923 
-5.7994 -1.4893 5.8876 3.1019 6.891 -3.3601 -8.2163 1.1033 -0.67636 4.7781 
-7.3825 2.502 -2.9681 -0.86083 -9.2616 0.64846 -8.128 -4.7208 -0.39372 -9.9798 
0.41032 2.0024 -3.3152 4.985 -6.0884 8.0678 -1.4521 -0.32209 4.5142 8.5566 
8.1093 9.6102 -1.8908 -7.9317 -9.5734 6.504 -5.7889 -8.2106 6.4444 4.3768 
-1.9494 5.2866 1.1908 -6.7921 1.2527 -4.0308 0.9836 8.6966 -8.5853 -2.6486 
-5.6848 4.378 4.0289 1.1206 -8.9233 2.382 -0.62059 -5.8645 1.9019 -3.8089 
-8.4252 7.6132 6.5375 -1.6971 -3.276 8.0035 -8.2797 -3.5531 8.3436 8.4273 
8.6612 -9.787 -0.65654 -3.3642 -0.83038 7.7132 9.8504 -2.415 5.6773 3.1787 
2.0574 1.4307 -6.3799 -5.7054 7.504 -8.4314 8.2021 1.8126 9.2704 -5.0377 
-2.4502 9.4321 9.4735 5.4371 3.7917 2.5734 -9.2511 6.808 9.4128 -1.6855 
3.2986 0.6726 -4.946 4.5492 -5.3646 8.5309 -6.5232 -0.43078 -3.8872 -2.5576 
5.8438 -8.7457 -0.67885 6.8346 -0.22628 4.2044 3.0583 0.85737 4.1801 6.6871 
-3.3302 1.2939 -9.2934 -6.9543 3.1377 -0.92663 -8.888 9.2412 1.5266 9.635 
3.8532 -5.4375 -7.3275 6.3241 -5.8678 6.4798 2.875 -4.8368 -0.49859 5.4264 
-5.9237 -1.1884 -8.3816 -8.1278 9.5734 -7.0599 -2.7748 -4.6617 -2.0543 -9.4154 
9.1743 -8.0219 5.6963 0.5532 8.427 -4.3841 -1.965 7.037 -8.4336 -0.50659 
4.2366 -7.4577 -6.3988 -6.5827 -7.6784 4.6123 -0.5155 -9.4898 -4.7685 -9.2019 
-6.6619 6.0326 -3.4801 2.7134 8.7762 -1.7977 0.3582 0.62856 -6.5298 1.9598 
-1.1445 -4.9023 -4.0905 -7.0691 -1.733 -1.8725 9.297 -6.1374 3.0613 -4.657 
2.6599 -0.0014307 -7.9335 8.4287 -5.2606 8.2534 -7.3195 -4.1505 -2.2802 -5.8589 
8.5993 0.45991 8.8456 5.1457 -9.4723 5.1139 5.777 9.812 9.7045 -4.928 
0.58662 -9.6079 -5.8697 8.5803 2.2018 -0.26119 -3.2461 3.5512 -5.4821 7.0 
2.5295 7.5403 -1.3769 6.7457 8.3396 -5.2514 -0.61727 3.7186 -0.87167 -3.9014 
3.6164 -0.79794 -8.9908 -9.739 2.9189 -2.5356 0.5565 7.4131 -9.1247 5.7523 
8.464 9.5988 3.5159 -3.5355 2.5352 7.5776 7.3297 -4.9426 5.9856 -5.8979 
-6.9433 1.3895 -7.7868 -4.1842 -5.595 7.0375 5.1882 -9.4676 1.1733 9.4823 
-1.8856 7.4861 -1.3202 -7.6975 1.0462 -8.0915 5.1607 7.9089 -1.2449 4.9071 
-3.7505 -5.1695 6.6949 7.0056 -0.60184 -5.5347 7.2257 -2.0089 -5.3287 1.2083 
3.878 -7.6488 -8.0644 9.578 1.703 4.8966 6.3796 -3.7377 -8.7178 4.6789 
7.8138 -6.9719 5.6884 0.62206 0.54182 -1.2342 -2.1914 4.1263 1.7458 5.9674 
-0.18658 -8.8101 -1.9553 1.0379 4.9049 7.3069 -5.6073 6.5977 8.2845 -1.3524 
6.1165 -5.9959 2.9112 0.73167 2.369 -8.1231 2.4609 -0.90419 2.0301 -6.3981 
-3.4712 7.3648 2.2142 -3.4786 1.4943 5.804 8.0058 3.1412 9.9715 6.2666 
0.99758 5.4175 -9.7108 1.041 -3.4912 3.7304 -1.8129 -2.6715 2.2096 -7.9626 
-2.2243 8.6374 1.7073 -6.4139 1.5943 3.5499 2.2552 9.9337 6.6138 -5.103 
7.9366 -8.3849 -1.5717 0.67318 -9.0501 -3.5015 9.7602 -6.0712 -5.231 0.33301 
3.5224 -8.6022 -9.2932 -5.2906 -7.0109 -1.5392 3.7074 2.9776 4.9558 5.6521 
6.5679 9.5461 3.1852 -0.97198 0.93669 -9.8365 -7.7131 -8.886 6.8679 -7.6522 
-7.7982 0.43403 5.5734 -5.1297 7.3044 -9.8362 -1.0169 -3.8636 7.0758 -5.3602 
-4.4155 5.754 -6.4701 7.1102 -6.636 1.8605 6.2114 -2.7034 9.339 -6.323 
5.3527 -3.8049 8.4017 -8.9859 -1.2736 -9.1435 -8.935 -0.84604 6.0482 -8.9165 
-5.6789 -7.6297 -3.4707 -6.147 -5.8883 -8.0539 2.4478 -7.4481 0.45998 9.1747 
-9.3188 -0.29144 -4.3564 7.8824 4.0144 -7.3927 8.264 6.9654 7.9229 -1.2573 
-1.269 -1.6944 4.0405 5.5265 -4.9486 2.8868 -9.1419 8.7383 -4.3887 -0.49047 
8.7373 8.3168 8.7767 -7.3158 -8.3137 5.253 -5.775 1.3407 8.6268 3.6173 
-4.7582 -6.8108 6.603 -2.8615 -8.1414 7.4115 6.8011 -4.3867 0.48366 -2.9246 
1.3949 -5.9278 -0.89991 0.93273 9.7556 0.33139 2.8391 -3.1488 -2.036 4.1027 
-2.8089 -6.9982 -1.8884 -7.2828 9.651 9.5101 -9.8297 2.1056 1.88 3.8194 
-9.4632 9.1539 9.7752 1.2241 7.6794 2.9966 -9.49 -1.9548 4.4364 9.1315 
0.0083838 4.9736 -4.4228 -1.5679 5.2154 -2.8188 -6.8299 -2.181 8.5649 -9.6187 
6.5403 -5.871 -4.001 -2.458 -7.6298 7.8148 -9.9695 -0.95608 -2.3859 6.0936 
-4.8204 3.314 -1.3226 1.5077 8.1617 4.385 -6.7064 3.634 -8.6734 6.4091 
-9.0823 -5.6087 -1.2035 7.0872 -1.2397 0.79205 9.8954 -5.684 8.5027 -5.1397 
-5.0706 -1.014 -0.41447 6.9106 6.5326 -8.6882 -0.40718 -3.1588 1.5743 6.0441 
3.2146 8.8075 -6.2089 5.7831 -8.1996 9.4813 -1.0299 3.9428 7.8014 9.3005 
-3.4118 1.6388 -0.052389 -6.9966 -4.0763 -9.8778 2.7451 8.4689 9.9741 -6.2016 
3.1899 -7.0455 7.5446 2.3226 -3.1795 9.8691 -0.38681 3.7303 6.2589 -6.4495 
-9.7399 2.5906 -6.2151 -6.4808 -4.8421 -2.2054 -7.3986 2.7335 -2.9725 3.9559 
4.3614 -6.3139 -9.8714 -0.73125 5.3095 6.7182 0.56684 4.381 -6.0914 6.9191 
-2.1776 -8.3421 -5.6739 -9.1164 0.31697 6.0976 -1.6307 -2.6085 1.5603 -4.3551 
-9.3299 -5.7214 0.85684 6.8758 -4.3784 7.275 9.2112 2.5849 9.0035 0.46464 
-1.8797 0.52872 0.58135 0.70305 -0.61393 7.1259 -6.1412 3.3515 -6.9381 -8.4186 
4.3262 3.3341 5.0804 8.4457 3.9629 8.4465 7.4454 -8.0046 -9.8621 -3.6936 
8.4267 -0.82002 2.8914 4.6356 -2.4253 7.0183 4.7434 -5.617 -1.7676 -2.2852 
9.6803 -5.6908 3.6496 -2.1333 3.636 7.6774 1.4731 -6.7631 0.12256 -3.546 
9.6684 -5.5945 4.2388 2.2818 -1.6972 -9.7278 5.6648 -5.9782 8.2154 4.3998 
7.9261 7.8018 -0.40168 2.1675 -9.8696 -5.6156 6.6064 7.1049 3.5533 -3.2121 
7.3141 -3.9689 -4.3204 7.9233 8.9182 -6.0055 2.7787 1.1319 -9.5291 3.0384 
6.0192 -4.9988 -7.6359 9.3993 6.6137 9.1584 0.44006 -1.2495 -3.5801 -4.5589 
1.0996 7.9323 0.71326 1.4914 7.3928 -2.306 1.9082 -1.1104 7.4741 -4.5938 
-1.6226 -7.6054 0.94244 -3.2018 7.2426 8.3785 -3.7273 -7.264 -4.6846 -7.0867 
-7.4575 3.304 6.4537 7.5945 0.42507 4.9966 7.1659 -6.9455 -4.5053 0.018045 
3.0924 -3.4506 3.8371 9.1353 3.1053 -2.2708 -5.0503 5.4481 6.3491 5.2586 
7.2793 -3.4781 4.1617 4.8699 -7.5726 9.1265 1.8554 9.5687 -0.62669 -4.3958 
-4.508 6.5098 -6.3299 8.3933 4.2231 0.3429 -4.1384 -1.4261 -3.6838 -3.4042 
6.8033 1.0042 -3.57 3.4775 5.667 -7.2351 -4.2976 0.03904 -6.6781 6.7653 
-8.5849 2.8956 -6.7643 8.7506 -0.21495 -2.0606 -8.1042 9.9608 -4.1418 -1.9474 
-2.4242 6.9026 4.8374 -7.2133 7.829 7.4302 -5.5086 -2.0402 -0.093264 4.8879 
-4.6366 1.9 1.3343 0.3676 -6.8945 -3.846 9.0869 4.2883 -2.3764 1.518 
-6.9416 -3.3803 4.8918 -0.33925 5.1756 4.0428 -8.3835 1.6772 5.1764 2.6032 
2.62 -5.7718 -4.2447 -0.82493 -6.1448 2.0891 -8.7671 8.6713 8.2528 -2.4663 
-3.6725 2.5138 -8.1194 4.8746 3.8301 3.4396 8.9208 3.6536 -7.5728 -3.6673 
9.1822 -4.7388 1.6391 -0.030271 9.3151 -2.8173 4.1401 8.5839 -8.008 -6.7221 
-0.02652 9.513 -8.2961 -6.8865 -8.5771 -0.54509 -5.4221 -5.9894 -8.915 0.88339 
4.7722 -6.7729 5.4995 3.4252 8.1176 1.1362 -8.3433 8.9208 8.5627 -9.533 
-9.7449 5.8908 4.2308 6.1621 -8.2569 -2.945 6.6697 -1.4152 -8.639 -0.55496 
2.1071 8.4887 -9.5808 2.8347 0.14605 0.15111 -5.1034 -5.7192 9.6734 2.0793 
1.529 -0.67385 -5.8052 -1.1904 -2.9202 8.9406 -8.0469 -4.014 8.3106 2.9651 
6.1476 2.2713 3.5477 -4.8098 -5.3725 -5.2299 -6.2225 -8.3553 1.2082 9.5791 
3.0994 -1.7902 -0.93739 1.7399 5.4221 3.9708 4.7715 -5.2269 3.6885 -4.2108 
7.5646 9.3845 -0.13566 -3.7593 1.2311 1.7532 1.8305 -3.9929 -0.11612 -7.9568 
8.0475 3.064 -2.9464 6.4689 -4.1893 0.46792 4.8862 0.61797 -0.90935 7.1525 
-6.9553 5.4282 2.238 -3.4162 -8.1889 -4.3218 2.7155 -7.8584 6.1557 -3.7976 
-6.1484 -1.6965 -0.86261 1.1833 0.48545 3.6002 8.1434 -0.61063 -4.4418 6.6561 
5.8195 -7.0186 -4.1024 8.1345 -3.1374 2.7971 -9.6223 2.6172 7.8085 -3.1161 
-8.7859 -0.11362 6.7548 -8.8496 5.1946 -4.1248 4.9526 7.1579 -3.1359 -7.3456 
-2.2035 6.9739 -3.0455 3.5876 -8.4179 3.5987 -8.3918 4.9446 -6.6587 0.46901 
-4.0007 3.5557 9.4034 4.1594 0.75773 7.7467 -6.4246 -6.7311 -9.9822 3.3976 
4.6836 -1.0814 -1.9505 8.9786 3.675 8.2137 5.4155 -9.3134 7.1788 -4.5834 
-7.9158 -0.058453 0.48803 9.1448 5.2061 7.9547 9.1236 -3.0729 5.3954 -2.3287 
5.8515 -6.8774 0.20714 6.3162 -1.4931 -9.6165 -0.96898 6.251 -3.6094 -4.772 
5.6546 3.9573 1.4519 7.2778 -5.0468 4.6419 2.7584 9.3985 2.3384 2.3152 
0.64795 -5.9062 7.8682 -6.6489 -6.166 6.2246 7.0271 -0.010677 -2.9232 -9.6853 
-4.933 3.5475 -2.502 -3.459 -3.6221 -5.5898 -6.0873 -2.1449 -1.155 -7.9829 
-8.5809 -7.5098 9.3602 5.4611 -2.029 -6.9638 2.5585 0.11749 9.1991 9.1923 
2.5161 1.9094 -2.9343 -9.3088 -3.3173 9.1283 8.6023 4.3297 -9.4951 0.40334 
-9.5064 5.4584 -6.3211 -9.2311 -4.8939 6.0212 -6.1372 8.503 -7.1345 -3.5811 
-8.7592 1.5916 1.3012 9.9242 1.7549 -5.6777 -7.0666 -8.7298 0.82136 -1.8073 
-7.4078 3.6787 3.8673 -5.5969 2.9945 4.9855 -6.8442 -2.5209 -0.8087 -8.3785 
-0.98772 -1.4539 0.39236 3.3321 -0.51805 -8.3402 1.0528 4.4045 7.4932 8.1151 
3.4467 -4.4639 4.1562 -0.88993 -3.9788 -8.3247 8.5233 -1.5615 -6.4981 7.62 
7.1222 9.5608 8.113 -4.5444 2.458 -2.6434 -6.8915 -2.5631 -2.4211 1.0928 
-0.031092 9.2983 7.5385 -4.1356 7.8201 8.8883 -6.4815 -6.8014 2.7566 -3.873 
-9.0243 4.5611 -4.6477 8.6548 7.4866 -6.5392 7.6097 2.756 -3.1436 8.0848 
-3.7234 4.4955 8.4091 7.3143 6.6253 6.3494 -7.7768 -3.6369 8.9424 -5.4039 
2.8326 2.8993 -6.2127 -8.0431 5.7261 -4.7937 0.54487 -3.4301 4.7672 2.2316 
5.7277 -8.283 -5.2334 -7.3237 0.61278 -9.8745 -1.5107 -7.4762 6.7113 -6.9842 
-4.217 0.55808 0.76853 3.4654 -9.7956 3.1087 -6.8735 -4.7661 8.5237 -3.6161 
-0.04264 7.0309 -7.3253 -1.6976 -2.106 -7.9219 -2.1876 8.3894 0.1191 -3.8905 
6.3687 -5.8003 -5.4539 0.20355 7.5919 2.5974 -4.6742 -4.5077 -6.2112 5.6601 
1.9026 6.5348 -4.8694 -9.9045 -9.6411 6.3911 -4.7924 4.4672 -1.6185 1.3103 
0.72849 -5.8718 -3.6522 5.6573 -7.7591 3.673 -6.2732 6.7142 4.6989 -1.32 
-3.3825 -0.49009 -7.3403 -9.7533 -6.1746 -3.9631 -1.8026 -6.9961 0.2891 -5.9086 
-1.7662 -4.0014 -6.72 3.6241 2.8253 4.1586 5.2584 -9.7158 -4.5574 -6.2174 
5.8801 -3.1006 -4.5756 7.9673 -0.44971 3.2099 3.8823 6.4713 5.9591 3.8692 
-3.1358 8.559 -3.0954 9.2365 -5.5034 8.384 -5.7451 0.87604 -9.7178 -5.783 
-0.74787 -9.3976 -5.9405 -5.3173 0.53418 8.0051 -8.1816 8.5409 0.14802 -8.1236 
-2.6435 4.4007 -8.5696 -2.3462 3.6287 -3.5354 -1.6566 -8.3919 -2.4157 -5.382 
3.5914 -2.4757 7.4696 1.5501 4.8842 -3.34 7.3347 -2.8461 7.1006 9.7335 
1.3556 1.7606 -6.9625 6.329 6.3654 5.2078 -8.6234 -5.8598 0.13858 4.8552 
3.0355 -3.4011 5.8857 7.5863 8.408 7.9653 -8.0957 2.8869 8.4241 4.6689 
-0.17773 7.2985 8.9273 -6.7406 7.1585 3.524 -1.4833 1.8976 -9.7006 -2.8029 
-2.0308 7.0991 -2.9713 0.92932 0.50337 -3.9162 -6.5238 7.8904 -9.7448 -2.156 
-0.45032 0.96199 -8.8215 -9.3803 -6.4844 -9.3065 2.359 -1.5309 -4.2676 -3.5113 
-8.6682 -9.1317 8.4277 1.9075 0.91128 -6.6448 -6.5333 -4.2021 -7.0945 7.1605 
-1.7794 0.67161 5.5431 7.7986 7.8863 9.3696 4.7148 0.6145 3.7515 -8.4329 
9.3818 6.5054 -5.0163 -0.38208 0.99403 -1.3728 9.6438 -0.42822 2.4197 1.0879 
5.6144 1.3255 0.63406 -4.7617 -3.6834 5.819 -9.7429 -5.1056 2.9892 8.4009 
4.5804 -5.6153 -8.528 -6.3528 1.3366 -1.1274 4.018 9.0357 -5.0293 -3.6784 
5.313 -3.5332 7.0319 7.3563 -0.1389 4.3702 -8.6892 -5.8308 7.3928 3.8032 
5.1316 -8.6991 5.0264 8.326 -5.4828 -6.7895 -1.3549 0.59972 1.3467 -6.7322 
6.8654 -2.5235 -6.4717 -5.6676 9.9447 2.6834 7.2797 4.1352 7.3246 3.9748 
5.4031 -4.8295 6.5241 8.8925 9.8336 -8.6161 8.6489 -8.582 8.2726 3.8087 
9.5732 -4.7879 -9.3261 0.68713 6.6166 0.11036 6.1172 0.45322 -1.3661 8.1129 
-7.7728 -0.55029 -9.6411 6.7856 5.4302 6.8279 5.3173 -8.6253 -8.5796 5.4251 
-2.0785 -8.1033 4.2978 9.3493 6.1463 -9.9623 -3.3855 1.5686 -7.6918 6.9307 
-0.15879 -8.7371 8.4872 9.7699 2.7466 2.5314 8.7411 5.2209 6.6917 -8.3738 
-4.8381 6.3296 1.0977 -2.6312 -7.1703 -8.7136 -6.2819 7.8261 -7.6886 3.4801 
-9.2607 -8.631 6.5769 0.49805 8.2287 8.5979 -9.0208 7.7665 -3.9414 -5.0856 
9.4876 -4.0473 -2.8639 3.0383 -4.6064 6.6623 8.7255 3.3262 -4.8588 -9.2104 
4.5285 5.7514 -3.8644 -6.9357 9.843 6.4271 0.76661 -1.7365 4.9423 2.3737 
-7.0407 -0.87255 3.4767 -8.2443 -0.82494 5.2957 9.0548 -2.4126 -0.12252 -6.7717 
-7.0421 8.2035 -8.8767 -5.058 2.712 3.9493 -2.2364 1.7697 -1.7791 4.8829 
4.0965 1.0134 -3.4638 -7.2413 3.2097 5.991 6.0149 -3.8306 -6.9478 -8.1374 
-2.3801 -1.4156 7.6656 4.3521 -8.9182 7.9851 -8.7588 3.6644 -2.9916 5.6242 
-8.4718 -2.0189 -1.7783 -9.7263 -9.1417 0.39549 -3.9166 -9.7376 4.2636 -5.3772 
-1.7832 -8.7341 0.043313 2.367 -4.4515 -5.3384 3.8688 -7.1599 -8.7082 -1.2238 
-7.1402 4.3238 -2.8551 9.4786 -8.5151 -9.9063 9.4012 -3.2496 9.0955 6.0691 
5.9784 4.3985 9.7769 1.7262 2.6439 -2.3944 -5.5289 -9.0042 7.9718 -8.8306 
8.605 4.8235 -0.70214 0.096804 -3.0522 1.0003 8.7218 3.2682 -3.9698 -4.3061 
-9.9056 3.7875 8.9364 -6.9235 1.281 -1.2006 -8.1881 0.98043 9.64 -0.17064 
3.0008 -4.7917 -7.9953 3.2629 -9.9339 2.123 -3.3814 9.1167 4.176 -2.6304 
3.5706 -9.8026 -3.6087 4.1837 -8.5016 -8.1324 -9.6287 -7.4649 -8.8486 -1.2566 
-4.9275 -2.998 -2.1134 1.6507 5.0163 -1.2809 7.97 -8.4083 -3.5205 3.5903 
6.8636 7.9232 6.7713 1.9925 -8.9917 9.405 -5.1953 -2.6249 3.3093 2.8313 
-4.1208 4.8647 -6.7949 -9.5374 0.30352 -5.2039 -6.2495 1.2886 7.3867 -9.2581 
-9.4628 -4.1203 -5.3366 4.9865 -6.4967 3.2348 -1.5297 -6.2322 3.4425 -8.2637 
-8.1339 -6.3131 -6.7233 3.3571 5.2585 -6.8291 8.3949 -1.4866 -9.5029 3.245 
5.9577 -6.7409 1.3717 -9.8271 1.9142 -3.6946 6.7748 -5.8412 6.8963 -1.3034 
4.2281 -8.4842 -6.9429 2.982 7.9159 -8.7111 5.0259 -2.1833 -6.8596 -1.4962 
5.6681 -1.2604 3.4125 -7.1239 6.4258 -5.0378 -2.3111 -0.80031 -1.5009 9.0023 
2.4785 -4.5676 7.9326 3.044 3.3704 -1.2613 -1.2118 9.7201 3.2755 5.1422 
6.5083 -5.2579 3.497 -3.3631 2.4295 4.0208 4.5863 -8.5584 2.9514 -7.7726 
-9.2995 -7.069 3.159 2.9114 9.7735 8.1761 -4.7519 5.0901 0.48338 0.34703 
-1.8905 -0.58351 -1.7189 2.2148 1.5708 -8.6751 0.31211 -3.2334 7.2418 3.8997 
-5.0066 4.5718 3.1112 6.1886 -0.20261 -2.8525 -9.1389 6.7666 9.0837 8.7524 
-0.38206 -2.172 -2.0393 7.7085 3.2408 -4.6095 -3.216 -2.0797 7.9485 -8.4848 
7.6168 -6.8797 1.7106 4.4893 6.1889 8.0011 -6.3505 -7.625 -8.84 5.4307 
-4.3863 -7.1682 6.2352 1.1013 -7.0539 -7.4949 5.9208 -9.6585 9.7762 -8.9286 
1.9829 8.0903 3.6372 3.8942 -7.8712 4.8552 7.4182 -3.305 -0.11479 -3.1284 
-9.4755 -2.9516 9.369 0.98617 9.6269 9.3829 8.3535 0.9679 -4.4165 -9.0307 
-6.896 -6.8108 -4.1985 -1.8356 6.5198 -8.7642 -4.7945 5.2671 -1.8947 2.4643 
6.6782 7.4375 -9.685 -6.6942 4.454 2.4737 9.5142 4.8597 0.058997 0.2725 
-6.1021 6.0742 -1.7975 -5.4224 -6.3835 1.4152 -7.1967 -1.6162 -2.4718 -1.1759 
6.5958 4.6831 7.1444 -7.5252 -8.5708 -8.9727 -7.2265 -1.0677 3.7194 -4.29 
-3.2385 -0.15658 9.6565 -6.0082 -8.2984 6.8551 -0.66979 1.4998 -2.7052 3.6451 
3.4223 -1.9632 6.3235 -8.7551 5.8166 4.7229 2.5698 -9.4196 4.5705 9.3147 
-8.9527 7.252 -6.2111 7.816 -3.8309 6.1192 -2.8071 -9.8566 -6.4052 -8.9932 
4.6862 -6.3833 -9.2054 4.6118 3.2629 1.2319 8.6917 -0.59646 -1.9216 5.2995 
-0.010364 8.5114 2.1183 -7.5602 5.9042 8.0786 3.9358 -7.8777 3.7254 -2.8358 
8.866 6.4407 4.6108 -6.1242 2.3451 1.1247 3.9961 9.3087 -2.5643 -9.454 
-4.2046 3.7316 -9.0355 -2.0688 1.2478 2.7236 6.9818 8.6657 -9.4101 -8.6834 
-2.4688 -0.61678 5.8445 4.5203 6.7061 -0.82297 -4.6933 0.6381 6.7774 -7.682 
-7.7249 7.7588 -2.0944 -2.52 -0.89359 -5.7518 -6.0603 -5.4869 2.464 -0.84175 
9.297 9.6472 -8.8043 -4.2944 -6.4075 9.946 -7.565 4.9661 -3.4008 5.418 
-1.3498 -9.3533 2.4147 -7.8858 -9.7947 -4.8311 0.13272 7.5818 -7.3795 2.5967 
-8.3087 6.4955 -6.6962 5.9345 8.178 -5.5052 -9.8445 -5.5411 -3.8503 -7.4406 
4.3335 3.1864 -3.4135 0.23567 3.1936 8.6684 -5.3977 -1.6269 -0.74138 7.6875 
0.13575 -1.0344 -4.6011 2.0706 -2.5377 -3.4274 -9.4462 -0.039252 -2.0377 4.348 
-3.4382 1.4744 0.82171 -9.0459 2.3781 7.5724 -5.1081 2.9342 2.6206 -6.8099 
5.0705 5.9583 7.0745 -1.5905 -6.7435 -3.4583 2.4609 8.4906 4.4792 -2.2669 
6.7201 2.6552 -1.3558 6.783 -7.1895 -0.99262 7.1045 -3.1098 -5.3425 6.9358 
-4.9257 5.7941 1.5604 -2.122 -7.3596 0.0541 1.0598 -8.1985 -8.2933 4.0632 
0.6885 -8.8088 -7.2704 -1.7813 9.1859 0.80563 -1.1291 -2.1983 6.834 -9.1847 
-1.2967 -2.2119 1.6308 -4.3846 2.217 0.22025 -4.9067 -5.8321 9.0422 0.66561 
-6.8459 -1.5953 3.4241 -5.2383 -3.5964 -8.6774 9.7614 7.7831 1.0422 -6.2391 
2.0096 3.2814 6.7388 7.6684 -4.2701 2.0078 -0.22041 9.5287 7.9615 2.2048 
8.749 2.6894 2.6881 -9.3611 -7.9776 2.31 4.8117 6.6259 -4.334 -5.8235 
-7.8448 7.7061 -5.7637 4.5876 4.0899 -2.3156 0.33948 -1.3042 1.951 -0.68107 
7.9996 2.2302 8.134 -4.2294 7.3035 0.89727 -8.6314 5.7698 -6.3203 9.3395 
1.0093 2.307 -1.8971 2.1168 -9.7922 -1.7382 -4.9257 -1.9857 5.4874 -3.5586 
-1.4529 7.5432 7.7727 5.4453 3.5177 -9.8338 2.165 5.6456 -8.8778 7.1723 
-6.9524 5.3373 1.501 8.9724 -6.5806 2.721 -9.6573 7.7823 -3.5369 1.612 
-5.0491 5.0018 -9.6658 -4.8955 1.388 4.696 7.9454 -3.4417 -6.5641 1.3045 
-1.0526 -7.6876 0.80809 -1.7028 5.1503 5.8217 1.2168 -9.8072 -4.6896 0.26084 
0.65567 -5.9182 7.053 -9.4997 -6.8092 -0.76153 8.2997 -6.9998 -2.0429 4.0487 
-2.907 -7.6748 -5.5484 -0.61875 -0.015105 -4.5686 -9.5673 4.3942 4.1866 3.4679 
5.4623 6.8292 2.7401 2.6024 -8.6134 -5.4205 5.2284 -0.29722 7.7281 1.6935 
7.6336 -2.3685 4.2496 2.8467 -7.5248 7.6791 5.3005 0.677 2.8402 -9.3164 
4.6818 -0.91908 -3.3254 0.063195 3.186 3.0356 -4.2317 7.4603 5.4435 -2.6307 
-1.8714 -8.5223 -8.9843 -1.9123 -0.30008 -9.4908 0.14827 -8.4198 7.3803 -5.2762 
2.0836 -9.4967 -0.81317 1.3231 -0.057006 -2.3294 0.57428 -9.8599 6.8594 1.665 
2.8221 9.2223 7.3122 1.5278 -2.8164 7.6032 9.8984 2.7807 6.1024 0.3203 
-7.4507 -6.8321 5.5171 5.0905 -7.0196 -2.2974 4.981 6.8337 -5.2025 -4.9327 
-0.07616 8.6728 -3.1596 -7.5773 4.0113 7.1102 7.4044 3.3966 4.511 7.9135 
-3.7906 -5.2647 4.964 3.461 -9.74 6.9351 5.8497 -5.945 -7.8453 5.9292 
1.5715 -8.4889 2.4959 6.9552 -6.6042 -1.6266 4.6489 3.2738 -2.3156 -7.2059 
8.8722 3.4511 4.5619 -4.3576 -6.6774 -0.18087 -3.723 -4.4573 3.1744 -8.0952 
-1.4612 -8.3135 3.4023 5.2996 8.5189 8.4401 3.2109 -5.9112 -3.8893 -8.8142 
-9.3374 -8.7566 -0.29648 -0.45621 4.1664 8.1584 -9.6592 0.4264 -3.6771 0.32956 
8.5887 3.9034 1.48 -6.6522 -6.7956 -1.6079 -2.8459 -7.4385 8.6781 6.6997 
8.4996 -9.9588 6.0077 5.3419 -3.5765 3.6474 1.2906 -1.3796 2.6896 -8.7329 
-2.8339 -6.8629 -1.0075 9.2153 3.8152 -6.6977 3.9024 5.4468 -9.6357 -2.209 
-4.8002 -4.509 -4.4797 -5.2416 -0.96045 -9.9979 -0.46985 -1.1016 -7.5223 -6.546 
5.7372 -3.6954 4.5168 -8.973 -9.5034 1.7681 5.2906 -0.86871 3.5991 0.070506 
0.23164 4.2807 -2.0583 -7.8001 -3.2114 5.9921 4.5262 1.1153 -8.5052 2.1867 
1.2505 1.4357 -2.2232 6.0408 5.6682 6.8849 -2.8214 7.3558 4.9775 0.48158 
3.6959 0.30386 2.1187 -2.2024 -1.722 -7.9851 -3.7883 1.5893 0.92023 0.85142 
-8.1521 1.5466 -9.6281 1.4329 4.87 -0.79629 3.9183 -2.2371 6.7481 5.7906 
7.4516 -9.9011 3.8165 -7.0696 -1.4526 4.0105 -1.7922 3.2965 -3.3763 -6.951 
8.8588 -2.9553 -0.72002 0.11529 3.6922 -1.8498 8.9627 -6.5823 8.7518 6.7665 
-8.0681 0.89469 5.382 8.911 8.108 -6.3204 -8.508 -8.5752 -0.74417 -2.236 
6.9177 -8.1587 -3.301 8.0231 5.5413 3.6137 -6.1667 3.0205 -4.2375 8.1334 
8.1879 -4.5535 -6.7584 -1.6563 -0.76679 -0.47367 2.3856 -1.6283 7.2507 9.0847 
-9.7732 1.8146 1.6942 -0.90638 -1.2189 7.4425 -5.7683 -1.716 -3.3694 7.6591 
0.47365 -9.9075 -5.068 -3.5771 -9.9075 -4.2475 1.3145 4.5305 -8.5824 -5.0821 
3.0069 -9.385 -8.0321 -8.0099 7.151 2.0138 9.2897 -2.3022 4.5805 7.1103 
-2.2971 -2.4659 -1.8036 -1.3799 -1.3857 -1.5816 -1.9673 -3.453 -9.81 6.1117 
2.986 -6.6897 6.4638 -3.7042 4.238 5.648 5.7031 1.4793 -0.87503 -9.8414 
5.2571 -3.8755 -6.7202 9.7557 -2.7991 1.0558 -1.358 -0.061507 -8.7083 9.2915 
1.5137 -4.6005 -5.8865 -1.319 5.6288 -9.6301 4.7888 -6.9692 -6.908 9.9383 
2.6384 -3.8558 -8.0491 -1.9726 2.101 -3.365 -7.6525 -4.6668 -7.1728 -9.2015 
-4.4359 1.6804 5.4026 -2.1048 0.83922 5.055 -0.032793 -5.3425 4.9218 4.6228 
6.7967 0.77037 9.6944 -6.7462 2.3414 3.5605 -3.5652 -0.27535 3.6323 -5.9566 
-1.4633 5.8134 -1.1722 -1.6497 -7.2491 -0.93056 -8.3258 2.3516 -9.8332 -8.0298 
2.6324 -2.5456 -7.3874 0.17615 3.636 -9.0035 -0.88887 -1.327 6.3621 -3.2504 
6.6693 5.0402 -5.1 -4.3562 -0.334 5.9949 -5.058 7.0626 -7.2751 2.3239 
-4.5963 3.0516 7.3273 3.0414 4.6892 5.9456 -9.3125 -7.033 -3.2636 4.5439 
-1.984 1.0388 -8.6856 2.4347 -2.4877 4.7849 -6.2373 8.7306 3.504 7.3884 
1.0851 7.0184 -8.7932 4.1726 -0.085705 5.6161 3.5854 -3.2689 9.2116 0.83036 
-1.1227 -1.495 -4.7996 -4.9388 4.4865 -8.371 0.695 0.35408 -0.73456 2.6695 
-8.1923 1.488 -1.0607 -0.19354 9.7526 6.4779 6.6273 9.383 -5.9768 9.1458 
4.8876 5.3651 3.5032 -3.5634 6.6415 0.88418 -4.495 -3.3948 6.2917 -4.8359 
-9.3477 0.79029 -4.7703 2.9455 9.9274 -2.7051 9.4974 9.9679 -2.1885 4.4157 
-1.4051 9.6854 3.9235 9.6377 9.4454 2.6152 0.72668 -9.5221 -1.4495 9.1781 
-9.2548 -7.8883 1.1109 5.6314 2.1914 -2.7216 -9.1673 6.757 4.0497 -9.6777 
9.516 -3.9799 -9.14 -2.1228 -5.0039 -8.3824 -6.2158 7.6906 -3.13 8.3832 
0.4468 -2.4029 -6.6681 -0.84473 9.1763 -9.0031 4.254 -0.42647 4.0077 9.5226 
8.1926 -0.54568 1.7336 1.0375 9.0953 3.1333 3.6131 5.1823 -0.89187 7.7951 
-2.335 -5.5486 0.18778 3.3975 3.2357 8.7259 5.6842 -6.3308 9.5134 2.2676 
7.689 -3.5852 9.9873 5.7215 -1.8221 8.557 -9.6041 -1.6359 8.56 7.5279 
-4.8996 -5.463 9.571 -1.8333 -8.119 -1.8791 -1.2494 -0.86323 7.3965 8.7177 
8.181 -9.5648 5.2957 3.8909 -7.9089 5.6333 6.3655 9.6237 1.8474 -0.70134 
7.8912 -9.6905 -5.3152 -4.3824 9.2245 0.59045 -1.7479 7.3031 -1.7355 5.9775 
-2.0297 5.677 4.7381 -7.2618 8.5377 9.1255 0.61377 6.5657 -6.9388 -6.4748 
2.5004 -9.6271 3.3337 -9.7619 6.9993 4.585 3.8081 2.9651 2.3641 -8.1235 
1.3519 8.0545 2.4447 -9.2755 -9.7063 8.4297 2.4111 8.2355 -4.507 -4.1861 
7.8902 -6.0679 7.1091 -2.9432 -0.29968 5.6604 -0.39901 -9.8611 6.5109 -7.8568 
-5.7167 2.1807 0.96595 6.0727 1.2657 1.387 1.3003 -4.4348 1.6827 3.9542 
-9.9228 0.45742 8.1016 -1.2881 4.2248 -7.4658 -1.7019 -9.9394 1.5735 6.5471 
7.6116 4.1346 -9.6448 -7.1163 -3.7669 0.71771 -5.7599 -7.2169 7.6895 4.3792 
-5.2976 -2.9361 1.7173 -3.7613 2.8575 0.03389 -7.9052 0.82585 -0.39263 7.9131 
-5.1027 5.1779 -4.3775 -7.4697 -1.56 -6.083 -1.1764 -6.4625 9.1545 9.8437 
2.8183 0.11151 4.8777 6.7941 2.6434 -5.6454 2.9573 -8.6929 -6.2137 7.5828 
-3.9095 5.3155 -5.6816 -1.0761 -5.165 2.3681 2.1643 5.9131 -4.3352 1.7834 
6.5124 -2.7494 -8.9808 -8.0267 5.2683 5.2394 8.9916 2.9421 -7.8691 7.3826 
7.6738 8.5004 -4.3634 8.8467 -0.39848 -7.7424 -9.1354 8.5089 -2.6945 2.9277 
8.9075 8.022 -7.3294 9.2525 -3.1503 3.8438 5.2423 -4.844 3.0471 0.7633 
-2.1841 1.0343 -0.8627 -4.4978 -7.3502 -8.8037 3.5817 -7.4987 0.16042 -9.4768 
6.0264 0.4205 -5.5407 6.8866 2.6455 4.5003 8.0423 -7.7567 4.9163 -0.82976 
-6.8577 -6.4195 1.0654 7.5835 -0.84244 -4.9766 5.0239 -9.188 5.7331 6.0271 
2.5033 2.1785 -8.577 2.5001 -9.3154 -9.3607 -5.2374 3.1274 6.2939 2.9601 
3.9797 4.5592 -8.0501 -0.76737 0.24154 2.3566 7.6341 -4.9481 9.3566 -2.9704 
-8.2826 7.5188 -3.5136 3.8547 -9.9475 0.37942 -6.7048 1.1147 -9.5552 -2.2152 
0.62359 -0.53356 2.5764 -3.7168 -9.6677 -9.7588 6.6128 -4.8968 3.5523 -2.657 
7.7713 5.0443 5.0345 0.31918 1.8713 6.9573 -9.8025 1.743 0.61577 -6.5712 
-4.7267 -6.379 -1.0791 -3.0975 4.2204 -2.5564 -9.4055 2.017 4.5637 -2.1709 
-5.3043 -9.5733 -5.3713 1.1186 -5.3381 -4.6755 -2.5718 -9.0378 -8.0636 1.4728 
6.7931 -7.4146 1.3548 4.2638 5.386 5.9118 2.5859 7.5203 -0.040814 -2.9177 
-0.089199 7.201 -5.7423 -2.7842 -5.1502 -0.17215 -0.10562 1.9731 -1.7796 2.6505 
-6.9527 5.9342 -4.5633 -6.6156 3.3606 5.4508 -8.4224 1.4749 -4.6693 -6.4771 
-5.3846 -6.2482 -6.4819 3.0044 -7.1102 -0.5447 5.3652 -6.6093 6.5447 0.6074 
3.1591 -6.5757 5.5122 -3.2449 0.54629 -9.0429 -0.84455 -9.7521 -1.612 -1.5778 
1.259 3.5114 -8.3627 0.45776 -5.7986 0.8597 -5.8292 1.4363 7.2617 -2.7354 
-4.1634 -2.0021 0.97453 2.4567 0.14886 -8.6828 -0.77342 2.2837 -9.418 -3.2983 
2.4461 8.7105 4.6411 3.5889 0.069552 -2.841 9.0229 -0.089756 1.9714 -6.2261 
4.3181 -0.4753 3.0649 8.4636 0.57165 -6.5318 7.9691 2.7416 -4.3803 -8.505 
-4.3854 -1.9553 3.0607 -8.2656 6.2899 -7.288 -1.5586 8.9128 -6.813 -0.71764 
-1.7545 -6.1995 3.7733 0.23282 5.5647 -0.57942 -6.5998 -9.6914 8.6257 6.5268 
-2.7559 -3.2587 -7.7842 1.9346 2.0798 3.3418 -6.4753 -7.484 -8.4772 -2.5626 
5.6278 -1.1804 -2.843 4.7896 8.6328 -5.271 0.9325 9.4387 7.8027 -0.57601 
-7.2903 -7.2403 2.0189 -6.5143 3.0943 -6.1145 7.4723 -5.8588 -1.3224 -8.9878 
8.0414 9.6068 -3.0418 1.0543 -8.2111 3.7806 -6.2207 5.5941 -5.1391 -8.3438 
-4.2073 -1.207 6.2412 3.8522 -8.5375 1.665 -9.4616 7.1431 3.6621 -1.6219 
-0.0088415 6.0768 -7.6554 -9.5312 5.868 5.5426 -2.3319 -6.2246 2.5429 0.082566 
5.6718 6.3533 -1.6813 4.0987 -1.5177 -2.2855 -9.3039 -1.3863 -4.0629 -7.0625 
3.5412 -5.3694 5.8956 -2.449 -5.2833 -9.906 -4.8733 -4.9396 4.0171 -1.0253 
-7.0038 2.8252 7.5345 9.1644 5.0681 -7.8426 2.3094 -1.7703 2.4589 -0.81866 
3.9324 -4.8438 -2.9358 2.0925 1.2823 -8.1467 9.6109 4.6851 6.9337 0.83781 
-7.4197 -7.5179 6.3014 -1.5944 3.2208 5.2242 -6.4187 3.3124 3.8838 -1.6966 
8.9189 -1.8588 -7.5367 -2.7397 -7.1286 5.8668 9.3246 -9.8351 8.6929 -9.5112 
7.7282 -8.6462 -3.0395 -9.2535 2.4289 -0.27865 3.7627 4.0784 5.3193 -6.2826 
0.30009 -7.8048 -0.7882 -6.5117 0.87358 -3.1285 -3.5654 -5.2633 5.0972 -8.9354 
3.5882 0.59112 -0.89264 -1.952 8.6746 4.8246 -7.4448 2.8772 -6.7684 -2.5051 
9.5359 -5.77 -2.2777 -5.2011 -9.9958 -7.7078 4.5332 -2.8949 -6.0656 -7.7103 
-7.4908 -9.4807 -8.7551 -7.4722 -8.3289 -2.7147 9.4265 -1.3757 -3.0842 -0.31575 
5.0449 9.8824 -1.5853 -1.4169 3.003 6.7151 5.3381 6.5333 6.8807 8.1459 
6.541 4.8928 9.8233 9.7694 -0.8311 9.311 -1.9725 -6.733 2.8022 -2.1271 
5.6286 9.6447 6.1708 0.95164 -2.9867 -1.7213 7.7031 -3.268 3.2403 -8.9161 
-6.1823 9.0276 0.99341 0.14484 -0.097863 0.65977 4.7265 5.1579 -8.2703 4.792 
-1.4272 -0.56784 6.1348 -3.9904 -5.1499 -9.3631 -2.2334 4.4203 8.127 6.0202 
-9.7109 9.7507 -0.8875 1.3756 -3.9017 -9.8922 6.6059 -9.1717 -9.0183 -8.3776 
-3.4943 7.0584 1.7441 -3.7613 -8.377 4.1652 4.734 -6.9668 -4.0001 -5.8091 
-7.306 -3.8185 9.9757 -9.1284 8.0335 -6.4994 3.0162 -2.4441 2.0986 1.2963 
-0.98965 9.0347 4.6733 -0.49148 1.3527 3.2014 -4.8815 -3.0608 -5.7783 -4.4368 
1.4455 -7.727 -0.66568 4.0599 -7.3896 4.7561 -3.3513 -3.2426 5.703 8.9371 
5.8405 -7.6545 2.3284 4.1506 -0.032334 -5.4617 0.55435 -2.9849 0.23457 3.4637 
-1.6053 -9.9861 -7.4183 1.6933 -0.28616 -3.6518 -4.5615 7.0056 3.7192 -8.1495 
0.65073 -3.9369 7.935 -2.2717 -1.4469 -4.2308 -2.9207 7.3145 -6.7555 -4.5959 
8.5141 -2.6164 -6.6694 -9.0812 -2.0524 -1.8336 4.0371 7.4822 -4.3176 -4.9308 
7.9816 -7.5932 -5.5518 1.6239 -1.042 -8.2163 9.2606 -4.9657 -1.611 -5.2739 
0.89667 4.2382 2.5666 -4.4358 5.0724 -2.7939 4.6772 -0.99293 2.7938 1.7216 
8.0225 9.1503 -0.11539 -3.8488 -1.0524 6.4514 -5.572 -5.0831 -5.1223 6.7007 
-8.9635 -3.5542 -0.77842 0.29195 -9.9661 -7.1407 7.661 1.4137 2.5427 -0.11471 
6.1721 5.7797 -7.9272 -3.1317 -4.9933 -7.1337 -6.239 -2.9658 1.7102 1.4059 
-3.3019 3.4297 -8.2384 5.7731 -0.23873 5.8521 7.5146 -9.4577 5.937 2.3551 
-5.4263 -7.8077 8.1492 5.3283 2.4817 6.3622 -5.8672 -9.0997 7.8317 5.8124 
6.448 4.4793 -2.0286 -4.7972 -4.4283 7.182 0.32823 -9.386 5.002 7.3294 
-3.0353 7.652 -9.511 -2.7081 -3.4179 3.3404 -7.0501 5.2167 5.6344 -4.2747 
-6.6906 -9.9901 -0.66229 -4.5821 -7.7395 6.4125 9.1481 -9.249 4.2003 9.6957 
-9.4373 -7.9611 7.1658 -0.18104 5.3808 5.5088 7.7233 0.96635 -4.969 -4.5516 
9.1074 -2.5923 7.2714 -0.90281 -0.58666 -5.062 -1.0114 9.9331 -2.7156 -9.7924 
3.6058 8.2938 0.10912 8.3033 2.0874 -0.39314 4.7826 -1.4325 8.4626 -5.8235 
7.2112 9.9798 -0.24234 5.7979 1.0329 0.81502 -6.0794 -4.3837 5.0276 6.3809 
8.7819 -6.5901 -5.2636 2.6327 3.7967 -3.4208 9.2354 -2.1069 -5.0062 -4.09 
3.6039 -6.5477 9.4103 -0.3323 0.38674 -3.0439 -0.062076 7.0398 2.8423 -7.6995 
8.3485 -7.9386 -7.0791 -3.9583 -7.1055 2.1546 -6.239 5.8609 -0.19279 1.3252 
-4.8662 2.123 -7.5655 7.9858 -2.4763 8.2566 7.8807 6.907 2.1841 -3.0623 
7.7124 -1.7622 -3.8128 3.2753 -5.9101 -7.0853 -5.7044 -6.3448 -3.7158 1.3416 
8.4009 -4.8843 7.5929 4.3339 -9.378 2.7019 -4.7785 0.30144 4.5629 -4.0885 
-3.9987 -5.9663 -4.4008 -5.8865 -5.4903 7.5237 -6.1253 -0.49408 -3.994 -1.8757 
-8.5322 -6.2462 2.0261 6.4909 -5.0907 0.7849 4.5999 5.9934 -1.8212 -2.8148 
5.348 7.6754 -4.6126 3.7117 -6.4166 5.1303 3.1138 2.1851 1.0596 -3.154 
-8.301 2.6283 8.2725 4.5696 6.5286 -0.39346 6.0699 6.9784 -7.5852 5.8333 
4.5753 2.4485 2.1076 4.9235 2.0403 1.0085 -0.96321 5.6403 -7.0968 -8.9941 
-1.0422 3.1654 -6.7554 0.63689 4.1471 -3.49 0.51337 -5.919 7.2276 -8.2333 
3.025 -6.4583 8.4016 -9.1786 0.61255 -9.0193 4.9253 -5.029 -8.7811 -4.7571 
-6.61 2.517 -7.8621 -0.71575 -2.4413 5.5083 -6.6697 5.2267 -6.7901 8.0272 
0.62898 7.5291 -7.1292 3.8413 -0.15464 4.3259 -7.2408 5.8785 5.8091 -2.0446 
2.676 -6.4359 2.7914 5.9638 -3.369 5.7939 7.6211 8.8063 0.57255 -2.9123 
-9.7181 2.9115 -4.6998 -0.77519 2.8184 6.9297 2.9937 4.7375 1.0302 5.1943 
-0.59257 7.6824 -9.8007 -8.3664 8.5307 9.4315 9.8092 1.5726 1.2959 -0.37483 
7.7265 -4.9897 7.0522 3.6189 2.8088 -4.7295 -3.4072 -2.901 -0.23589 -9.767 
-7.7194 1.7244 -3.8355 6.4321 2.4585 -9.6421 4.9095 -8.4677 6.9607 -9.4522 
-1.1492 -0.26254 8.1706 8.8753 4.6412 -8.0582 9.1439 -3.5913 -9.6662 2.9871 
3.191 6.7817 -0.833 -7.7583 1.6772 -2.3316 5.4295 1.277 -2.0295 6.5604 
-4.1045 -8.9665 -3.4271 8.6468 7.7458 -9.6218 2.9311 1.8242 -8.9616 -2.5509 
9.0074 4.7895 9.8257 4.5994 2.9302 4.9952 -0.13748 -8.141 -0.7575 -9.4788 
3.8857 1.0903 6.2708 -3.907 -4.7542 -2.2891 6.6038 2.1999 9.0878 -7.1849 
-5.8639 -1.4106 -4.0988 0.75868 -7.7131 0.010311 1.806 6.7995 1.2982 -8.8517 
1.0952 5.5945 7.5177 3.773 8.4276 8.082 -4.4364 -1.3375 -2.796 -9.0956 
7.5856 -2.0667 -3.6618 -2.376 -9.3737 -1.0363 5.9779 0.67423 -7.658 -7.5741 
1.1572 -2.8554 9.1956 4.928 -2.8944 -3.5899 -6.657 -4.9334 -8.2899 1.6267 
5.0467 3.1894 8.5719 8.8647 1.2655 -8.5802 -2.3885 8.8721 -6.3651 4.4247 
7.898 -2.1166 -0.077205 7.4534 -0.60248 8.4455 -9.9109 7.2085 5.9977 6.0662 
6.8369 -6.4304 -0.16481 9.9248 0.45517 5.6864 -0.94239 -2.9998 -2.9197 -6.6014 
-7.3829 -8.9141 9.8441 -5.4068 -0.84442 -5.7618 9.8 -0.62103 -6.85 4.9645 
-6.2169 -5.0576 -2.1027 -7.0476 4.549 4.0827 -7.4438 -7.9122 4.0739 -9.849 
-6.9272 8.0363 8.9455 -2.2415 3.4197 -5.7246 -5.7927 4.5151 -8.0136 2.1609 
-9.422 9.6489 -8.172 -8.4769 9.8741 3.9116 -1.7077 -7.9216 4.8442 0.07307 
-9.8183 -0.31782 -2.3451 0.2597 9.4034 -9.7172 6.493 6.2311 -3.0379 -6.4571 
1.929 -7.105 4.6104 -8.5045 -0.85371 6.6329 8.6603 2.6618 -7.1517 8.3035 
2.181 0.23333 4.9238 8.1644 -8.4741 6.3444 -4.2217 -7.0187 -0.12511 -2.8044 
8.3785 9.8706 -6.5319 0.065243 7.644 6.6997 -4.3716 -6.1773 5.0206 8.6558 
4.6715 5.2514 -2.7608 -7.1203 -5.8552 5.0849 -1.7916 -6.6894 7.582 2.5098 
-3.9771 9.3205 3.2272 1.3759 9.2668 5.9788 6.3997 6.9938 5.6427 9.9964 
-0.08851 8.5976 2.5553 -8.0651 8.4968 -2.1691 -0.31583 -2.8419 -1.6549 -9.2201 
-4.8367 -5.2702 4.4947 5.8207 -2.1767 7.6852 -0.57146 -7.1751 -9.1364 9.6725 
4.6571 -8.0496 3.4521 -3.6834 -9.3899 7.0729 -3.1966 -5.5894 0.24981 2.5213 
-7.6648 -1.8045 -9.1421 -4.2396 3.0796 1.6708 2.5129 -1.2483 -1.2743 9.7794 
4.9208 -7.3765 -4.0047 -2.4406 5.8461 -3.8714 -8.8449 -6.1479 -1.2858 2.7367 
6.1958 5.0913 -0.25254 -2.8352 9.1269 1.2815 6.5546 -0.56647 -5.1127 7.5321 
4.9047 -3.0379 -3.1215 3.0547 1.1104 4.2246 -0.66173 0.10985 7.3183 -2.5384 
-3.2571 -1.0043 -8.4888 -1.9972 3.0929 -1.9789 -3.1151 9.6967 -7.6487 2.7216 
1.6865 -6.0133 -3.2759 0.078433 -5.5371 -6.2522 -5.2754 -1.1825 5.8613 -9.1392 
-0.62096 4.7304 -7.551 8.5656 0.019402 0.91072 3.5625 4.2043 -5.0604 -3.1038 
-8.2547 -5.9327 -7.1452 -1.4506 2.5373 8.4895 8.8865 8.7633 6.0048 -0.76368 
6.5743 5.3632 -2.4714 -1.6321 -3.0512 1.258 -7.9812 -6.1116 6.4047 -6.5982 
3.7189 -5.1744 5.1726 0.019035 1.6657 9.3146 3.9955 -6.591 6.8943 5.3288 
-4.6535 2.2747 7.2907 7.4578 -6.9147 -5.347 -2.2136 3.1112 2.375 -2.0932 
9.3897 -3.0846 7.1324 8.6246 -8.4098 -3.5874 -8.4351 4.2064 -2.2238 -9.3205 
-6.3245 4.4526 -7.3393 -0.86015 1.7478 -9.2126 6.5369 -9.4458 -9.4402 -4.7947 
-4.0012 -7.6555 7.2646 2.9742 -2.7471 -8.5259 4.058 7.3209 2.7434 9.3525 
-1.7763 -6.3842 1.8859 5.4181 -5.7402 -6.9359 2.0887 -3.5431 -8.2128 -7.5422 
-5.2702 -6.1227 1.8052 -3.0112 -8.5993 3.0072 -8.7315 3.786 1.4744 4.7642 
-6.0989 -2.789 8.3597 2.6762 -0.4554 -3.3981 1.8942 -0.073405 2.6565 7.6995 
4.1076 -1.9121 -8.8812 -6.6342 4.4949 -8.6055 -2.1504 5.8933 4.8697 5.6431 
-6.389 -5.4844 4.0935 -4.5559 -5.0359 8.7724 9.3629 8.2048 6.2788 -6.4544 
0.44666 3.3811 -0.04043 -5.6109 -6.2445 -3.785 1.1016 5.3556 5.2311 2.309 
-4.0766 9.1443 -2.6838 -1.7144 -8.9629 7.5871 -0.38065 -8.2498 -9.8298 5.1412 
-0.74436 -1.3667 9.9643 -4.3347 -1.2767 -3.6522 1.1908 -3.3753 5.8526 -7.0865 
8.5046 6.0763 9.0999 -0.96717 -5.3998 5.727 -9.7809 -1.2211 8.3964 -6.1439 
-5.6822 5.9638 0.26643 4.9514 -1.2046 -8.6676 -3.7259 2.4604 5.6108 1.3153 
-9.9798 9.9048 3.4056 -5.44 4.9008 -2.1059 -4.9235 -4.0119 8.2349 2.6354 
8.1321 -5.7639 -9.9622 -8.6792 -5.7061 5.191 6.6911 -8.3668 9.588 -1.5917 
3.6008 -3.4196 -0.14091 -8.6061 2.2492 -2.5224 6.6008 7.3514 3.6076 -5.3998 
0.29904 5.2468 0.62524 -5.1905 -3.3537 -1.3382 -9.4008 4.6862 2.8266 -4.0982 
0.44138 5.1352 -3.8825 6.2184 -7.8129 -6.7693 -2.7001 -9.5206 7.1604 -1.8409 
-7.9416 9.2255 7.1968 8.6265 6.3433 9.458 -0.14058 5.2036 -1.9586 2.3035 
9.9376 1.3978 -8.6758 -3.082 -8.5716 -1.981 9.8494 2.64 -7.4733 -2.1288 
-2.8206 2.1701 0.68837 -1.4758 2.5059 -4.8953 -7.882 2.5142 -1.6629 6.7501 
2.5049 -2.6982 -9.8738 -0.16723 5.5448 6.8252 8.8603 4.5327 -8.5447 0.63198 
-2.1327 -3.129 3.2401 7.4389 -9.7413 9.8691 -4.5818 1.9832 -8.5476 5.5279 
-9.8468 1.9998 0.77659 3.5635 -4.9876 -1.6318 -2.3845 9.5206 -7.2289 -3.4677 
0.9057 0.51258 -1.0882 -0.071736 9.5457 -0.57079 3.0908 6.9954 0.32772 2.8347 
0.18221 -0.30067 5.6825 7.2619 3.4571 7.8118 -6.7659 7.2124 -3.3942 8.4325 
-5.0644 3.113 -6.7887 -0.36208 -3.9392 6.5791 -7.8142 9.899 5.9107 -6.6721 
-9.0921 -9.235 -6.9086 -9.0059 1.4415 1.0792 8.9761 7.7619 -0.82873 -2.9887 
6.8346 -6.2015 6.2468 1.8038 -4.9278 4.6937 5.8673 3.4818 1.6901 3.3863 
-9.035 8.5749 9.5576 -0.038286 -8.8677 6.0313 6.9085 2.4757 -5.3734 -7.2471 
-3.6736 1.6596 -4.2972 8.7662 -6.2018 -3.5013 -8.3654 8.3127 -2.603 -2.2588 
5.6684 -9.6918 3.1461 -9.8933 -2.1877 7.8124 1.8878 8.1449 2.7788 -1.5863 
9.448 -4.1265 6.1348 9.261 8.4442 7.6667 -8.9125 4.1334 7.5266 -0.868 
1.7293 -9.0948 6.4007 6.562 -5.8864 0.13009 -0.89088 -0.99086 0.47033 -9.4199 
5.5609 5.8946 -3.8972 5.0988 -8.8265 -6.0245 6.9146 -0.32482 8.0669 -4.035 
4.5539 4.2273 -8.5158 5.0355 -2.6552 2.1724 -6.1034 -3.1702 2.7446 -0.79986 
3.0197 0.72723 2.3519 -6.4007 6.7441 -2.1561 -9.0006 1.8637 -3.1425 7.7786 
3.2923 1.7359 -7.2768 -3.8377 9.7926 5.778 5.4214 -5.4158 1.2867 7.1855 
8.7756 -5.7811 6.1831 8.7327 -5.9865 -0.52669 -3.8426 8.9536 0.85651 3.656 
0.70163 -1.7217 9.5577 -4.488 4.3952 -0.89038 4.7093 -6.0476 -3.5639 4.1765 
-2.0312 0.31641 8.0085 7.1424 9.717 -8.6936 -7.8951 -9.6243 0.20415 -8.1775 
3.4092 6.7667 -6.3449 -0.19152 9.4585 -3.7561 -6.5746 0.39923 7.6347 2.9946 
-1.1893 3.1982 8.4406 -7.3519 -8.2629 -9.625 -9.6125 -3.9695 7.7341 9.2265 
-7.3425 -0.37648 -7.2688 2.1765 -8.5358 -1.6302 9.8939 7.7629 1.4931 7.2499 
-1.2159 7.0553 -9.1329 4.4732 -0.58342 3.089 8.0688 4.4649 3.2333 6.386 
0.95285 -0.36944 3.4558 1.614 3.4046 -5.886 -2.765 9.8856 -9.8972 8.52 
-2.0973 -4.5541 -7.446 3.3018 -7.687 -6.746 2.6696 3.2424 7.9824 -1.7327 
-2.0346 4.6239 -5.6146 7.3132 -9.4519 3.908 -2.8928 3.382 5.7759 -7.947 
5.027 9.3894 3.1771 -0.047307 -6.3544 9.636 -7.1917 -6.6518 -8.4526 5.935 
0.44701 -2.4875 -3.5483 -4.1959 6.7886 2.9591 5.8895 3.8847 -4.3727 7.7763 
-0.19134 -5.228 0.049573 9.9622 -6.5003 2.7919 -7.0261 -5.6785 4.2666 -4.9301 
-8.2264 -5.1459 0.68848 -0.10631 -3.3767 6.7935 -4.4231 1.453 -8.8673 7.2089 
-4.983 -9.6212 -0.81812 6.6442 -2.0421 5.1178 -4.2426 -4.2886 -2.9851 6.8229 
-1.0488 9.6531 0.3736 4.765 3.3511 -3.295 4.9797 6.4562 0.059411 -0.79325 
2.7592 6.0524 1.4433 0.13372 -1.4293 5.8156 -7.6292 -9.4134 7.9484 -8.1354 
4.1889 1.2697 -2.3152 9.3791 1.8602 -2.1586 9.5768 -1.4188 1.1559 9.57 
9.8524 -2.2234 7.1216 -8.882 -6.1093 8.4787 -0.61616 7.7986 9.8664 4.5165 
8.6439 3.0506 -2.8875 -7.8727 -2.5251 7.009 -2.96 -0.60442 0.057936 2.552 
-8.1554 9.8742 7.1718 4.8574 -2.1439 -1.9608 -8.2757 -5.8506 6.4638 -3.0112 
9.0708 4.2753 -1.5988 -8.1513 0.20628 -1.8724 -9.8036 -2.9385 -3.9557 8.0296 
-6.7441 -7.9527 -5.392 2.6429 6.3989 -7.086 0.069617 7.016 8.0376 0.064559 
9.4091 -1.0542 4.4664 -0.38073 -8.2712 -8.9328 -0.97258 -7.3527 8.1884 -3.9883 
1.9401 3.8559 -8.1288 -0.32584 -5.9025 0.51311 8.9423 4.2409 -4.4515 -7.5329 
-5.1955 -3.3409 -6.9354 -1.5487 5.1784 -8.244 -8.7004 7.4606 5.0531 -6.7686 
-8.5941 8.435 8.1013 1.6512 7.532 6.7177 -9.2331 -7.5945 -5.4993 -0.61238 
-3.9992 2.6498 1.4747 4.9937 7.7403 -6.9578 -4.4271 9.2734 1.6671 -5.9685 
6.2709 8.6437 3.6471 -7.8847 8.9049 -2.762 0.45952 -7.4377 -1.376 4.2614 
-8.4658 -1.4816 -8.4351 -0.54203 6.0428 -4.591 -7.2091 -4.1419 -7.6772 -8.0716 
-2.9105 -3.9902 -2.9586 -7.8188 7.5984 -3.499 -6.3786 6.4881 1.5991 -6.9726 
-7.3598 7.7806 -2.9335 -7.3301 -7.0872 1.8428 -8.7663 6.8709 3.8407 9.783 
-6.8364 -9.6525 -7.6987 -3.235 9.4012 -3.2257 1.6544 5.6856 -7.8331 2.055 
-8.7571 -7.0389 -0.15125 -8.183 -1.5207 -5.9958 -8.6948 2.0619 8.5453 8.2999 
4.0369 9.1832 -1.3343 8.2479 -6.7972 -0.030753 -2.2403 2.052 0.77428 -1.8538 
-8.2704 4.2894 -5.3541 3.212 -6.9794 -3.3127 3.8572 -4.0677 4.6164 8.4213 
2.3357 -3.8707 -6.0121 1.6802 1.0459 7.1969 9.4183 8.5375 5.3005 -6.7332 
-6.5246 6.5619 -4.8574 -6.9113 -6.2442 2.3691 -2.5893 7.0551 7.4095 -8.1215 
3.028 6.1578 -8.1206 1.7776 -4.041 9.4615 8.7274 5.2603 -2.2402 -2.1136 
-0.026072 8.1851 -4.6082 2.5862 4.6055 -2.5005 8.0519 -9.8846 -6.8179 4.5004 
-4.3098 2.8563 -6.071 -4.381 9.2198 6.3076 -4.7383 -9.9495 3.173 1.2322 
6.6112 2.5737 -1.65 -6.8834 2.6314 -7.3673 2.023 7.3635 2.8484 -9.4552 
6.3672 -7.6306 -9.6404 0.46813 -5.7893 -6.9034 1.6374 -8.3719 -4.2489 -1.4399 
8.7634 8.3794 -6.1609 -4.8138 -7.3621 5.1533 7.3426 4.7914 -9.9365 -8.2677 
-9.9935 2.4796 -4.6915 -8.4077 -9.2652 2.2815 -1.152 3.9659 6.3604 5.8977 
2.8078 -4.8483 1.9322 -9.0884 -2.9879 5.7571 8.2148 -5.8693 0.73596 6.3158 
-9.8529 9.0261 -7.6702 -8.5093 -6.2987 6.1589 -5.91 4.4298 -0.18501 -8.0497 
-7.8716 -9.0759 -6.9251 -0.39853 -9.4715 -6.3416 -0.047906 -1.7248 1.1682 -5.5547 
-7.8641 -9.5815 -1.5811 0.77369 3.2721 -6.6005 -8.9909 -1.7379 -2.6376 -8.2388 
-2.6578 -8.239 -9.118 7.2464 -0.18527 -5.1482 4.5321 6.9498 -1.8964 -0.81905 
-5.2078 0.35686 -0.44575 -4.1497 6.6886 -1.3193 5.6861 -5.2638 4.4415 -5.1899 
-3.0772 7.5733 9.0226 -9.9176 -8.7815 7.5669 -6.5313 -6.1153 8.162 -8.0333 
-5.0076 -1.9564 7.8311 0.88247 -3.2377 5.1241 4.7376 4.1844 5.8712 9.4751 
-2.2587 1.2265 8.2233 2.3739 -1.8059 -2.2889 -3.9636 6.2443 -3.8122 -4.2363 
-1.5792 1.9631 -5.6988 -2.5491 -3.7236 4.425 -3.6216 4.0331 -7.1961 -6.7816 
2.8015 -8.499 2.5053 -0.66308 1.2281 -3.1784 7.1773 -2.3921 -1.7455 -5.5555 
5.7511 -2.1702 -9.7009 6.3571 -0.90914 -7.6177 -6.0169 -6.6898 -1.6196 -3.4152 
-4.6001 -2.9003 5.6787 -8.3359 5.0644 -4.2029 9.5253 -5.0068 -4.5834 0.83653 
6.8796 -5.1042 -9.8306 -8.6543 3.8324 -3.9691 8.5032 8.062 -3.1382 -1.0206 
4.8094 -7.8394 5.2227 6.3091 4.3415 6.508 -6.797 -1.0518 4.9479 -0.37711 
6.522 -7.7542 -3.3757 -4.9783 -0.34066 -0.022581 3.9278 -2.6472 -7.348 -5.0281 
-6.3562 -4.6559 -7.909 -5.3629 -0.62828 0.75772 -4.1688 5.6294 6.6093 3.0676 
-8.6913 -4.6722 8.176 -2.606 0.031525 0.3161 9.7349 0.91195 -6.1538 0.038408 
2.207 8.7216 5.4443 -9.7609 -2.3839 -6.4037 -6.0921 -1.7486 -0.23741 -9.728 
4.0311 -6.2765 -7.5139 -2.2739 8.2153 3.4769 -2.3774 -0.98552 -5.722 7.4766 
-7.7676 0.1487 9.1937 6.1829 2.9382 0.9299 6.2335 4.9443 1.0864 0.54584 
-8.0835 -7.0481 -3.202 5.5581 6.9639 -6.6893 -3.3166 -9.6371 -0.65116 6.0429 
1.9567 8.414 2.166 -2.1931 2.8601 -8.7873 -2.5084 0.62126 -6.0502 6.2955 
6.2447 8.5892 1.5119 6.5785 -6.9411 -7.1874 -0.3642 -1.9794 -8.8258 -0.14136 
6.2916 -7.265 9.7199 -0.38626 -7.687 9.3515 -9.808 -5.1062 -5.5436 8.3452 
-8.2113 7.4314 9.7313 -5.2517 -3.7383 1.0547 2.3494 -6.8167 -5.8113 8.1681 
4.6256 -9.7529 -0.81222 5.4467 -3.2976 1.9849 7.0411 -0.75684 -8.2485 2.3175 
8.0771 4.4407 -2.4756 -1.5855 4.5315 0.0037537 -1.9238 4.7652 -6.559 6.2037 
-0.95536 7.5717 -9.3641 -9.4476 5.0179 -3.3678 -1.0539 8.4866 -0.80542 9.2895 
-8.5862 -2.2511 4.3823 -2.7111 -0.96076 9.4501 -7.0558 8.2373 -1.8182 -1.9842 
-5.1744 -5.0714 -4.9624 -1.3396 4.8009 3.4714 3.7812 -9.5184 9.96 7.5967 
4.6373 -7.7655 -1.8647 -0.17349 6.3738 -7.7901 9.0994 7.5087 3.2718 5.6634 
-9.1902 6.9356 6.5149 -4.2683 9.2172 4.3115 6.3829 2.1243 6.8061 0.36105 
-1.5095 3.1932 1.3386 -0.52178 2.5622 7.9185 9.2824 -0.95783 5.3891 9.3896 
0.8043 5.5932 1.523 -1.0282 -9.0327 9.7148 0.28231 -3.6122 5.7647 0.94717 
9.0766 -2.8287 -3.9166 9.1313 -7.8475 6.6583 -4.1622 -8.3094 -4.274 -9.6965 
-5.8219 -6.3173 -4.2095 1.7873 5.3285 5.3238 4.3937 8.5332 9.0409 -8.3037 
-7.6734 -9.7964 -4.5719 -0.17445 -3.7611 -6.9919 8.5467 -1.4981 8.6513 3.6726 
2.9244 -8.2817 4.1892 -5.5516 7.9294 -8.9286 0.0030155 0.70493 -2.4398 -5.8218 
-7.8318 -3.4107 -5.1923 2.9446 6.5013 0.73084 2.6135 -5.1414 -7.4597 -1.8159 
9.6699 -3.9834 1.1997 -3.1823 -6.031 5.1443 0.95171 1.0868 3.5376 -9.0989 
-5.0331 0.13142 -3.4794 3.698 7.5858 -7.6626 4.2245 4.7074 -3.9055 -9.4403 
2.1271 -2.2679 -4.4366 8.0006 -5.0575 -3.023 3.7034 8.6216 -8.3014 -3.0 
6.3339 8.7459 -4.6923 -3.5933 6.2045 4.8229 -7.2116 7.1716 -5.455 1.2914 
6.6011 -6.8092 0.04938 -3.9845 8.5791 1.3303 4.4611 7.1829 9.3509 7.5566 
-0.21921 5.5942 1.358 -8.1165 -6.6003 -5.6441 2.2121 5.0569 -1.3102 4.9893 
5.2146 -6.4508 -7.4778 -5.9288 -2.4629 1.52 3.5954 7.5823 5.902 9.8192 
8.3022 6.1059 -9.0226 9.4031 2.9796 -2.6971 0.56303 -3.3115 -8.9794 4.5429 
8.0195 1.2477 6.2634 2.8675 -0.49929 7.5513 -9.2658 7.3219 -2.5384 9.2278 
-5.7152 -0.5985 -5.9711 -1.808 -7.8489 -7.5121 6.9398 -5.0461 -3.8471 4.1713 
0.94122 -2.8078 4.3781 -5.4721 3.8361 -8.4091 -0.57104 7.442 -8.4088 -6.3591 
5.6942 -2.5645 3.6998 2.3905 -4.3645 8.9987 -5.5088 -2.4159 7.6727 -5.9703 
-6.1112 -2.3425 -6.7219 7.1617 3.173 1.9208 -9.4521 8.007 -5.4495 -3.9706 
4.9378 -4.8739 6.9352 7.9612 6.6638 -1.773 -7.947 -2.5163 -5.0116 -9.7714 
-0.48884 9.4408 -0.48012 2.035 2.2191 9.8826 -8.3282 -8.4516 -3.3381 5.5739 
1.6652 3.2113 4.1807 3.2718 -8.6919 6.9375 3.6438 -5.4292 3.8656 -1.8617 
-4.789 0.10573 -4.0582 -1.0959 1.3499 3.2065 0.9684 7.5824 -3.1441 -2.1157 
-8.3036 -6.0396 -5.4621 -7.0937 9.094 6.5858 0.64478 -5.9793 7.5683 -8.0976 
-4.0373 -7.9123 8.0505 1.5874 -3.1909 -4.4362 -5.7288 8.5947 4.5397 -1.565 
8.3426 7.7683 2.4013 9.8286 6.4473 -7.5593 1.4355 -1.7257 3.1243 3.3738 
-0.58964 -2.7408 -5.3549 -2.7431 -8.4629 -3.7151 9.7496 -7.5677 -8.246 5.3964 
-4.6106 -0.92573 2.0 0.48102 1.2554 -2.8204 -4.1791 -0.68763 9.7791 -5.6755 
5.2594 -8.7041 -7.3137 -2.9705 8.9857 -6.4426 7.08 5.0774 1.7342 1.3582 
5.4434 7.0152 -8.9262 -9.729 0.0041631 8.8888 -6.3395 2.4047 -6.8145 2.6021 
-9.574 -4.4113 -5.8803 -1.3443 -3.1053 -0.84021 0.068456 2.4931 5.1181 -9.6955 
7.5997 8.2384 -5.4091 -5.0435 0.090144 9.1713 2.6076 7.6762 -7.9927 2.7116 
5.9634 -8.8046 2.8137 3.2116 0.62607 8.0764 -8.2506 9.0747 0.62038 -2.7495 
-3.5167 2.3193 -5.6063 -2.0219 8.564 8.5119 7.327 5.4148 8.2218 -5.9584 
3.3809 1.2789 3.3812 8.2659 -5.1402 3.2863 6.4639 3.4473 1.4969 0.20737 
-4.0741 3.3654 3.2225 -1.7545 3.0475 7.4634 -8.8996 9.2794 9.6721 -0.559 
8.599 -3.2911 -3.9325 -1.6131 1.6707 4.3084 7.0323 -7.9677 -5.7899 2.9381 
-4.3608 -9.2441 1.3367 -7.059 -5.1284 -2.0078 7.2371 4.2095 1.5939 -0.66367 
