1250 10
6.2945 -6.9237 -1.2755 6.504 -5.7296 2.5071 2.7756 5.8575 8.276 7.8748 
8.1158 9.2359 -9.9701 -8.1842 9.5958 -9.432 -5.5265 6.538 -8.5143 6.3249 
-7.4603 7.5251 -5.6104 -5.8724 4.6451 -0.50025 -6.6132 -6.8165 -0.56987 8.9485 
8.2675 -0.22741 -2.2382 5.8648 -0.56486 -0.093108 -2.1812 -9.7001 -2.7891 -5.1936 
2.6472 -1.8585 4.4871 3.6346 3.0632 -3.4704 -0.81977 -0.88483 -3.8881 1.594 
-8.0492 -7.4685 5.342 -0.60019 -5.5326 -1.6503 6.9089 7.8047 -6.5126 -6.2237 
-4.43 8.5085 -5.1862 7.9554 9.1833 -6.7624 0.66567 -3.848 -2.9866 -2.9745 
0.93763 -9.8884 -9.2904 -1.8294 -4.8629 -9.4949 -8.5744 9.8329 8.872 2.1251 
9.1501 -6.2722 9.046 3.171 9.8845 4.323 -2.9276 -6.9499 -9.6512 2.8914 
9.2978 -3.5188 0.60968 9.1684 6.8652 0.38365 8.5592 -5.9003 -3.0195 2.3052 
-6.8477 -8.9963 -6.7916 -3.9636 1.6933 -4.6659 -1.715 8.6213 -5.3363 7.5805 
9.4119 -7.1093 -2.7449 4.4971 5.5219 -1.7226 -2.6209 0.34148 1.2845 5.0173 
9.1433 4.5874 -4.4477 5.038 -4.4091 -6.6434 7.0179 -7.5376 2.3606 6.0751 
-0.29249 -0.35441 1.6141 -6.2874 -5.0446 -5.1038 5.952 -2.67 -7.7976 -4.9448 
6.0056 -3.2387 2.8173 1.3676 -8.4794 5.1654 -2.9953 -4.5999 1.279 -5.5894 
-7.1623 -5.2647 -7.6223 -8.7777 2.6448 6.7558 5.528 6.2294 5.1051 -7.5659 
-1.5648 -0.98274 -9.3742 3.6656 3.1117 -0.44907 -9.0306 1.4338 -3.343 -2.3127 
8.3147 -6.291 -0.38332 3.3745 -4.3573 -4.239 1.8054 -1.5679 5.5714 -7.1161 
5.8441 -3.5149 -6.9179 -7.316 -2.0855 5.1575 -6.8352 5.6058 7.455 1.7034 
9.1898 -4.7206 8.532 7.8619 2.1314 4.6745 8.7524 5.9993 -7.9264 5.6058 
3.1148 6.6015 -1.7554 -6.6067 -8.2316 -8.6905 -5.8299 4.6799 2.7857 -5.8362 
-9.2858 3.9272 -1.9231 0.8822 -2.5577 9.7965 -1.8395 -3.6444 -3.5331 3.0632 
6.9826 -3.3293 -6.9365 -9.3077 -2.8782 -9.2064 1.2136 -2.0819 -9.5997 -0.45653 
8.6799 1.6046 7.5013 6.2913 -1.9622 5.5582 -1.7469 -2.5389 3.309 8.2199 
3.5747 -4.2432 7.5467 1.902 -0.63397 9.4651 -4.6197 -1.7006 7.4241 1.8377 
5.1548 -4.7206 -8.1431 -1.884 -7.1907 -1.6974 5.3092 -9.5618 -0.49432 -0.97897 
4.8626 -4.802 -3.3482 2.8807 -2.7828 -3.7845 -5.8709 4.7005 -0.72124 5.2739 
-2.1555 3.5416 3.8698 -2.6731 -7.5778 2.0801 2.2927 1.5172 8.4135 9.8194 
3.1096 0.39653 -6.5821 9.9994 -1.4699 -7.305 8.8183 7.7678 0.53433 -7.7441 
-6.5763 -8.4649 -3.0816 4.1209 -6.6654 -6.3551 -1.7897 -3.4569 3.6075 2.0389 
4.1209 -8.8831 -2.6986 -6.064 -3.5802 -0.90528 -9.4662 2.6886 -6.2326 -4.6387 
-9.3633 -4.8254 -3.1668 6.5915 -4.8947 -3.4996 0.08283 0.8246 -7.2855 -2.1243 
-4.4615 -1.2015 8.3078 -3.9502 -4.8312 -0.4637 -9.5446 4.8843 -1.4901 2.9978 
-9.0766 -4.3142 -6.5757 0.46035 0.50993 -9.0865 -4.8149 -5.0495 7.4179 1.5042 
-8.0574 3.5754 -6.1325 2.4973 4.6978 -9.4949 -6.6532 7.0208 6.2085 2.2776 
6.4692 8.9916 9.3242 -9.905 -7.9275 -8.2311 6.5993 -0.25475 9.3504 6.1403 
3.8966 5.4791 -0.77921 5.5074 4.9111 4.7187 -1.4817 9.2923 -5.5075 1.9743 
-3.658 2.7228 4.6976 -5.7521 1.8525 6.0593 -6.0382 -2.1358 0.65033 2.8952 
9.0044 5.0716 -8.2641 -5.9204 -4.8777 -6.018 6.1713 -5.5556 -2.2697 4.6619 
-9.3111 4.9363 -5.6933 5.896 -8.5732 8.3532 2.5836 2.9153 -5.7067 -7.054 
-1.2251 1.7206 1.4114 -4.602 2.3558 7.9521 -5.3042 -0.99793 5.4156 -5.2938 
-2.3688 5.4611 -3.5287 6.6158 -8.5417 1.6735 -9.6618 -6.3805 9.9877 -6.3796 
5.3103 -2.1502 9.1452 9.9452 -7.4177 3.6184 -3.2082 -6.8351 -4.9904 -7.0434 
5.904 2.1058 1.8079 -2.0925 6.0226 6.696 -2.6097 2.3901 -8.6278 -5.5128 
-6.2625 -5.0513 -7.5972 7.9929 -0.32171 5.0968 6.1392 -1.3264 -1.9548 8.1618 
-0.20471 -4.196 -4.4656 0.61687 -8.8994 1.5637 0.58742 2.7568 4.7431 6.3425 
-1.0883 -9.6133 -7.0867 -8.355 3.3357 -2.0009 -6.3185 1.63 5.8583 -3.9694 
2.9263 -3.0538 4.3828 -1.629 -8.9227 -9.1476 2.8551 -9.2719 3.5958 9.6735 
4.1873 -7.1641 5.1029 -9.6219 5.9621 -9.0095 -6.6329 5.162 4.6357 -7.784 
5.0937 -1.7693 6.9585 8.0304 2.4305 -3.9339 -5.7965 1.4498 -5.1474 -8.3063 
-4.4795 -6.9386 -6.7825 -2.5008 -1.5702 4.7083 -1.9943 -8.8583 8.5583 -3.9016 
3.5941 6.5802 -1.4614 -9.7631 -7.1368 -3.8964 -9.9763 -5.481 0.34741 -1.2508 
3.102 4.784 6.0331 0.023 2.3891 -2.9216 1.7496 -9.8818 -2.6298 -4.538 
-6.7478 -8.0226 -5.8723 -1.1323 6.638 1.159 -6.7637 2.2039 -3.6153 1.789 
-7.62 6.4127 3.1387 7.0489 -7.8049 -6.1654 0.26465 4.0169 1.1904 -4.4426 
-0.032719 -5.4578 -4.1968 0.017257 5.0126 1.7669 0.66311 -1.4621 3.4551 6.1809 
9.1949 -7.8612 3.716 -7.7561 -5.7098 -9.1441 5.4403 9.6047 -3.5751 2.7002 
-3.1923 3.2555 -3.8242 5.828 3.8208 6.0152 -2.1313 6.2472 -3.3596 -2.5901 
1.7054 9.0915 8.854 8.6965 2.9281 -2.6892 -7.8214 -2.8648 -9.8635 4.3472 
-5.5238 6.2913 -5.2218 7.1178 -5.9998 -5.0958 3.9868 -9.0217 0.68196 -2.9224 
5.0253 2.4651 3.9756 -6.8999 0.80294 1.2091 -0.46333 7.5972 -0.15221 -6.4201 
-4.8981 -3.4346 -7.2016 -8.374 -0.73343 2.485 8.8251 2.1786 8.608 -9.0988 
0.11914 -4.4526 -1.0964 2.5652 2.2675 -3.9525 -6.9451 -8.6692 -1.9853 0.21379 
3.9815 -1.3125 2.9209 -8.0609 -6.2098 -0.54864 -9.6258 -5.4153 2.8417 -6.275 
7.8181 -2.9941 -8.2976 -9.3313 5.5727 1.7579 6.0324 2.8869 -5.9877 2.5787 
9.1858 7.5552 0.24028 -3.5278 -3.7447 7.4178 -7.9138 -2.6553 -4.0143 5.9987 
0.94431 -9.8769 -5.0165 2.901 -8.4808 -6.5993 -0.053783 1.0268 -8.9932 -4.1292 
-7.2275 3.929 -2.4943 1.6855 2.22 -0.31855 -9.2714 4.9032 -1.3431 -7.0437 
-7.0141 -3.2387 1.7938 3.4435 -4.8308 0.61426 -0.058746 1.3254 8.9617 4.3213 
-4.8498 -3.9003 9.9037 5.8538 4.2379 6.7073 7.0865 8.5405 -0.27271 -6.5548 
6.8143 2.962 -9.233 -2.3961 8.7723 8.1913 -8.2987 -2.0194 2.7044 6.7733 
-4.9144 8.4229 -4.6863 -8.4141 4.4939 -9.9705 -2.8494 -7.3033 0.084206 -6.884 
6.2857 7.8615 -3.9562 -1.3162 0.84219 -5.7138 -1.5083 -7.4698 2.7071 -4.7606 
-5.1295 9.9436 -5.8771 5.7095 7.9791 -4.8001 -9.8543 2.29 8.2219 8.8158 
8.5853 -8.5423 2.674 -3.9024 4.8266 2.9092 2.7146 -0.64392 -0.56501 -0.64624 
-3.0003 -7.4076 4.3116 4.6806 -0.26617 9.1287 -3.3041 1.2158 -9.5556 2.5744 
-6.0681 9.6314 0.71006 -7.9961 1.5627 6.1958 -4.3577 1.5141 8.5963 -9.5111 
-4.9783 -8.1952 -8.5077 -6.5447 7.9362 2.2397 -4.0013 -7.6531 5.3993 8.1544 
2.3209 3.7232 -6.9328 8.5023 -9.1058 -3.3793 -5.6448 -1.7583 7.4981 -4.9284 
-0.53422 8.5793 3.6732 5.7684 -7.4472 -1.777 -1.4663 -1.4548 9.416 3.7509 
-2.9668 -7.1637 -3.3244 5.5765 -7.8239 1.6998 -7.9567 -7.3279 -2.8996 -6.059 
6.6166 7.6883 6.8397 7.5461 -0.4997 -2.9286 0.63893 -8.8141 5.9561 -1.287 
1.7053 -9.6048 8.9598 8.1944 6.9296 -2.0335 0.98533 2.6873 9.0604 -5.4549 
0.99447 -3.1463 5.0337 8.6077 4.6142 -9.9509 0.32431 5.8377 7.8138 1.3443 
8.3439 -5.2339 -9.4562 -1.9199 2.4765 3.5059 0.74281 -8.1601 -3.9577 6.6518 
-4.2832 9.6913 4.882 -4.217 9.9936 8.4937 1.5221 -1.595 -8.8386 -5.1457 
5.144 6.932 -3.2649 5.3742 7.3233 9.8552 1.0934 -6.3427 7.8327 8.7027 
5.0746 5.8902 6.027 8.8776 -8.7634 -5.3202 9.2713 9.8758 6.5772 -7.8114 
-2.3911 8.0056 -6.6619 -4.4121 -6.4577 7.4788 5.2484 -4.7876 -8.4502 8.5607 
1.3564 5.6021 2.7338 -2.5774 5.0599 4.0287 3.0541 -1.3176 5.2428 0.7401 
-8.4829 6.7302 -7.1352 -4.5357 -9.8797 -8.1958 -2.7556 6.2479 -0.9539 -9.0656 
-8.921 -3.5781 6.4022 -0.52922 4.9692 -9.0703 -4.786 -1.697 5.0386 -9.9963 
0.61595 4.8549 -6.4304 9.2109 4.1899 7.4378 9.1991 -0.91477 0.15062 4.7899 
5.5833 3.2899 -6.4125 -7.9649 -3.7908 9.0765 4.8079 -2.366 5.2219 -7.5002 
8.6802 -4.2163 -6.9665 0.81289 9.4482 9.2441 -6.8334 5.3258 3.7506 0.60451 
-7.4019 -3.2526 -1.3076 -3.8494 1.9318 -7.4731 -5.2688 -4.9106 5.1332 -6.7429 
1.3765 8.1727 7.6 -6.967 -1.0275 4.7416 0.43753 3.7234 -3.686 2.4448 
-0.61219 -9.355 -0.0096015 -1.5475 6.1172 9.5116 -6.8092 -0.93023 0.20018 -9.5422 
-9.762 3.9272 1.3603 -3.5158 -1.408 -2.6645 7.1034 6.8308 -2.727 -2.6909 
-3.2575 -5.8246 -8.2488 1.1281 -5.6289 0.1795 4.3778 1.3719 -5.44 -0.26934 
-6.7564 6.483 -1.1209 -6.3112 -2.8964 -3.6911 1.9861 -5.1628 4.9997 -4.8194 
5.8857 -5.6354 4.0914 -5.7019 1.9125 -7.4513 -2.4568 -8.6091 -2.613 6.955 
-3.7757 -8.0072 9.6361 1.3052 2.6244 6.3545 0.55276 7.9419 7.9023 -9.6591 
0.57066 2.3901 -2.8378 8.1729 -5.4355 4.9106 -4.2476 -7.5262 0.69808 -3.5767 
-6.687 -7.9237 -7.6936 3.998 -9.6318 1.9289 7.3914 0.8573 -9.4951 3.0529 
2.0396 5.9812 -4.7975 7.7092 3.4205 1.5113 0.25701 -9.2016 4.1635 -2.9617 
-4.7406 8.0585 9.9056 4.8639 1.3746 -4.7829 -7.5683 1.5873 -0.41526 9.2569 
3.0816 -3.7497 6.75 -1.1064 -8.361 -8.7119 -7.2682 3.0771 4.8187 -5.8996 
3.7843 -4.3682 5.0014 -7.6279 9.1171 -1.2632 5.4703 -6.4572 -6.6907 6.9564 
4.963 -9.8644 5.291 8.7854 6.4258 1.0501 9.2489 -0.00090812 -3.4458 7.8644 
-0.98917 -0.082567 9.5141 1.929 -8.8661 2.9772 3.2121 -9.8821 4.1181 7.0073 
-8.3236 9.7696 7.6716 -3.3797 9.1786 -1.3526 -1.6441 3.4051 -8.8333 6.2322 
-5.4205 4.7588 2.8183 -4.14 3.8114 -1.6643 -5.2136 1.2595 1.6623 8.6903 
8.2667 -3.7856 8.0917 0.081632 -5.2948 -8.9653 6.9724 9.4773 -9.5749 1.5912 
-6.9524 2.0082 6.2144 6.8956 0.24133 -6.8038 -4.296 -7.8431 -2.298 8.0676 
6.5163 5.6336 2.1208 8.9133 9.0177 5.6657 3.4082 -8.869 1.8694 8.7215 
0.76685 -7.7693 7.147 6.9662 9.4114 -7.0431 6.8701 2.4829 -8.1902 6.6267 
9.9227 1.5866 -6.862 0.88036 5.4412 8.183 1.6822 -9.4987 4.1829 1.037 
-8.4365 7.4074 -3.5317 0.41679 -9.0031 1.8287 -8.6595 0.77122 5.1947 -0.4383 
-1.1464 3.7955 0.12947 0.52435 0.41912 7.7309 0.11276 0.57017 5.55 -2.8434 
-7.8669 -5.1406 -2.1346 2.5017 1.5356 -8.9271 0.23175 -0.70728 3.6698 -6.5508 
9.238 -3.1456 -4.3859 -4.4238 4.7631 -0.67398 -7.0407 0.4329 -5.5433 8.2195 
-9.9073 0.9088 7.7694 0.43774 6.5811 -7.7583 4.9306 1.7985 -0.56116 -3.0349 
5.4982 -8.6485 -3.8814 -3.3952 3.0384 8.0146 8.5069 9.9395 -2.1044 -7.0895 
6.3461 -1.791 6.5413 -4.4981 -2.0565 9.0604 -6.9519 7.6494 -0.4625 3.8236 
7.3739 -5.2498 -6.3377 -2.5418 -2.4673 6.2541 -2.8589 -6.8161 3.8214 -9.334 
-8.3113 -0.22053 7.021 9.7264 -8.8688 -3.3622 -4.2844 -1.6685 -0.70567 -6.5069 
-2.0043 6.1213 -4.0786 5.0671 -1.9824 -4.5753 1.0915 3.1282 4.1501 -2.4694 
-4.8026 -2.443 -9.3767 -1.0802 -5.8606 -8.9752 -1.8539 0.13219 -5.6842 5.4297 
6.0014 0.35956 -2.5802 6.9156 6.0905 7.7856 8.3688 -9.372 -4.9028 -2.4379 
-1.3717 -8.108 -2.2965 0.028488 -6.4414 9.7067 -1.7749 7.8287 -9.3511 -0.69693 
8.213 8.1819 7.1304 1.0374 -2.3725 -2.7128 -3.3415 2.2307 5.7832 -9.9801 
-6.3631 -5.8474 8.4508 4.8552 -4.721 2.9266 4.2431 -2.1213 -5.9059 -9.641 
-4.7239 -2.3587 -4.8649 -4.5516 -9.6067 -9.4225 -3.3782 -1.3341 -3.649 9.4471 
-7.0892 3.2056 1.5659 -2.273 1.6671 -5.3935 0.83143 3.1802 -2.1085 5.5521 
-7.2786 5.1675 -3.4545 5.0722 -5.3519 4.4143 -5.464 -3.2649 -3.6986 -5.9965 
7.3858 -6.5386 -0.50819 -0.13058 3.224 8.4879 3.787 -3.6794 6.5642 1.0303 
1.5941 0.3476 4.8619 3.3036 -9.2521 1.3496 -7.9479 -9.054 -0.86687 5.2715 
0.9972 9.9068 3.4164 8.0374 -6.758 6.7754 -2.7552 -3.5572 -7.748 0.98861 
-7.1009 4.1522 -8.7222 -3.3142 0.63898 8.5524 -9.3307 -4.6126 -8.1105 6.4609 
7.0606 -8.3887 8.0364 -4.0886 2.2037 -4.9681 8.8397 1.6048 -0.025882 -8.3183 
2.4411 -9.1338 4.4185 2.362 0.86897 -9.3334 -1.1931 -5.1991 -4.1509 -2.2277 
-2.981 -0.17689 -1.1341 -6.3504 -8.599 4.4419 -6.3707 -9.8317 1.6799 5.7616 
0.26499 -1.0681 -6.553 -5.7571 -8.0577 -9.0497 7.3411 -7.4987 -9.2587 5.5925 
-1.9638 -0.26403 -1.6812 6.1271 5.866 1.0867 1.6329 -0.048007 5.7944 8.1374 
-8.4807 -6.6822 -9.9857 -7.8256 -4.1072 -8.8628 -8.9505 4.2041 4.6282 2.5112 
-5.2017 -2.7869 0.93083 3.5462 -6.1102 7.9751 7.742 4.5822 3.4969 1.463 
-7.5336 7.6144 1.2861 -6.1023 -6.2966 0.46048 -8.8029 5.563 -5.1785 3.6638 
-6.3218 4.887 -8.6987 -2.5642 -6.3207 4.4599 8.1728 7.3391 3.3891 7.7516 
-5.2009 -1.6646 -2.2661 0.79436 5.6814 -7.2169 0.59809 6.2828 7.3867 5.2757 
-1.6547 8.1471 0.099298 -4.9772 0.45958 -4.7652 -1.634 -5.6333 4.1354 2.2044 
-9.0069 -8.1139 7.3715 4.383 5.374 -4.9172 -2.0795 -4.9735 4.3672 -0.50726 
8.0543 -6.3735 4.9703 -3.5767 -1.528 5.8397 8.3991 -0.13009 9.722 4.6485 
8.8957 8.9317 4.9143 -9.2472 6.0781 7.8856 5.91 -5.4717 9.5542 -1.442 
-0.18272 -7.983 6.9587 6.2372 8.7338 -0.53746 5.9496 -4.8192 7.7093 -8.5258 
-0.21495 -2.2392 -5.258 -9.0938 -0.24038 1.9842 -4.9144 -5.2434 -2.9522 7.4284 
-3.2456 -4.2155 -3.2494 -4.0495 -2.7105 -1.2854 4.2796 -8.345 -0.73855 -9.5853 
8.0011 -8.5383 9.2826 -3.9216 -1.602 -0.49717 -2.4443 -7.7261 -5.8089 -3.7516 
-2.6151 -6.1078 -7.1297 0.7277 -2.2102 -6.8351 2.4929 8.2609 0.3592 8.5403 
-7.7759 -1.6503 -7.9293 -7.596 3.2608 -4.1095 -3.3003 -6.8613 1.76 6.2732 
5.605 -4.1415 8.1729 5.9053 9.3627 1.9 0.33442 -1.3895 -0.1205 0.94546 
-2.2052 4.0428 -7.6963 0.051015 5.0159 6.1748 7.0711 9.5514 6.7875 5.3493 
-5.1662 -5.2057 4.8874 -5.4403 1.8639 8.6451 0.77024 -3.7972 -8.7596 1.2374 
-1.9218 9.1897 4.4933 6.6256 9.5636 1.7778 8.3299 -5.1194 -4.6101 6.8025 
-8.0709 -3.8908 -7.5556 -7.7311 1.0897 7.5659 7.478 7.2016 4.1188 -7.7053 
-7.3605 -6.9017 9.6981 9.9865 5.1111 -4.2042 -0.86334 9.7117 5.4263 -1.6916 
8.841 1.1102 -5.8371 5.166 -4.6092 -1.3194 -1.4979 -9.6653 -7.5958 1.9611 
9.1227 5.8109 -5.0051 0.3692 7.0073 -0.46485 -1.226 -6.9845 -0.37469 4.8044 
1.5042 -1.1226 -0.27521 -0.46751 2.197 0.15053 -4.8279 -3.0206 -1.8223 -5.0878 
-8.8044 9.9164 -4.1451 -4.5498 -0.037624 0.43826 -9.7381 -5.3132 0.032304 4.1404 
-5.3044 -1.2683 4.33 9.2632 -1.2113 9.958 8.5693 3.6546 -3.5824 4.5631 
-2.9368 -3.9112 1.4838 -3.6111 -6.227 7.4022 4.8361 -6.6836 2.1958 3.9448 
6.4239 -5.0698 4.2205 -0.94095 7.4521 -7.4003 0.064023 -5.0744 -1.8353 1.788 
-9.6919 9.2165 -7.9838 0.66437 -8.1402 -5.4715 -9.4886 2.5216 7.8326 -0.47431 
-9.1395 -5.5424 -3.7225 5.6676 5.2214 -0.54551 5.1646 2.6995 5.4891 -5.1499 
-6.6202 -2.0878 8.5657 -1.7533 -9.9055 -7.5512 -3.8376 -6.1851 -2.9175 0.22941 
2.9823 -5.5095 7.8586 8.1959 -8.456 -5.933 -8.7428 5.2235 9.9042 -6.0089 
4.6344 -4.5995 1.9741 -7.587 -7.4247 -0.54674 -6.8068 1.9884 -2.695 -3.0337 
2.9549 -1.6312 -0.067066 7.4493 8.761 5.0353 8.3796 -8.9111 1.4446 -3.6863 
-0.98153 9.9547 6.514 3.0278 5.3878 3.8927 -2.2066 -8.5604 9.6598 0.82406 
0.94018 8.2206 6.3156 -1.3701 0.93422 -7.9876 -6.1798 9.3956 -8.8179 -1.1978 
-4.0736 1.0085 -7.1759 -7.2567 5.972 -2.3701 4.9167 -3.5827 -5.328 4.8974 
4.8939 1.9267 2.0933 -9.6317 1.2903 -1.2795 -0.94067 1.705 0.22856 1.5748 
-6.2209 -8.4171 5.8114 -2.6852 8.0415 -5.0499 8.3233 5.5595 -5.7768 -0.64565 
3.7355 1.5327 4.9717 -9.6538 6.8714 2.0706 -5.9742 6.369 3.8574 4.9999 
-6.3298 7.9634 -9.8036 -0.57113 6.6744 8.0609 7.2248 -4.4461 -7.8032 0.3162 
-2.6303 -0.73379 -6.132 -7.3668 -6.0243 0.47232 5.5111 4.139 -1.1401 5.7689 
2.5124 -2.0321 -2.3041 6.8971 2.9353 8.179 -8.5637 0.95697 7.7622 5.8598 
5.6045 -7.9108 -1.2249 9.1481 -8.53 6.8597 -5.4315 -6.1776 -3.7532 5.4636 
-8.3775 3.0447 7.8459 -6.0774 7.9185 -4.7891 -9.4469 -5.7557 4.0238 6.1366 
8.5877 9.834 8.6057 4.7548 3.9414 8.7537 9.7083 -6.197 -9.6676 7.4289 
5.5143 3.5615 2.0473 -8.8882 -5.9756 -5.0693 3.7416 -1.597 -2.4417 7.3994 
-0.26417 -1.4304 4.5795 0.28988 2.6047 0.53689 -6.9104 -1.7645 3.7182 -3.4831 
-1.2828 3.096 7.8873 -7.6243 -9.6212 -8.3967 3.8614 -3.7121 3.2662 8.9843 
-1.0643 1.7749 -2.7632 2.853 6.171 -5.395 3.5637 -1.561 5.5689 9.5508 
-3.873 4.9011 -5.9262 -6.7468 -9.6659 -0.70967 9.4508 5.4116 -8.7107 0.10528 
0.17017 2.8174 0.60562 -8.7666 6.9224 7.5942 6.0665 6.5642 4.4791 -4.0591 
0.21543 0.073524 8.5441 1.1701 -6.7955 9.3986 -8.536 -2.4783 -3.7433 -5.3126 
6.3526 8.7608 -5.801 -7.1124 4.2514 -2.0186 9.5817 -7.2303 9.0929 -9.4746 
5.8966 2.1069 9.6404 -2.6344 -2.5625 8.0287 1.538 -9.5091 7.3454 8.2594 
2.8864 2.7785 -1.6727 -5.9762 1.3881 -8.9007 -0.51451 5.4119 7.6588 -6.6401 
-2.4278 4.0531 -4.6267 -9.9964 9.1036 -3.7764 -5.8636 -1.8692 7.9374 8.9357 
6.2316 7.219 4.6148 6.2 2.4924 7.126 6.8527 -1.5226 -6.0083 1.3801 
0.65651 -2.4068 0.6822 8.0614 -8.7448 7.1625 2.1025 -3.0197 0.066387 9.9391 
-2.9855 4.2425 -2.4977 -1.1869 -5.884 1.6852 -3.367 7.8678 0.53585 8.6438 
8.78 0.47041 -2.3519 -2.6833 -8.5604 -5.2284 4.0494 0.90948 1.7361 3.892 
7.5189 -2.7302 -5.6568 -2.7039 -9.6339 1.2282 2.5467 -1.3024 8.1308 5.3046 
1.0031 -1.3065 6.9029 -4.2425 0.77833 9.2809 -5.1656 -2.0389 5.5514 -5.1376 
2.4495 3.752 -8.5652 6.7019 8.0255 1.9279 1.9615 -2.1211 3.4323 -9.9147 
1.7409 -5.463 -2.7496 9.5176 6.4965 8.9008 8.0127 6.0086 -8.7046 1.646 
-5.8452 9.5801 -7.8083 -5.7142 -1.2631 1.3568 4.6286 -8.9868 0.055027 -0.306 
-3.9751 9.5134 8.2716 3.3202 -8.0704 -6.3706 2.6785 -7.2999 -8.4839 -4.3724 
-0.58153 -4.2097 -9.1898 -1.185 -1.8637 3.4995 -5.9082 -3.8126 1.0044 -3.6624 
-5.3902 -3.2313 -5.4414 -1.7442 -2.316 -0.43309 -8.0762 1.3484 0.6514 1.9914 
6.8862 9.9289 -2.9752 6.931 2.8788 -7.6472 1.4963 -2.6904 -4.8444 -4.4339 
-6.1047 5.7794 7.8197 0.04729 1.2658 8.2227 -3.7091 -5.3983 -7.8769 3.0672 
-5.4816 5.8984 -0.32075 -5.4196 -6.1114 5.7704 7.6998 4.1391 5.4464 -1.272 
-6.5858 2.6474 -5.8117 4.2409 2.3456 0.84904 -0.37258 -5.2086 -1.5201 -7.9359 
-5.4467 6.229 -3.6369 -1.3564 -3.5381 4.8772 -3.2346 5.738 6.2271 7.1382 
-1.286 -1.0381 7.9857 -1.6811 7.4662 8.4343 -2.1231 2.7908 8.9611 -9.0043 
-3.778 6.6123 -9.8603 8.6253 5.141 3.3137 3.0751 3.888 -7.4146 -7.3013 
8.4676 -7.4667 -6.5223 -7.0576 5.0412 -0.12782 -4.7711 2.2566 -8.7863 -9.2689 
-1.3959 0.26536 5.3548 -9.6032 0.81238 -7.0052 9.2529 -6.9322 -2.4378 0.20013 
-6.3037 4.3186 -6.4886 -1.5197 0.78229 -5.1992 5.8133 -4.6948 -0.86645 -7.4403 
8.0976 -5.0371 0.1468 8.936 -8.4336 9.4845 -8.0007 -2.0667 7.3083 -5.8344 
9.595 0.63801 -4.124 4.6154 -3.0945 8.0672 1.1361 5.5176 4.0408 -7.0926 
-1.2226 -2.3558 7.465 -3.7618 3.8728 4.3101 -1.6882 -9.8121 1.3385 -3.7471 
-7.7776 6.0352 6.4697 -6.8985 -4.5062 -6.2677 -4.6817 -0.77088 -7.5484 5.9832 
-4.8387 3.4172 9.9764 9.7823 -7.1323 -4.9142 -0.78272 0.83747 -4.4985 -3.2481 
-1.8256 9.6572 -2.5091 7.058 2.322 0.12696 -5.972 1.777 5.1281 -9.6346 
1.8979 8.7364 0.16189 3.4719 0.95446 3.2858 3.9493 -0.28022 -6.2434 -6.0762 
-4.7558 1.5254 4.97 -4.6096 -8.0325 3.2317 -9.5297 -4.4432 -5.3205 -0.85226 
2.0569 -8.3963 -2.0017 8.051 3.7859 8.602 -6.5166 -1.8847 -3.7258 -1.1045 
4.2243 -1.7235 8.6331 -4.6859 -3.7769 5.58 2.7271 7.2481 9.5535 -2.3484 
-5.5651 -6.3831 -1.4463 7.073 8.2971 -4.3316 3.0524 -0.95864 4.3968 -2.6767 
-7.6516 9.9126 -9.1556 -1.6174 5.5902 -9.158 4.7446 4.9845 8.9868 1.6614 
-4.0665 0.40772 -6.8489 -8.2863 0.75612 7.2714 3.4272 1.9891 4.1087 8.5852 
-3.6244 7.7057 -2.773 8.7092 -1.9552 8.8602 -9.1435 -3.4423 6.3173 9.9486 
-1.5167 2.965 -8.8229 6.4714 6.108 -8.5045 9.8792 -2.3961 -1.9464 -0.39646 
0.15717 -0.67493 6.8672 8.6491 -6.6239 -4.3344 -4.0205 9.7297 -2.6853 -5.5299 
-8.2897 -8.0944 7.7997 2.7406 4.8501 -8.8671 6.1334 5.8869 -5.8954 8.8464 
-4.7504 9.3564 -8.8221 9.7303 -4.2885 -5.8412 -6.3537 -1.4001 0.019749 0.085228 
6.0203 2.4022 -5.9501 2.585 -5.1186 -0.49423 -0.55914 6.8799 8.3142 5.7355 
-9.4156 -6.8799 -8.2526 -1.4183 -4.7504 0.51951 0.23643 -3.2506 -5.7553 9.9872 
8.5771 -2.0327 1.4615 -4.4597 -2.6754 -5.7462 8.5687 -8.2602 -6.4529 -0.016644 
4.6066 7.6501 -1.2602 6.5866 7.9818 -6.3997 1.0709 3.6808 -9.5654 -9.3328 
-0.22782 0.78028 -8.2238 8.5892 6.9795 4.7613 0.39771 -9.754 -1.5467 -8.5092 
1.5705 0.87352 5.5145 9.0915 0.23482 0.89281 -2.2548 2.9276 2.5434 2.8242 
-5.2543 -1.1509 4.6785 -6.6617 -7.8667 -9.2311 -6.1573 -2.8122 9.0952 5.7733 
-0.82302 -6.3251 -7.0955 -6.3927 1.9509 -7.3372 -1.2856 -3.5091 -8.2875 5.3212 
9.2618 -5.0154 2.3166 8.9541 1.2211 -8.4146 -5.034 -1.486 1.4876 7.2493 
0.93611 -4.2978 5.9641 2.6414 -9.8287 7.5014 -1.0136 -5.0466 2.4554 -7.1832 
0.42272 0.59019 6.4046 0.92873 0.35814 6.924 8.516 6.5859 -7.3553 1.0752 
-5.3681 1.1967 -2.6275 2.9321 -4.692 -0.019732 -2.9402 4.8388 1.9803 -0.95833 
-0.22205 -1.6971 6.1987 9.8047 -0.63917 7.2887 9.8913 -4.6882 -6.2882 -4.2082 
2.4812 8.1136 -8.7864 6.2619 -5.6137 0.04951 5.5772 0.47753 6.7037 9.1403 
3.5827 -3.8971 -8.185 8.2672 7.9426 1.1553 7.6127 3.8827 -4.9469 7.3219 
-2.0897 2.9954 6.1117 1.1824 -6.0155 0.057287 1.9837 -4.3339 -3.5685 -4.0594 
-2.6513 -4.2244 0.93962 -3.7427 3.2077 7.0695 -7.9796 7.4262 -5.0061 -4.8357 
9.7596 -4.895 7.9025 -1.1209 -5.638 -5.674 8.531 6.1573 -2.5179 -1.7642 
-9.2452 -2.8363 -6.2628 -4.6808 3.1998 -3.5649 -4.2931 3.7191 5.9071 -1.9566 
7.7034 6.1184 6.6492 -7.1457 -4.4939 3.3707 -3.9251 -7.8628 4.0574 -5.4626 
8.2657 0.77853 -8.7472 5.341 -1.4001 -1.5588 -1.2241 -1.3105 0.49273 6.1203 
5.9237 1.8013 2.0006 2.1802 9.7191 0.7902 7.8432 2.9883 5.6565 6.9259 
-8.0258 -5.3772 -8.7986 -5.6445 -8.035 3.3234 1.5698 -4.7944 -8.4713 6.8789 
-4.7626 -7.9611 -5.3293 -0.61291 5.4033 0.22836 -3.9173 6.4773 1.8635 -6.1914 
-3.2929 2.8929 -5.6059 5.8936 9.4018 4.572 -9.4681 0.34161 -6.8756 -7.0921 
3.5946 9.6028 -4.815 1.7215 -7.6605 7.0879 7.2187 9.9865 1.717 1.6095 
-7.2689 -7.9656 1.9857 8.2713 3.8501 8.1075 8.6643 -6.625 9.0831 -2.5941 
4.4245 -6.2427 3.8983 5.0403 2.5768 -9.937 1.5607 -6.9709 2.9144 1.6167 
-7.8648 -9.8123 8.4426 6.1866 -3.3756 -0.7366 -3.121 -9.548 6.9308 -8.7689 
3.0751 6.7661 3.1115 4.5403 2.742 0.731 -5.1703 1.3884 7.182 -9.6786 
-0.11652 -0.37315 2.6729 6.9076 2.5784 -5.3296 -6.7297 5.9465 1.373 8.8161 
5.581 -0.62939 -1.964 2.3178 -5.2915 -4.3713 3.0228 -9.0335 2.1376 -2.8462 
4.3007 8.171 -2.8432 2.2704 3.453 -6.613 -5.721 -4.5587 -0.80583 -8.2059 
8.0744 -1.6571 -0.92025 -9.8064 -4.4543 -6.8769 -2.4557 -2.9723 2.5662 3.9831 
7.8185 0.88276 6.7787 1.2629 8.5614 -1.5589 4.2063 3.4784 4.3001 4.6771 
-3.3167 3.9802 -2.1997 7.0815 4.1908 -5.2408 1.4286 7.9314 -5.0233 -2.3242 
3.9749 -8.419 7.7935 -0.96218 -0.49612 7.437 2.2219 -2.8575 3.494 1.1955 
-6.0438 0.18832 6.229 -3.2339 -1.777 -4.1616 -2.586 9.1544 -1.0539 9.9002 
-9.3892 -0.26203 6.445 -8.2966 5.2943 -7.5551 -8.1954 9.9695 -8.5669 -7.4032 
4.8815 7.1176 7.2979 7.8977 -3.9444 6.475 8.72 -0.20518 4.2166 -0.4237 
0.00044871 2.2881 -3.2251 -1.1059 8.8968 -6.979 6.753 0.48826 -7.9637 1.3894 
-0.40156 -7.6517 -8.7347 7.8716 -0.17418 -4.5993 8.4578 3.91 -5.0755 -6.9802 
8.0944 2.1375 -4.6627 0.5435 3.5932 -1.328 -3.1075 3.3367 -0.91374 2.2836 
2.1973 -6.7164 -8.1486 -0.93987 -3.5364 9.2403 -3.081 2.063 -5.2025 -7.3133 
2.3533 -2.0195 3.4262 -9.7173 -2.2991 5.9296 -3.9883 -2.2069 -6.7532 -4.3432 
7.1888 0.64715 8.8983 -4.6435 0.49622 2.1341 3.8865 -2.331 0.5039 1.8495 
6.1098 7.5042 3.1262 5.9733 -6.9416 1.8559 5.1645 4.0672 -9.8728 -9.0494 
1.5344 3.1808 -1.6728 -5.8926 0.35269 2.779 -7.7495 -2.2989 4.55 4.1442 
-6.3416 5.7525 -5.1679 2.8563 -1.2407 6.1782 5.7515 7.4244 6.2678 -2.2373 
-5.2014 -7.4795 -2.9802 3.8734 4.9346 8.3556 -4.5709 -9.4283 -4.045 -6.1261 
7.7302 0.49948 3.9948 -8.0585 9.1973 7.9625 0.36876 -9.6459 -1.4932 -7.2872 
-9.4265 7.9896 -0.22566 4.7869 -1.1636 -6.5033 -4.2793 -3.4057 2.2559 -5.2327 
-0.20197 -7.8183 6.4074 9.5221 9.388 -6.7789 -7.2795 3.5792 1.7756 6.1286 
-6.6415 2.6914 -3.4007 5.148 0.0028601 -9.3294 2.4496 9.3565 -3.4379 5.7858 
9.5736 -8.3831 -8.1187 -5.8691 -5.7461 -3.2315 -0.62913 5.9461 7.1584 9.6267 
4.2539 -1.7754 6.6352 -6.4998 0.18093 4.8481 0.64987 1.6727 5.5542 0.24927 
0.0094325 4.2527 -1.4664 8.2164 -9.0415 -9.2921 -1.111 4.3958 8.3581 1.5912 
-0.57823 -7.9916 -4.861 -4.608 4.8679 -3.0326 6.1607 9.1748 -0.90848 6.9499 
-8.8076 6.1989 2.1179 -6.2114 -9.8844 5.4911 3.2023 -4.6817 8.6825 -3.3808 
3.6394 2.7562 1.5425 -1.2911 1.2819 -0.25113 9.9257 -8.0009 2.097 7.0872 
-9.1514 7.9614 9.2289 8.2482 -5.0334 -8.1104 -1.4897 -6.4654 -1.6118 -2.7635 
-8.5711 2.4364 -8.7324 -6.1976 -1.2015 -7.968 -3.763 -2.5469 9.184 4.8117 
0.433 -1.7079 4.3887 4.1804 6.2563 4.1776 -6.3545 7.3271 -3.1575 -2.5533 
-8.0654 2.9512 8.0402 5.2729 6.7807 -8.0628 3.8552 -4.6743 7.3385 -8.7305 
6.363 -0.21462 -6.0963 -4.5571 9.4118 3.5393 -4.0317 1.4786 -7.8008 3.3426 
6.3509 -8.1249 7.9534 -4.0985 0.94121 -6.6201 -1.1156 -7.8479 -9.8829 -2.0529 
4.4488 2.7465 6.4321 9.2244 -4.6051 5.942 -2.0513 -3.2396 1.7506 -2.6392 
-7.0027 9.0052 3.3189 -5.7321 -9.7432 -5.8333 7.7923 -8.7854 -2.6162 1.3722 
3.1921 -0.47247 3.1335 -2.3882 0.015459 3.0253 -2.7439 3.0866 0.30106 4.59 
0.3719 2.0561 0.71084 3.3546 -5.066 -2.0503 -6.2974 1.4277 5.367 -7.7805 
9.4595 1.8297 -7.0392 -2.5168 -1.3001 -0.42249 8.4215 -0.26397 -4.1951 -1.262 
2.9798 -5.4948 2.3075 3.6626 -9.7594 0.84225 -9.8599 -5.6562 9.4331 -9.3347 
6.0066 3.3687 -2.5217 9.5064 2.1702 3.1961 0.10049 1.0294 -1.2439 8.5373 
-0.92405 -6.869 -1.2253 3.3785 -4.5243 -6.1074 7.1906 -9.5432 3.0577 -6.5177 
-1.3522 5.485 1.9833 3.9487 8.1735 -3.7866 -4.7244 8.6115 7.6897 -0.31039 
6.5063 -5.7389 7.5594 -5.05 7.1589 -5.8385 -0.23424 -8.6116 -4.8533 9.3068 
-8.3306 -6.6175 -7.6817 7.4505 -1.4298 -9.0676 0.99979 5.3985 6.6861 -5.8697 
-7.3366 4.5151 9.7148 5.5313 -5.6358 5.9943 -7.371 9.6175 8.7604 9.7571 
-6.5322 -4.8762 7.1451 -7.1984 0.77318 6.4586 -4.7599 4.9586 7.1438 1.471 
-2.1812 -6.7447 -1.1679 -4.9444 3.6983 4.8596 -3.2424 -3.7482 -5.1593 0.46414 
6.6276 2.5155 6.6324 1.1416 4.461 -0.19315 2.2785 4.7368 -7.5608 3.9477 
6.0673 -4.9851 -4.1471 0.19691 -2.5691 1.4046 6.3303 -3.0357 -7.432 -6.0481 
-8.7906 -4.7404 0.21872 9.5203 3.3847 -2.6319 -1.3374 6.9896 -1.4256 7.85 
-2.0148 6.8786 5.0247 5.5983 -6.1031 6.707 -9.6373 5.0139 -2.461 -5.1532 
0.53752 -2.0516 -2.3935 -5.141 -4.7285 7.9945 -6.2877 -1.6097 -8.6746 -7.8833 
-1.664 -7.9084 -4.6747 -8.2264 2.3123 3.2276 3.547 -9.0523 -6.3728 7.0326 
3.1372 -6.1229 -4.7479 6.0689 3.329 5.5789 3.8241 -5.8064 6.0863 -8.4658 
2.5595 -2.7386 1.6525 4.0639 0.84961 -9.9437 -7.0196 6.892 -8.33 -5.0105 
-4.1603 7.4907 -1.1376 8.513 -2.1593 7.4004 0.86278 7.7258 8.3406 5.6925 
-1.367 1.9954 -1.0704 -1.9503 8.291 -8.6298 -8.2201 8.0933 -0.70372 -7.5976 
-9.6903 -4.8377 9.574 -4.8965 -4.5348 1.4657 -0.087953 -2.5848 -8.0613 -6.4789 
9.6813 -2.8314 5.8272 4.7986 -8.3041 1.8401 -2.381 -3.3482 4.2451 -0.085875 
-6.6566 7.7508 -5.7706 -1.8877 -6.7802 6.4092 3.9802 3.4502 7.8154 -3.2484 
-7.8757 8.0106 8.9714 0.78454 -9.3396 2.2703 4.7257 -8.3832 0.078618 -6.3678 
-2.5518 -1.041 -8.829 -6.8249 5.2479 0.75665 -2.8322 -1.5981 6.0678 8.4018 
-6.0376 -4.623 -9.521 9.3923 3.1638 0.71812 9.5371 6.7822 -4.814 -4.9362 
-0.20625 1.0763 -5.8303 1.3112 -8.7567 9.4655 -5.9953 -8.3532 -3.0027 1.3239 
-3.2101 -6.423 -4.1143 -7.3972 -7.6546 -7.3771 -5.5234 -5.7931 -4.4294 2.0417 
9.0326 7.194 -2.6794 0.62003 5.7898 1.3939 5.9509 7.2766 4.6377 6.1899 
8.4066 -5.3605 7.0013 -5.2515 -1.5325 -1.413 -2.7285 6.5075 2.3842 6.6172 
-8.9465 -6.6379 8.8352 7.2005 -2.6461 -8.5708 -6.6735 1.4821 7.1831 1.8433 
4.7572 -9.4655 -8.724 8.3978 5.4224 -4.1742 -0.39161 -8.9554 9.96 6.0777 
-4.6176 -3.5514 -1.8085 1.7008 6.01 8.3705 -0.5108 -2.3281 -2.1996 2.7924 
-1.5433 1.1033 8.949 -3.1803 -1.932 -7.9583 -6.8623 -9.1256 -4.6275 -5.3453 
0.95742 6.4906 -5.5428 9.8836 -2.3138 2.4289 -3.6251 -1.9061 -3.3901 -1.7273 
8.8547 6.085 -9.0487 3.6223 -5.2359 -0.75135 -9.0498 -4.5641 -3.3864 -9.7211 
-1.6451 -9.5118 -9.8555 -6.4228 -3.3973 9.323 -4.746 -0.13851 2.0939 9.3855 
9.661 -2.5699 -5.6006 -5.2831 0.22288 9.8065 3.136 9.5384 -6.2923 -0.15682 
-3.9709 -0.1626 3.4688 4.7279 8.6869 6.6226 -1.6718 1.7975 -6.4153 -3.6346 
4.022 -0.67896 -7.3629 1.1091 -2.9855 -0.034004 -4.6297 -8.5032 0.97365 -1.8126 
3.3268 -9.1657 4.0869 -9.2075 9.1301 6.9752 0.18984 -6.8929 -0.0090771 2.4019 
0.78253 2.34 -2.3023 1.1431 -2.7226 7.5938 -4.5617 -6.7196 -6.4383 2.2899 
3.9621 1.5607 -2.7567 9.5045 0.095409 0.09614 5.6704 -6.8944 3.7675 6.5461 
3.3306 -4.0238 9.252 4.1767 -5.3183 0.59691 -6.9715 7.8938 2.0301 -3.2576 
-6.4374 -1.2867 -8.2486 9.3281 5.1167 -6.7123 -1.2459 -7.1762 3.9889 -3.7041 
-7.4397 -7.2673 -4.8868 7.9925 5.8589 3.0293 2.3491 -5.8139 -1.806 2.9321 
9.9816 -4.0056 -1.7476 1.6034 -8.4441 -5.9746 5.1714 0.70754 5.8837 -3.8792 
-6.5776 5.2275 4.0786 4.2668 8.5753 8.876 -0.91497 5.1981 4.8061 7.045 
-9.348 -9.2939 4.9596 6.8737 5.9156 9.8548 -0.14138 -2.2985 4.045 -2.8604 
1.224 -4.61 -9.2513 3.7657 1.6329 8.1346 -1.2289 2.2449 -8.4758 4.0562 
7.6373 9.9254 5.6269 -6.7506 -8.6077 0.20544 -0.38308 -8.941 -2.6331 8.9437 
3.3835 -1.0611 -3.6606 -7.192 2.9388 -3.1589 -1.491 -1.3036 -1.0937 -1.745 
-6.1913 -6.9443 -1.7116 -3.0885 -6.4674 6.7146 -4.5135 -4.7942 3.785 1.2513 
-2.6217 7.7246 -8.2419 6.2547 -6.4912 -8.3369 -2.7356 0.014467 -9.7474 8.3551 
-0.78548 -9.3724 -3.0125 -9.9008 -1.1825 -8.1212 1.513 9.7897 2.6591 2.4667 
9.6328 -7.6793 -7.4115 -5.2453 -5.8667 2.4348 3.7191 -4.8408 -3.1756 -7.7453 
-6.8719 -4.9829 -3.9135 -9.3627 6.3983 -7.2387 7.2403 5.8906 -2.5327 -7.326 
7.1105 5.1935 8.9243 3.5389 5.5001 9.7022 -3.2923 -1.9156 5.8484 1.6938 
2.8953 7.9662 5.4026 7.0322 -0.76474 -8.4058 -8.297 4.6766 -4.5247 -7.2506 
-2.4746 -5.5316 6.4261 5.3883 8.3768 1.4921 5.6469 -3.2902 9.64 -3.361 
-6.1815 3.466 -7.7043 1.5289 5.234 2.9469 0.76063 -9.9774 -7.0446 -0.58317 
-1.4349 6.3757 -5.9338 -4.624 0.93818 -0.30812 1.4028 -5.5934 4.9131 8.1982 
-0.35956 8.9786 1.852 8.3224 -5.7437 7.084 2.6694 4.1311 3.3267 9.5122 
-7.5878 7.4863 -9.7862 6.7329 1.1479 -2.2698 -5.1658 7.6267 3.0586 -6.1397 
1.7901 -2.1253 -4.5637 8.6065 -7.6533 -8.725 1.5399 9.1853 -1.8273 -7.7932 
-5.4762 8.7392 3.218 7.728 9.0451 -6.2658 5.2144 -9.6719 -4.4545 9.943 
-2.3076 -1.2621 -5.985 5.2911 5.2403 -2.3812 0.5723 6.0622 7.7657 -8.3769 
1.6597 -6.7495 3.7144 2.1581 -1.439 4.9722 -9.1475 -7.5601 -7.9607 -8.8933 
-4.9639 -3.8036 -7.8543 4.9534 0.30608 -5.785 -4.7343 -2.6651 3.6461 2.3849 
-4.1912 3.6222 -1.0601 -4.036 -4.5242 -1.1072 -3.4267 4.8444 -8.3173 -6.9152 
2.3418 8.6811 -7.4592 4.4252 -9.9279 -6.0398 2.1148 -7.5395 5.9562 9.1331 
-4.6944 8.9478 0.39549 8.0292 6.394 -4.203 -7.752 -0.089654 5.0207 -5.9474 
6.4875 1.9817 -4.8645 -9.1186 6.0265 7.514 -3.1622 -5.6962 -6.1395 0.92626 
9.6533 8.9775 -6.8014 -3.1502 4.4525 1.8177 2.8335 4.5061 -9.5762 3.619 
4.605 -1.9196 -1.5657 -5.232 -9.3347 -5.7344 -6.8795 3.8241 -9.7527 -9.4526 
-3.1225 -9.1794 1.1738 -8.5861 2.9018 -0.31656 -5.3323 -0.15648 -5.5431 -7.4958 
1.6814 -4.1235 -3.9868 -1.0315 1.2963 4.1518 7.4468 -0.31989 8.318 -4.6968 
-7.8446 -9.3612 4.7116 -8.5872 -9.9115 -4.5402 -2.506 0.89842 3.2177 -2.1795 
8.1262 7.2903 -3.1965 8.0808 9.8376 5.1732 -5.362 -8.9421 4.2978 -1.9027 
7.5931 -1.3491 -9.1062 -0.9785 8.6732 0.80399 6.5167 6.8106 3.6727 -7.1726 
6.3552 -8.1438 -1.8363 0.55687 5.0321 -7.5579 7.2426 -3.0459 0.50447 -1.1683 
-4.7854 -7.2442 -3.5564 9.4279 4.2457 -7.3789 -8.9401 -3.9155 2.2707 -7.7454 
1.8871 -5.1606 -2.8337 5.9735 0.29172 -0.08739 -0.11244 9.5502 -3.2976 -9.4877 
-9.5497 -5.5398 -8.9156 0.48924 -9.3028 -9.5117 4.1988 -2.7378 0.26348 7.4425 
-1.4948 7.3548 4.9702 -3.6089 5.1464 -5.5416 1.3756 1.9245 -8.2717 -3.9223 
-3.7456 5.2835 -8.4052 6.7641 -5.2888 -2.8722 6.9659 -1.3277 -9.7598 3.6258 
-6.7703 -3.1057 -4.1491 -8.7788 -0.32945 -6.7301 -7.62 3.8169 0.41645 3.4473 
-6.4247 -2.3044 -1.6686 -5.8947 -4.8286 5.174 6.0008 0.79214 6.1067 -6.619 
-1.5423 1.8973 3.9956 -4.3162 -9.7362 6.5985 -2.4803 1.8304 2.6133 3.5684 
-8.1154 0.70241 -5.4181 4.66 3.0609 -7.8849 9.7852 5.8418 -7.7121 -4.4918 
1.9705 -3.3289 5.9797 1.4074 -2.0459 -3.0918 7.5151 4.3426 -2.1243 6.5405 
-0.58151 7.0937 5.2159 2.4785 -1.5661 -9.8257 7.2132 -8.4919 -3.9578 0.91151 
3.919 -4.6871 -3.1849 -4.8656 -5.9092 2.4605 9.6476 1.3294 5.5138 -1.1594 
3.9978 8.6788 -5.3794 -6.6086 5.871 -5.7037 -8.1872 0.033687 9.3448 4.1083 
2.7706 -2.2033 4.1756 -5.2131 4.1882 -7.3939 -1.4442 -0.080342 -7.2305 1.0128 
-9.3279 3.6613 -1.8711 -8.1793 -8.4821 7.2951 0.40861 7.3166 -4.5829 5.8983 
-8.6239 -4.4998 8.8997 7.0969 7.4153 -6.222 1.7185 -9.5557 8.4346 8.4418 
-3.608 -9.4408 3.0738 7.5892 -1.657 -7.8762 -4.381 9.7117 5.5762 -5.3097 
0.61729 8.8123 -7.9319 3.8276 -9.3331 -0.1413 -4.6444 -5.4831 3.6078 9.4239 
3.0889 0.67941 5.616 -5.2722 -2.2267 4.6085 5.2995 7.9839 8.6334 -0.17955 
-1.8476 3.4235 3.9494 2.3157 8.1361 7.4023 6.4883 -0.6498 -5.2041 0.96714 
6.3996 2.1507 -7.8444 -3.7727 0.39093 -2.6837 6.887 1.3537 5.3816 -6.2545 
4.3672 5.0175 -5.8732 -0.96209 2.1488 1.5029 -7.732 6.7558 -5.982 -2.8685 
9.373 9.6264 8.6696 -6.7313 4.1989 -4.9971 4.3642 0.26139 -9.102 2.9641 
0.62668 4.5534 -5.9059 -5.4563 -2.1748 7.5959 5.8039 -1.3987 -0.24772 -6.4987 
-3.4971 7.1464 -9.1895 -9.1385 -4.1452 -9.1285 -0.99145 -4.5317 -3.1847 -1.5802 
-7.8874 9.8369 0.84799 -4.0361 9.7797 1.9686 -7.7721 -5.3811 -1.7948 0.60546 
2.2192 5.1892 -9.9124 -0.53196 7.8998 -5.1247 5.8134 0.57511 -3.6605 -9.2637 
5.576 -7.0792 1.5179 -3.1259 -7.668 7.156 9.1749 -2.5365 5.3031 5.0703 
-1.5309 -3.4739 -1.0772 6.5758 7.8458 5.5351 5.5244 -8.0694 -2.7072 6.4837 
-8.1835 -9.4243 6.9302 -7.1452 2.6801 -2.3376 -7.9917 -1.1045 -0.9433 -6.2766 
-4.6706 3.891 1.8683 -8.2511 8.9576 1.2272 -8.6505 8.2921 8.8947 -9.2075 
-6.9269 9.1751 -8.9341 8.1277 -1.3539 -8.2424 -4.9458 -2.9712 -7.5897 4.0429 
-4.3799 4.5809 3.7518 8.0751 -1.3547 1.7973 -9.9611 1.5622 -2.8443 -5.6886 
-1.1983 4.7351 -7.4272 -5.3088 7.7811 -2.3931 2.0874 -7.4923 -2.44 -2.1125 
0.54285 -6.5078 8.8304 0.15609 7.6906 -8.887 2.9757 -7.5088 -6.3672 -5.4226 
-0.85151 -2.8918 -9.2204 1.0125 -0.07719 -1.7883 1.0533 -0.34145 4.4484 -7.5561 
7.5074 1.493 4.1091 2.7666 -3.7131 0.16829 -5.2192 5.643 2.1496 -2.1387 
0.36104 -0.80109 5.3167 1.4558 -3.1992 -7.7853 -6.1247 -0.23816 9.9307 -2.0757 
8.8725 6.6745 4.023 0.62939 -0.11194 -6.8111 6.0516 2.6818 0.77277 5.8054 
2.7542 6.3089 -2.1047 8.3821 -7.0265 6.7788 -6.5839 -3.9894 2.9462 -4.4415 
9.1539 -3.521 7.8705 -9.6812 -9.2531 5.738 7.3928 9.5683 8.3765 -2.1614 
-5.1859 -0.76631 -0.60503 -5.8533 7.8009 -2.1524 1.354 9.4524 4.6195 -1.1989 
3.5224 3.4792 2.3118 1.6551 -8.2564 6.408 -5.7045 -6.8021 1.8104 -7.2961 
-4.2187 1.9045 -7.3852 4.8245 -6.2554 6.2712 6.758 -8.005 -0.73112 1.5484 
3.4362 -7.3123 6.705 0.52859 3.3481 4.5969 8.4724 -4.0086 -3.5898 -1.5402 
3.9028 -9.6102 -1.0646 9.1553 -3.793 0.82884 -4.2412 4.2837 0.67455 -6.6982 
-8.6401 -7.4978 8.4329 9.7191 7.1946 -9.4693 -0.067214 8.2121 -7.4233 8.0504 
-4.9042 -5.5345 5.408 5.9682 4.5354 -1.4899 -1.4245 9.353 -3.8328 0.98321 
-5.5192 -1.0173 -5.6981 4.5451 -8.8963 5.6976 0.51941 -0.63111 2.4439 -2.5965 
3.3567 0.69063 -7.1741 -6.8723 4.7504 0.12795 9.5609 -4.5931 -6.729 3.3197 
6.8878 9.8078 -7.7404 6.98 3.8866 2.3075 7.9309 -8.7734 -6.1147 8.6188 
-3.1108 4.3469 -5.5057 -8.969 8.0871 -0.72279 9.1966 0.92276 7.9691 -6.0539 
5.6104 9.6011 -5.5619 2.8852 8.4035 2.1972 -5.4615 1.2941 6.2343 -8.984 
3.5066 -8.9252 -5.561 -1.1624 -3.6676 3.7581 -7.5241 -0.59411 4.9604 4.3588 
-9.8657 2.7375 -1.059 -9.7336 -0.66981 -5.0449 3.3913 -3.8515 -9.7471 -9.4156 
2.0434 9.2076 -3.8059 -7.0392 -7.2484 0.65775 6.6377 -6.9718 9.8219 5.0543 
-2.2646 -4.6015 6.3642 2.3588 -8.1181 -1.1606 -5.8304 -0.7466 2.3291 -7.8674 
8.3198 8.9881 1.7456 8.673 0.78304 2.0935 3.4587 6.968 1.593 -4.5292 
-9.977 8.0447 7.424 2.7718 -7.2595 9.5607 6.8147 3.6311 1.61 9.8615 
-0.75102 -6.107 4.7095 8.3987 -3.245 -5.9139 9.2044 2.2731 2.3273 -0.47456 
-1.513 4.679 4.042 4.8158 -2.9682 4.1093 5.5228 4.315 2.987 -9.1179 
-0.78167 -6.5028 7.0866 -2.4269 0.041257 -1.7505 -7.5309 1.7481 -6.8319 -9.3075 
5.4032 -7.8972 -7.3216 -2.7717 3.4906 4.8738 1.6108 -1.1551 -5.8107 -2.5101 
-3.5506 -3.7177 -7.43 8.5332 -9.6366 3.3893 -3.2996 0.60083 -4.5369 5.9359 
5.6948 -3.0247 -0.85139 -1.841 4.7957 -6.4117 7.3104 3.8063 4.127 -6.6585 
-0.57286 -2.0208 -4.2099 -9.6781 4.4316 -0.33641 6.8199 -6.165 -5.3287 -2.6051 
-9.2847 -4.3217 3.4174 -8.2398 -5.0588 7.1629 -3.7999 3.7355 -3.2948 -3.4826 
-6.4825 -3.7218 -5.3667 4.118 8.9375 -0.62195 6.3994 5.9117 0.44054 0.051748 
4.4352 4.3656 -5.8195 7.9882 -7.6773 -1.6504 1.1918 -9.7093 -9.2047 -1.226 
-0.53028 8.8929 2.1974 6.5986 -7.3066 3.3531 3.8027 -0.48463 -0.15658 3.025 
-6.9456 -8.2442 2.2464 -0.2993 -7.004 2.2055 2.3478 9.7842 8.1157 -2.0155 
-3.1775 -4.4093 9.9004 -4.5023 8.6636 9.8946 8.1182 -0.98069 -6.4785 0.23032 
2.1478 1.9232 9.7955 -0.70792 -6.8335 -2.6223 -5.8596 2.8967 7.3929 -2.7614 
-6.1651 6.5687 4.4568 4.0604 -7.641 7.1205 -8.6284 5.934 4.3866 7.5982 
4.7685 5.6431 6.5679 5.2602 -2.6918 5.9286 8.3127 3.4238 3.0889 4.2471 
-5.143 1.1448 -2.6889 9.8312 6.6375 -6.286 -7.7975 -2.2254 9.0362 7.612 
8.3485 -9.2745 -7.0787 4.396 9.1035 -2.8318 5.481 1.5524 -4.9802 -7.9641 
-4.6188 3.3874 5.6498 -0.8605 6.6872 -7.9983 -0.64738 -9.8045 -4.9927 -3.0027 
5.31 6.9798 2.9289 0.27733 -8.3216 8.7711 -4.753 -2.4582 1.8227 9.6746 
-6.2268 -8.6907 9.8297 -2.8958 2.2114 -8.5748 3.053 5.9333 -2.4462 -5.409 
-4.25 -2.7847 5.5007 -0.30847 -5.9568 -2.7299 -1.5413 -4.8373 8.1207 -8.9074 
-8.1777 -4.839 9.4089 4.2245 1.7692 6.242 -3.6875 7.7567 -7.4069 -3.4189 
1.5242 -1.3481 -7.0828 6.3631 8.5 -8.4165 -7.8011 -4.5389 -2.5649 4.3834 
3.6673 -3.8786 4.3612 4.7492 -1.9277 -4.2947 -7.2607 -9.7357 3.6707 -9.8708 
0.93186 9.3318 -4.2505 8.9612 8.7614 4.2279 -7.1156 -2.1271 -7.626 0.85966 
-1.4854 -7.4013 2.0613 -2.9789 4.7962 2.0998 3.8651 0.67731 2.3774 -6.5119 
2.8889 -5.6513 -0.63732 3.3575 -8.6787 9.7477 2.5931 -6.6568 9.9167 8.8082 
2.9524 7.8679 1.3727 7.7633 -7.1258 4.5899 9.2302 0.48569 -3.5485 -8.0255 
3.5803 2.4341 8.307 3.7865 7.3293 4.3462 2.0657 3.8149 -5.8239 -9.496 
2.7157 -2.0368 -1.6675 5.2555 -3.5514 3.3678 5.3782 4.0095 -6.4354 8.4768 
8.9035 -2.8782 -8.2244 1.0464 5.2576 1.9245 -2.1364 3.3043 -8.5938 7.3648 
-5.8213 2.9315 5.3493 -8.6498 7.6119 -5.5431 4.8416 1.6146 3.4965 -3.9058 
4.1856 4.6618 -2.5578 1.4987 0.10484 -6.3607 9.2872 9.0585 8.6426 -6.1994 
-5.2754 4.634 -0.22994 -6.0122 -0.5847 -9.0667 -2.5856 -4.8353 6.3745 6.7097 
-7.6121 9.1635 -4.1427 0.36388 3.6975 2.3998 -9.9274 -9.7586 1.6569 -6.295 
2.1461 -9.0809 2.2436 9.029 -4.1019 -0.17839 -8.2017 3.4268 1.2996 8.7744 
-0.99725 -1.5128 6.9832 -7.6346 3.0985 2.1563 -7.7303 -1.2449 6.2589 -6.1121 
-0.82549 -9.8197 2.7719 9.3722 8.1279 7.875 -9.8272 -7.0943 -5.8185 9.0356 
3.2389 4.0761 -0.042502 7.2125 6.0576 7.4329 -5.9822 -0.54708 -6.2968 -7.3858 
5.4057 5.6178 8.4328 -8.8726 4.3628 8.498 8.4838 6.3176 -3.3485 0.81124 
-2.9956 1.2968 -3.0563 6.2036 3.8796 -1.9719 -5.8791 -5.8286 0.31897 -2.7075 
3.2402 -9.5341 -9.5584 -4.5142 1.9985 -8.0383 -0.036103 -9.8176 -2.4571 -2.1609 
-1.6768 -9.8487 -9.0337 -9.6363 2.8887 4.206 -0.4297 -3.9733 3.4778 -2.4875 
6.8386 9.7794 5.923 -2.9113 -2.4401 8.6655 9.9089 5.9668 -3.505 4.014 
6.6583 -5.9671 9.4178 2.6513 2.3088 -6.4514 8.4658 -5.5125 2.9353 -3.9369 
-4.8712 6.4668 4.8331 -2.7609 -8.5253 1.7477 -2.0416 6.5869 2.5104 3.8213 
2.2692 -2.781 -4.4243 0.26522 -5.8144 9.0612 -1.3876 -5.2781 6.7076 8.5175 
1.645 -0.77494 4.2816 9.9733 -3.7405 2.7361 -7.6991 4.8923 2.9602 0.8557 
0.81479 -7.7991 -8.0378 4.3716 7.5796 7.583 8.4578 -9.2715 -5.9649 1.5477 
7.3988 5.6252 8.2796 7.4979 -5.9386 -9.5294 2.3333 -5.7727 8.1617 -5.3146 
-4.7044 -0.93113 5.6934 -1.4695 -4.879 -8.3301 -3.5066 -4.5142 8.3378 6.9047 
-3.6385 -4.058 -6.9637 -0.70818 6.6358 4.8035 1.1202 -6.8372 0.57507 -4.7786 
-7.6157 -2.832 -1.5783 -7.3175 -1.1814 6.4148 -5.3657 4.4147 9.6395 6.3199 
8.7966 -0.35128 9.0969 -8.165 8.9853 -4.4352 -6.7846 0.39594 -8.3352 -5.0417 
2.911 -1.3755 -6.2103 -0.36493 1.8043 -6.6933 -8.5522 8.5621 -9.0863 -6.4631 
-0.41074 3.9765 -4.5317 8.6058 0.89692 -7.9214 8.849 0.11984 8.2093 4.3697 
2.7863 3.5013 -8.9246 -1.0578 3.4299 9.528 2.5773 7.1672 1.3762 -0.70768 
0.89432 -9.8626 -7.0314 -3.7852 -3.2021 -9.2242 -2.5051 3.7511 -1.1763 -1.6301 
2.9462 -8.4202 -8.3894 -5.116 9.6752 7.6539 5.4811 -5.6105 -2.2388 1.97 
0.87772 -0.78747 4.2303 8.8051 -1.8687 9.1513 -8.6419 3.9694 -1.2867 2.2331 
4.4209 5.5507 -8.5996 -3.1461 9.1321 -2.9663 8.7523 0.49396 -9.6332 -4.7927 
0.44991 6.3353 0.48294 7.3793 5.8854 -4.6252 7.9771 4.2377 0.84423 8.9445 
9.8741 2.6278 5.5633 8.604 8.9684 9.1525 -0.50196 -6.248 -0.48161 -6.8963 
-5.6265 -2.7025 -8.5701 -3.251 -0.001895 7.6708 -8.2635 1.4544 -3.6045 8.7219 
-7.884 7.75 3.2269 -4.5767 -7.7829 -1.564 4.5209 0.021902 -0.30245 3.1506 
-7.8061 -4.9815 -1.3027 0.52243 1.2112 2.8833 -8.7599 7.2198 -3.7101 -1.2913 
-8.7282 -8.6776 -2.1163 1.975 2.8026 -8.6986 -7.5219 8.4487 -8.3958 -1.8922 
-1.9084 4.543 2.0878 1.2926 3.0818 -1.5952 -6.8793 -7.175 5.5634 -5.3753 
-1.0325 5.336 9.9263 -7.5171 5.9711 -1.1317 -1.024 7.4602 -2.7841 -8.0817 
-2.6837 7.9665 -7.444 1.3403 6.3891 -7.5334 -7.9061 5.2502 4.9593 9.2998 
5.2701 5.3365 -6.0401 -0.54338 -6.4646 -2.0735 6.5011 -5.8979 7.3437 7.7549 
2.5579 8.9377 7.7553 -4.6059 1.3988 1.5 7.4779 -9.9716 -3.3853 7.326 
5.4396 0.71466 -8.7966 9.6789 -7.8856 1.3022 3.6869 8.9277 3.0049 -3.068 
8.6571 9.1956 -8.3346 -5.7401 6.1841 -3.9329 5.8431 5.0957 -8.8495 8.725 
9.4548 9.5638 1.7167 -5.001 -3.6316 -5.2032 -6.4997 8.0206 -9.2962 9.0868 
-6.1594 0.442 -9.2416 9.0225 5.0278 -1.3811 1.2061 -9.6441 -0.58548 9.8637 
-7.2225 6.9072 -7.9293 4.8614 8.602 0.71944 -6.9311 0.5099 2.6908 -0.27107 
3.9253 7.9605 -2.0168 0.23313 9.635 1.6774 3.4552 6.6366 -8.0352 -4.1569 
-8.1236 8.6246 0.75422 -0.89777 -8.867 2.5234 9.9217 3.0973 4.9044 2.7878 
0.50809 -0.84721 -5.6823 -3.8295 6.8714 4.3055 -9.5492 8.5861 5.6414 -2.8409 
0.60688 5.1832 -2.2866 4.2656 3.6084 -0.026479 -3.5641 -2.4208 2.77 -0.50166 
7.2228 8.7759 8.2756 8.1624 0.116 -4.4626 -1.0713 -4.1118 -1.7182 -7.4609 
-0.30293 6.214 -2.7573 -1.1077 -4.0924 -2.7337 3.2535 6.193 6.7499 -7.621 
-2.1309 8.6078 0.83411 5.4892 -4.0227 -3.8745 6.8966 8.2688 -4.5813 -3.1728 
3.4286 -1.0609 -6.3434 1.3613 8.5489 0.24036 -4.4025 5.8524 9.995 2.2546 
4.8252 6.6777 -3.1699 -7.8891 9.4639 -6.0051 2.0987 3.1367 -4.1854 5.3783 
0.40105 9.7556 7.0255 -1.8915 9.5935 -8.271 -3.6558 0.29914 8.0275 5.002 
-3.0457 -2.6072 9.2866 -3.2804 2.9938 5.7401 -6.9029 4.9075 4.4238 6.4151 
-7.0001 -6.5847 0.73354 -4.8181 -6.9113 -0.115 6.2035 -8.9575 -6.1585 -5.8934 
1.7218 6.4633 7.7523 -0.68029 -6.1378 1.1799 -5.5071 -8.5097 -0.54731 5.7902 
-4.7571 1.7411 4.9942 1.5159 8.7664 -2.1262 -8.0158 -4.6922 5.0551 4.5812 
-9.1109 9.2322 -7.2052 7.0873 -4.9839 9.7025 6.1703 7.2327 4.9801 6.0117 
5.0987 -0.21741 -9.9081 -9.4264 -5.5743 4.0828 -9.5743 1.674 6.5107 -2.8368 
-5.1443 -4.9295 5.8251 4.6825 6.2746 -4.5653 4.7623 7.9541 -0.66259 9.215 
-1.152 3.5645 0.27987 -5.3713 -1.1718 -9.9156 -1.0312 -2.5661 -0.80683 9.4427 
3.7559 8.2898 -5.3793 5.6182 5.2669 3.1543 5.3221 -3.1002 -4.158 3.2874 
-2.8154 2.3415 4.0725 3.5644 -6.9946 -0.39937 6.8415 -1.8649 -8.1204 -5.6776 
4.7268 -3.55 3.0149 -6.7481 -8.1619 7.7883 3.248 -0.57305 -0.35945 6.3713 
-2.1059 -0.18976 7.3632 -4.9993 -6.471 -8.2338 1.6334 8.981 9.266 2.4436 
3.6683 -1.8509 -3.0444 9.5075 -5.8105 9.0204 1.871 8.7352 -2.5225 -7.491 
4.0809 -8.3212 -3.3871 5.4376 0.61277 -8.2115 -3.5157 -4.3914 -1.2612 0.1981 
-1.1539 1.8392 -4.1246 6.9573 -4.8727 1.3049 -5.4525 6.1753 -4.0538 8.5563 
-9.6084 7.5803 -9.7333 -2.607 9.5485 -3.8592 -2.9938 -1.9638 -1.0973 -4.8721 
-3.3828 1.0662 -4.4064 3.5353 -9.1764 -7.796 -2.8912 8.4033 -3.8585 8.655 
-1.5138 -4.0106 7.1565 -1.3665 5.7185 -9.8634 -7.9842 1.4292 -4.4687 3.1457 
-4.5946 7.9402 -6.978 3.0789 4.3295 -8.2669 -2.1692 9.0481 0.10367 9.3263 
-6.0589 5.8861 1.0499 3.5822 4.7857 4.941 -7.5109 -6.1238 9.1929 -3.4059 
6.4344 5.5162 -8.7801 8.9498 -1.6756 -9.0059 7.2907 -4.1055 -5.1974 4.458 
-1.4016 1.9794 6.9244 0.12894 0.34101 -6.282 -9.9481 5.3956 4.314 3.5855 
7.7554 1.1444 9.2558 -1.1351 -1.3559 -3.2945 -6.5599 -6.4729 -0.16092 -8.4347 
-2.1763 -4.0058 -3.978 -8.0716 -6.4156 -6.9901 -4.1473 -9.627 -9.7655 1.4024 
5.3823 0.95315 -5.3357 -1.0427 1.1735 -9.2306 -0.29402 8.26 4.5354 4.699 
-2.0642 9.8366 8.702 6.3404 -4.1573 -3.9357 -8.8549 -9.9993 5.6383 2.9144 
6.1703 -0.33174 6.8429 -1.7415 -4.8437 -7.8105 -7.335 -0.98474 8.3485 2.4646 
5.1015 3.6955 5.5958 2.0002 2.015 8.5206 0.19174 -1.6485 8.8829 -0.34305 
-2.4521 -0.39966 0.15199 -8.2664 3.8139 5.7663 -3.8338 -6.1947 -9.117 0.054786 
-5.6796 4.9304 1.6488 -7.6537 -0.45384 -8.1915 3.7148 -5.2916 1.001 1.7445 
5.8081 -5.7716 1.7293 9.8295 -7.6947 7.4081 -8.2075 1.9846 -4.5643 -8.4044 
8.9861 -5.0303 -1.5894 3.0776 2.8012 0.52152 2.2298 1.7312 -4.2508 3.9655 
-3.4487 -8.0432 6.6618 2.7236 -0.56899 -2.2995 5.9965 -2.5212 -8.3992 -4.0321 
3.4253 4.1734 -6.8952 7.3331 9.9995 -0.10873 -0.63363 1.2354 -2.821 0.43874 
-1.2271 7.1149 -7.813 -4.4765 -3.1119 -5.1729 6.231 -8.7425 3.6089 4.0058 
6.67 5.7807 0.46463 3.3196 -5.4 1.5553 -5.5377 -9.6116 7.2184 -4.6997 
5.3771 4.8569 1.0564 -8.5064 -8.5772 7.0208 4.4552 -9.4076 6.6852 1.1322 
-6.6549 -7.9096 -6.7257 -8.9026 -9.4002 -7.7552 -2.777 -8.2825 -4.0886 -9.5146 
7.2396 0.4175 -7.0125 7.3392 -6.7323 6.1699 0.5419 2.1808 6.3243 -2.3808 
9.7974 6.9326 -8.7949 7.7614 -5.5569 4.5774 1.8399 -5.3502 3.4662 -3.0612 
0.28847 6.8723 -1.3496 9.6277 -2.5173 -6.8574 -4.4139 5.5023 -8.8859 -0.83911 
7.6856 -2.4451 -0.20289 7.9641 7.8071 3.1087 8.8849 1.7184 5.095 -2.5346 
1.7605 -4.5581 -9.8949 -7.4439 -6.8449 -8.8539 -1.5813 -5.2785 -9.5869 -2.2734 
-6.905 -7.4939 -4.7713 -6.8987 1.4564 -3.8301 -5.4938 9.7231 2.3174 -6.7258 
-6.0027 3.8271 -3.1484 6.2692 2.3167 -2.9159 -5.694 6.5866 1.5728 -0.44593 
-1.8609 1.1026 -9.7309 0.40165 -2.0104 -9.3945 -2.6503 -7.4515 -4.131 8.8744 
4.9741 -9.8305 4.0165 5.8442 -7.1234 -2.0956 4.8853 -2.8899 -8.614 -6.1423 
6.5117 -1.6794 6.9847 2.1679 7.2922 -7.0457 9.0457 -9.7988 -2.6619 9.0014 
5.7993 -1.2176 -1.5885 5.3429 4.6241 -6.79 0.52903 2.1129 -3.2229 -4.1181 
-3.6295 5.6872 6.2198 8.8255 4.2614 8.1243 -5.692 7.0156 -4.212 7.0594 
0.68128 6.5999 9.7983 3.2805 -4.9493 4.9572 -3.1622 -2.6254 -0.32277 -4.6983 
-8.201 1.7921 -1.3362 4.7249 8.993 0.25876 -4.3461 9.0879 -8.0573 3.2663 
-7.7659 -7.1585 9.2435 -4.9764 3.7111 9.0071 -9.8348 -2.4536 7.9592 -7.9817 
-7.2741 1.8663 -1.2951 -8.0698 -5.7953 4.4675 -2.0879 -6.5078 -2.8297 -6.8622 
3.573 4.5239 -5.8512 5.5025 -6.1432 -6.7138 8.2669 -1.0931 4.0321 -0.39442 
-0.09646 -1.4324 -5.9515 4.1398 3.0288 -6.2937 -6.3002 -6.8948 -0.82116 0.88515 
-6.2058 -5.7842 5.1194 4.0391 -7.4245 -5.9442 0.50707 -6.6025 -2.2128 -6.0229 
-0.099884 -4.6923 8.8863 -5.4522 -7.8464 -9.1743 -3.1425 1.9296 6.0057 6.4814 
-7.0478 9.8637 7.2096 8.3686 8.0922 8.6749 -5.3711 9.7257 1.1204 4.3676 
-8.9005 -0.38487 -1.8659 -0.64095 -4.7021 -8.1197 4.5943 -2.03 1.9786 -2.4815 
7.0143 6.555 9.0277 1.2903 -8.4609 9.2477 -2.545 4.1927 5.4848 -4.4455 
1.2112 2.0648 -0.61511 2.7361 -3.9257 -9.9796 8.7151 -4.2951 -2.9296 6.439 
8.5922 6.3568 4.1456 3.7484 3.341 2.124 6.241 0.92127 9.2586 2.4956 
3.9333 9.1109 -0.18684 -8.5611 2.6171 9.2958 -9.8061 -3.6746 0.7213 -2.7582 
1.6558 3.0076 -2.6869 9.5993 -8.3972 3.792 7.1133 -2.0071 -7.413 -1.786 
6.3079 2.5529 2.2757 -8.7655 -2.6528 8.8118 1.0334 0.38891 -5.9021 9.1921 
7.5803 2.9313 3.069 -4.3687 8.4229 -0.063944 -8.3861 1.9977 -6.1142 -4.17 
9.7782 -8.7573 -5.7204 -0.79046 6.3184 2.0747 4.3979 -7.6193 6.1501 1.049 
-9.9896 8.7639 1.1742 6.3574 -4.8212 5.0123 2.2728 9.6944 8.9218 2.9751 
7.3088 7.9743 9.1261 -6.4839 -2.1088 -0.19758 8.73 2.1951 -5.3093 5.5921 
2.2513 3.8972 7.6751 -9.4787 3.5713 -9.4165 4.0107 4.6012 0.34562 8.9107 
9.799 -3.7919 9.4266 8.8555 -9.8998 -8.6966 -8.7783 6.1443 2.3866 -8.5905 
0.5536 -3.1291 2.6361 -2.2346 -1.1604 7.762 -9.8491 -9.0707 -6.8484 -4.7076 
-0.40953 -8.4754 -1.8817 -7.3576 -8.1021 -2.8037 -6.7415 3.099 0.75208 -5.5595 
6.027 0.39674 -1.124 6.5062 0.43745 -2.561 3.1128 -7.107 7.8743 -6.8705 
-5.4431 2.1755 -9.8639 7.1597 -2.1369 -7.5046 8.4794 0.16287 -0.58824 -5.4814 
-0.038114 4.5432 -3.3034 5.3703 9.752 5.165 -2.5118 -8.446 -1.2199 -3.6085 
8.017 -9.9985 5.3909 7.7872 3.1525 -6.7841 7.813 1.2427 5.9577 -2.4627 
1.4932 -6.6047 2.9221 3.9519 1.5471 -3.0829 9.3619 -6.0094 3.6904 9.9112 
6.9036 -0.73418 -1.0396 3.0255 5.2597 -4.8523 -5.3218 -3.6508 3.0932 -8.151 
4.7728 -2.763 8.8055 -1.2645 5.9763 -0.36358 3.1258 7.3008 0.58316 3.3523 
1.7197 9.0413 9.5718 -0.069932 8.1791 2.8737 2.1109 -6.7495 -8.3259 -6.6863 
-5.0653 8.6439 -0.15638 -0.54184 -3.8195 0.56103 5.4396 5.6628 3.0632 9.1187 
3.3283 9.1614 -1.1662 1.6644 -6.6614 8.6253 -1.2914 4.6501 -3.4462 6.0035 
-8.3303 -5.8692 5.9531 4.4278 7.107 -4.7148 -7.4891 -1.0769 -3.4484 -3.1942 
2.5192 -6.806 -7.5901 0.47307 -4.4411 2.2702 -9.6017 9.3557 -5.8762 -4.1742 
3.2189 1.4352 6.5472 -3.9581 -6.0925 4.521 -6.0243 -9.8159 7.1315 5.6087 
4.595 1.8584 4.9257 -1.9494 -1.6879 -5.8523 -4.1108 1.7771 -6.9356 -4.3226 
7.815 3.9722 1.7364 -3.221 -7.9939 -2.0534 4.2184 -2.2219 -2.2726 3.5751 
9.6461 -3.8837 -3.9403 -4.6489 -9.7954 6.4583 0.42794 8.962 5.781 -2.7512 
5.3806 -2.123 1.7018 -1.2233 -9.1532 2.2383 -0.10231 -5.3997 0.50618 -1.492 
1.6289 -3.2623 1.4975 -7.933 1.4785 0.09762 8.3074 -1.184 9.8549 -3.4521 
8.5663 -7.4201 -5.8706 -7.1067 -4.7893 0.87332 2.4105 8.3914 7.9379 -5.4081 
1.6018 -8.2613 -8.8579 7.21 0.33862 -0.15569 2.8028 5.377 3.2987 1.4422 
-9.6603 0.97887 -5.4093 1.2948 2.1925 6.8085 1.7169 -0.97728 -8.7693 2.7779 
-7.5828 -3.6453 9.7803 -7.9889 -6.4503 -1.4474 9.2835 8.7465 6.8289 4.5615 
7.2542 9.855 6.1278 2.6144 -8.6287 1.8263 2.058 -4.1682 2.565 -3.4412 
-0.31407 4.4713 -9.1402 -0.36926 8.9998 8.9188 5.5123 -5.7027 -9.5747 7.5988 
6.8971 1.442 0.84796 7.1003 3.5932 -3.5504 -3.9115 -0.48661 -3.8264 -6.7 
-5.8119 4.3445 -4.7061 8.4265 4.5991 -7.4849 6.9191 3.4329 7.6726 -4.58 
1.0458 9.5312 0.18232 -3.4882 1.3704 2.2698 -9.552 9.3843 5.798 -2.3453 
2.5977 -1.4602 1.6422 9.0516 -0.10132 2.6813 7.1569 3.5746 -0.84654 8.0261 
-9.3602 8.2603 -9.0883 4.6686 -2.2702 -2.1713 7.2417 7.8765 6.3416 0.87973 
2.2943 7.9462 7.5163 -8.2017 -8.5134 -6.286 -0.34512 1.3333 -3.1124 -6.9438 
-2.7518 6.7046 -0.32099 -2.7326 -2.6791 -6.4854 4.0506 -0.56183 1.8257 2.9026 
-9.0093 -9.0408 -6.1158 -1.5056 5.2916 6.2623 5.5243 -5.0473 2.5094 4.5392 
-0.2086 -2.8144 9.6267 9.7153 -6.3112 5.5527 -8.6521 -4.563 4.5327 -6.8371 
-6.1498 -4.0849 8.0527 5.603 0.38086 2.1227 -6.3944 1.0308 9.8096 7.6173 
-7.5383 2.5825 2.5562 1.1078 6.3062 -3.8023 -0.2339 -9.401 -7.5083 2.7051 
-5.8901 -7.2763 -2.6208 2.655 -0.43225 2.2987 7.129 -5.8072 -3.0176 6.7944 
-7.0697 -2.5191 8.5672 -8.1887 -2.9426 -0.96224 9.3826 8.234 9.9789 -0.23641 
-6.2186 7.2956 7.9702 3.4179 5.8253 2.0764 8.5116 8.082 8.8497 9.2955 
-9.147 -4.9945 -8.9589 -9.3844 -7.9714 2.6437 5.7999 -0.55477 -4.8152 2.3682 
2.704 -9.4099 -8.2378 1.1576 6.8125 4.9696 -2.1842 -7.5145 3.1658 -0.64565 
-4.3627 9.989 -5.2276 9.8164 2.4717 -9.1032 -6.5295 -8.4279 1.1646 -7.1977 
0.77193 2.1029 -3.3123 -4.6928 -2.9375 -0.92982 -3.751 -0.53123 0.096793 5.541 
3.9033 -5.1161 7.0858 -3.4261 -8.2425 9.173 -7.2651 -9.6532 1.6387 3.4909 
-0.01768 -1.2361 -9.6985 9.9685 9.8061 -1.9136 0.65078 3.1605 8.6684 -6.2088 
0.71602 4.7019 -4.8307 3.2363 -8.3171 -0.22688 -2.9401 5.0409 -1.3019 7.0125 
-1.0963 1.1598 4.4251 -5.6129 6.0463 -1.6276 9.4435 -7.3333 0.41501 1.6258 
-7.5214 -1.2332 -8.2299 1.3698 -6.8637 -1.1902 6.1098 -7.2765 -2.2511 9.085 
-0.19285 2.0708 7.2401 -2.9614 9.1973 8.4958 2.7441 5.4675 -4.2907 0.084137 
7.06 -6.38 -6.6668 -9.1257 6.0353 -3.8449 -9.7643 -8.946 0.77475 7.5896 
7.4785 6.1757 -0.96864 8.0554 -7.5833 1.1552 -1.8762 -2.2638 -1.1679 4.0466 
-4.5941 6.3812 -4.3245 -5.0235 7.5122 -8.4361 4.9894 -5.2428 -5.9889 9.095 
-5.8308 -0.25529 0.95471 -9.31 7.3453 9.0007 -0.31362 9.1902 -4.9066 -1.8819 
1.2996 5.101 9.4288 -7.2546 -0.8786 -7.5588 4.9636 -2.0192 7.1205 7.1705 
2.8062 -1.9125 -7.0241 -4.9969 -9.1356 -2.4732 5.4381 5.5907 -0.15172 -5.2434 
-1.6594 4.5135 7.3664 -2.3954 -7.0028 8.4193 3.6523 -1.1339 -2.2436 9.5906 
-5.8805 -6.9198 -0.23159 8.7589 9.8035 8.7771 -7.1772 9.2256 -6.9191 7.496 
8.9587 0.18147 1.8181 -9.3058 -0.16257 4.2642 4.6108 -0.7908 -2.6286 1.9155 
-8.3586 3.3607 -9.9322 -2.4368 8.6096 -0.26345 1.0601 -4.493 7.6464 -6.528 
-7.8858 -6.9485 -0.28888 -6.435 -8.9095 -2.9014 0.36736 -5.1133 1.9424 4.8478 
-7.1592 -8.7461 4.6289 -9.3031 -3.8148 8.4725 5.5654 3.2651 8.4788 -8.4859 
-6.6708 -3.2577 0.73943 7.5123 7.5556 1.9279 -5.1221 -3.9822 2.9952 7.4406 
2.4192 -1.0811 9.7303 9.4203 -9.2643 -4.2361 2.0419 -2.4117 6.933 8.4121 
1.4742 5.153 0.031039 1.6163 9.2196 1.9009 -6.9432 -6.1659 -7.7919 -6.5882 
-8.9584 -7.3893 -9.0055 -2.6124 0.20226 1.2181 1.3238 9.6399 -8.1921 4.8331 
8.624 8.0302 -7.7907 8.2656 8.2568 0.0052396 1.0877 -9.0317 -1.9597 5.3165 
4.5732 -5.5932 -0.57066 2.7514 1.4752 -0.76837 -7.0536 -4.2544 -6.4033 -8.958 
4.7568 -2.429 -6.6976 -0.59418 4.4503 0.25923 2.1067 8.9513 -4.7657 3.674 
-8.7319 -1.5449 -0.8896 7.8013 8.0723 -0.60777 4.5018 2.3818 -6.3852 -4.4767 
7.2088 9.4537 2.3374 -6.4133 5.7128 1.2631 8.9958 -2.0441 9.2476 3.7067 
8.6881 -6.4597 -7.7003 6.0064 1.7092 3.2371 6.3238 -6.2263 -6.8954 3.5203 
9.688 7.6455 -8.3486 8.2457 5.8196 -0.73564 -1.4228 -7.4949 -5.2091 -6.8737 
7.1788 1.0251 -9.6198 5.8188 4.9658 -2.5706 -2.0841 4.1359 -0.93439 -3.122 
5.7112 -3.5702 -8.2555 6.2504 -3.7152 -6.6052 -3.1931 4.5158 4.2816 -3.0056 
0.26755 7.9969 -1.7175 2.1906 0.043127 8.4313 1.4078 9.4802 1.5033 -5.3707 
-6.448 0.84223 -1.1595 8.0065 4.8337 -6.031 -7.5459 -0.9967 -6.1567 9.9206 
-2.0282 -0.74221 7.1243 -9.4501 0.68791 -4.5016 6.4812 8.6658 -9.8043 -9.1296 
-7.3214 6.1595 -5.1893 -5.3698 3.9609 -5.2123 9.5737 0.22316 6.2687 -5.849 
-9.3822 -2.7836 6.867 8.8889 3.538 5.6954 4.3066 2.1902 3.2371 -3.241 
8.7828 9.4201 -2.5032 2.8011 5.3248 1.2562 4.2335 3.0092 -5.8282 6.0149 
-3.9739 1.1103 -9.6197 0.18963 2.6936 9.0836 -5.2978 -6.7042 -8.7732 -0.73079 
-4.0893 5.3964 4.9223 2.4338 0.78006 -2.5673 4.0891 2.5935 -0.70195 3.2299 
-3.3413 3.6024 -6.7112 -0.056744 2.2399 -8.91 -8.9155 7.6641 5.339 6.8006 
-0.65864 -5.896 -9.601 2.2267 6.0061 2.5076 2.9333 8.7326 0.18174 7.0967 
2.964 6.6925 1.7068 -7.7805 2.2931 -0.68758 -6.5659 -5.3858 -4.4804 -0.56445 
-9.4954 7.3093 5.9819 -5.2704 -8.8196 4.9152 -2.6693 2.1968 6.2307 -6.8621 
6.8441 -9.1696 3.6321 -9.6509 -3.1488 8.0241 3.0156 9.4302 -4.1632 2.465 
1.1807 2.2839 -4.0377 6.5361 0.57273 6.796 4.7313 6.5198 2.7787 8.5202 
7.082 -4.5344 0.70169 -0.14777 -3.2969 -3.3535 -9.2729 5.5146 -2.5369 1.6093 
-3.0424 4.9341 -6.5059 0.25105 1.504 -4.0385 8.8717 -2.5186 2.7939 -8.5783 
-1.0795 -0.24256 0.64516 -5.4758 -5.3387 -5.4656 -6.7262 -9.8191 2.979 -2.1396 
-8.9152 5.8475 -5.757 -6.3522 -6.8954 -9.6408 -9.5479 3.0184 2.2798 -2.5209 
-6.4578 0.48926 3.6878 8.4387 5.2118 7.9416 2.1991 -4.0961 0.19802 4.4989 
3.2562 1.9502 -2.2368 8.9059 -7.0641 4.5549 0.0073535 -5.2015 -8.3581 -3.5467 
-3.3834 -5.5994 -5.4081 1.1195 -0.94481 -4.4589 -3.4331 8.9441 0.80515 2.4937 
7.9697 -2.7196 1.5027 2.491 -4.1201 3.7878 7.6195 7.666 3.9909 -3.9197 
-7.6369 -4.0552 -7.3846 2.5138 -9.81 -7.9266 9.4351 3.9007 -8.7528 -8.5988 
9.7684 7.0323 -4.3029 -4.1538 8.7615 8.9756 -8.3707 -9.7633 -5.4978 1.1453 
0.79964 9.4738 -8.472 8.0215 -8.092 -4.1108 -9.6385 -0.33332 -7.7813 3.6489 
4.1383 2.4724 -2.2131 -9.5988 -0.77274 -3.9723 8.4705 -2.2647 7.4538 6.8924 
9.9898 7.8456 7.4096 -6.6341 3.9918 0.034079 -4.6313 -3.2723 3.3063 -1.9988 
-4.243 9.6181 2.2346 0.85411 -1.9959 7.3402 -3.329 -9.1442 1.2417 -1.589 
-1.7095 2.9396 -2.6649 -7.8939 7.7806 9.5393 2.5833 8.6231 -4.2219 -8.4552 
-0.7032 5.9764 2.903 -9.2182 2.2418 -5.648 5.169 -0.12708 1.3851 6.3895 
5.2791 -1.9025 2.3413 -3.5472 9.5276 9.9336 2.2149 -4.6489 4.8059 -5.9347 
6.3641 -0.35271 -3.2463 8.4177 1.2758 3.5331 6.1823 3.8869 -0.4393 -8.7374 
-7.9956 -8.7222 -6.689 4.0949 -6.4458 -4.2411 9.7647 -1.7017 -0.52971 1.0276 
-6.4377 6.0586 8.8995 2.7759 -2.1565 8.5393 -7.4783 8.1374 6.0375 0.93646 
-2.8073 -2.9786 0.19922 -8.2724 -5.0363 -9.3944 -5.6349 -5.0182 -6.682 7.5866 
-8.8659 6.9854 9.0743 -5.3919 -7.2935 -8.1251 2.4224 -3.4997 -9.2906 -8.7871 
0.43771 9.8361 -0.60191 -3.5758 6.5467 -6.6985 -4.5397 -3.9634 4.2664 2.6286 
-3.283 -0.31352 8.658 -1.8123 -7.446 0.47937 -1.7738 7.5586 -1.7239 1.0312 
-6.4866 -2.8727 5.8343 -7.8689 -7.9267 1.1429 1.8513 -2.1051 7.5261 6.4487 
-5.8211 -8.9126 -0.11448 4.3235 -5.4914 9.8301 -6.3425 -7.1478 8.2526 9.1567 
8.1031 8.2815 -9.7266 6.6806 0.94878 -2.2153 7.4871 -6.5434 7.1051 9.374 
3.5078 4.0994 -5.1957 4.1312 7.5287 -3.5206 9.64 -8.3097 -2.1404 -9.7634 
-0.63064 -1.2383 -1.2424 4.8936 -3.3598 -6.9298 9.3502 -8.4285 -4.2143 -9.8145 
8.2426 9.3622 7.7596 4.7302 -2.5884 -6.9045 -9.8512 -6.6841 -0.85063 9.9995 
-7.9198 4.4764 8.2644 -9.7526 5.7221 -2.8383 7.7289 8.2756 3.7397 8.3113 
4.9109 3.1361 2.4731 1.6729 0.0019325 4.2239 5.9777 -5.4116 -9.6404 -4.0969 
4.7253 0.29543 -0.61575 3.9149 -8.1919 -5.5184 4.8514 5.1922 -2.328 -5.2739 
1.2372 7.5411 6.483 -9.8799 -3.2615 -7.2564 1.1657 -0.057729 0.13726 -7.4923 
-6.3161 -8.7965 -2.7471 0.42926 -8.7411 4.9241 0.47822 7.9708 2.1737 2.7234 
1.9442 -0.57045 3.3351 6.7462 -3.0023 8.5113 -2.9464 -2.6429 1.0476 4.6993 
-4.0013 -3.7797 -3.0342 -8.8475 4.0963 9.8995 -2.616 7.5497 6.3381 5.8943 
-7.3175 -6.1061 -7.5246 -2.3689 2.9483 1.4811 -2.0034 -8.3526 3.1974 -6.8761 
-5.748 -6.979 -0.67144 0.39628 -7.1324 2.8207 6.6029 6.5734 5.32 -5.4887 
7.8988 8.0284 -9.1986 6.5583 -9.546 1.1681 6.1704 -1.8023 4.8234 -0.25486 
-8.5709 -8.5868 0.93443 8.5205 -6.2267 7.9887 2.574 8.598 -0.74654 -9.8592 
-5.1503 9.1678 9.2562 0.78473 0.040827 -9.5904 9.8139 -4.1845 -7.5022 7.0613 
-8.9249 3.9978 -6.3081 -0.61339 -5.8661 -2.8341 -6.3249 -3.7083 5.3656 3.7302 
-1.1656 -9.7598 -9.1595 0.23577 6.7195 -7.0934 1.4801 9.4705 -4.5692 2.644 
-9.7343 -9.9024 -1.0872 8.8328 3.4593 -1.3516 4.5338 -6.314 5.5331 -1.003 
7.9438 7.0658 -2.0852 -8.647 -9.6646 2.7993 -8.7038 -7.2027 -1.5292 8.1469 
-6.0668 -0.65424 9.4035 -6.7522 -0.35315 -9.9646 7.9633 -6.1238 4.8684 4.8661 
-8.1326 6.7344 3.387 5.4754 -7.6306 0.15789 -3.5137 -7.5548 -5.6673 -7.1498 
-3.8527 -5.5875 4.6035 4.4268 -6.6423 -2.3006 1.2013 0.13925 -4.1193 -5.7464 
-0.87885 6.1192 -7.8069 4.2849 -6.7693 -1.0648 8.4688 -6.937 -8.0434 8.023 
-7.9666 -5.0284 -0.10067 3.7057 -2.9389 -7.4834 -2.4329 -6.7074 6.8751 -6.4716 
9.9078 9.9655 8.5086 -2.7425 -1.0023 -4.9931 9.2847 -3.5534 -9.952 3.4484 
-3.3581 8.758 3.4427 -9.3211 6.846 -0.03037 -5.2564 -2.9012 -3.8413 9.8515 
-4.0531 1.0791 -1.5328 7.9617 8.252 -4.6209 -1.2857 8.3102 2.7615 -1.8939 
-8.7591 8.2539 -3.6234 -9.9775 5.2537 -0.4076 -4.0021 6.6757 -0.56659 5.2899 
-4.0351 2.7098 9.8356 8.3675 -9.5462 -5.7397 9.2217 -8.4701 3.9127 9.0632 
-9.073 5.6019 5.0881 -3.1174 8.5322 2.7075 -3.2977 6.828 8.0598 -7.1717 
0.10856 1.3444 -3.4888 -5.4703 1.4475 2.8304 -0.39975 -4.083 -1.2687 -4.5641 
5.2285 -6.1648 -2.4362 -2.6917 7.9144 9.9501 -0.83074 -8.4703 -9.5664 9.8769 
2.6214 8.125 1.3684 1.6063 7.6927 -4.5625 4.4683 -4.1925 2.1386 8.7532 
-8.2022 0.29713 4.6471 -1.1469 5.3562 -8.8994 6.8898 2.3202 4.2552 -3.1542 
-8.3828 9.9795 -1.801 1.4933 -6.4479 -4.5097 -0.25374 -7.5292 -1.3407 -1.544 
5.5448 -2.4534 2.273 0.87803 -0.81111 8.7648 -5.3827 7.2237 -8.2607 -7.7662 
8.1027 -5.8778 9.4402 2.6083 2.4522 1.048 -0.52558 -1.015 5.3769 4.6332 
0.67544 4.5989 7.1232 7.7846 -0.58365 0.95724 0.47793 5.1053 -8.2257 8.6837 
-7.8169 -3.7313 -2.3022 0.83375 -0.13401 5.1099 -7.7199 2.9831 1.456 4.6873 
6.5162 -7.6484 -4.5375 9.5279 3.7578 1.9687 -5.6605 -5.7747 -3.9629 -4.9992 
-3.238 7.7721 6.6892 -2.1524 -9.3168 4.1892 3.4383 -3.8085 -3.8472 -3.8981 
-4.1205 3.8625 -0.15509 -3.3989 -8.176 -5.6043 7.205 -1.0411 2.0841 -2.873 
4.9263 8.798 -0.5851 0.054223 -9.9503 -1.576 -8.519 4.6522 -4.8297 -0.099385 
-9.7933 -1.6567 -7.0952 5.4247 6.4553 -4.3141 -0.39719 7.5009 -2.8008 1.7247 
-9.0311 6.3154 -7.9942 1.7451 2.2681 8.6453 5.2708 -7.7385 -8.3602 2.4487 
3.3583 6.0969 -3.9408 3.7749 -1.3841 5.4747 -0.92846 5.9395 -8.4389 -8.6535 
2.0694 -2.7919 9.6691 -7.3093 8.7473 9.535 -0.13331 -8.7232 -0.75199 7.6911 
0.52205 8.2763 -8.4462 9.7047 -9.4763 -8.2692 4.4512 -2.2761 -7.4594 -4.3349 
4.5942 -4.2337 -4.7496 6.7812 -6.366 1.9193 3.2927 -3.5343 4.4036 -9.6775 
4.1451 -6.7 -2.7433 -9.3086 -1.4435 3.0879 -5.0606 4.5645 -3.8296 5.1112 
5.6275 -0.88275 2.8669 -8.5633 -5.5373 1.9737 7.7179 -7.9518 -2.4136 -4.2144 
-4.2405 -5.1437 -8.073 -8.3159 3.7839 -5.654 6.7591 9.6104 -4.6696 2.2504 
3.8506 -9.9616 -9.5063 -3.5876 -3.8381 0.074215 9.2986 6.7038 -6.8797 -6.3412 
1.1334 2.3069 -3.7664 -6.7655 -0.99861 9.716 -6.4465 5.7487 -6.3515 -5.887 
-2.0696 3.2246 9.0841 -8.9422 -7.141 -9.8883 -8.6936 -0.58922 8.9733 -2.3981 
-8.7682 3.2067 8.106 9.6335 6.2382 -0.42395 1.4756 -9.6974 -0.69684 -6.0467 
5.6035 3.6095 4.5679 3.9127 8.8121 1.9661 -1.2975 -5.8703 3.5509 -1.2055 
-3.2483 7.013 3.1143 4.2155 -9.7256 -0.29289 -8.685 -4.059 2.8965 5.5691 
2.1573 -9.2537 2.3243 -5.3068 -1.1325 8.251 3.1447 3.3684 5.7292 8.7526 
4.8251 3.6155 -5.7277 5.7087 1.0955 -5.4394 4.1429 5.3916 -0.3573 -0.0066555 
-7.9037 1.4228 4.1548 5.9698 -3.555 -3.533 2.1999 -1.7608 -7.4251 2.5918 
-7.4422 3.8043 -6.2502 -6.6197 7.4253 -8.9591 1.9889 -5.7916 -9.6575 -0.75811 
0.9908 7.9113 7.876 -2.3661 -7.0828 1.3055 4.3173 -8.8629 9.7585 -6.6422 
-0.29541 -4.6628 -8.8378 -2.5357 8.8839 6.9996 -3.5601 -3.3873 8.6706 -0.74913 
7.8095 -8.6289 -3.5394 5.9545 1.7703 4.9562 -3.556 7.3077 -8.625 4.8748 
5.9792 -3.728 7.0699 -2.7927 3.0811 -0.35182 -5.4888 2.2507 3.366 -9.966 
4.6868 5.7836 -7.5687 1.1203 -6.6823 -0.55067 8.386 4.5898 -1.2588 5.4064 
-8.9734 -0.033204 5.0009 -1.8394 3.0171 -4.468 6.8973 -4.7038 -0.94453 6.3553 
-8.5423 -1.2593 -0.54665 9.3617 9.3801 1.3547 -0.19066 -7.4401 7.2117 2.1636 
-8.2295 -6.6319 -3.9491 3.9562 6.9377 5.9781 -4.796 9.3406 0.77223 -7.9174 
5.967 -4.7087 2.0464 5.0975 0.63641 0.25753 4.523 -2.2173 -3.1907 -7.0965 
8.8602 3.6776 -5.7522 -7.134 0.60646 9.9099 6.4138 -5.3429 -6.9026 -0.38395 
3.6743 6.3327 3.9159 6.5957 -0.61036 3.5687 9.7762 9.8141 -4.1888 -1.4698 
-7.3583 4.1104 -4.0796 -3.7116 5.0617 -1.4138 1.9887 -1.9664 0.021152 -5.2765 
4.4545 1.5308 -6.1643 0.81536 8.5186 1.1277 5.2123 9.9912 -8.3063 -9.4336 
-7.7929 9.8812 -3.5367 -8.6985 7.9776 -5.149 -6.9211 7.489 -1.9555 -4.372 
-7.6501 -0.77613 8.6673 -4.6447 -2.9791 -3.4417 3.7868 2.9092 -9.1903 4.8815 
2.8144 -0.13293 3.3524 -2.8846 7.0563 6.7454 6.7054 1.609 -2.5363 4.8785 
-3.4237 -4.5208 5.028 -8.9255 4.9459 5.4165 5.3291 -7.5066 -3.9706 7.771 
3.0762 3.1021 9.4559 -1.1285 -5.466 8.7479 -9.3608 8.5309 -1.9823 -5.9512 
4.9826 -1.8589 -1.4418 1.24 6.8831 7.9193 -5.4282 -3.7659 8.7306 -0.74546 
1.6637 -4.0007 -3.9473 9.404 -5.4437 8.3211 -2.1912 8.679 -4.4534 -8.5028 
4.8006 2.1087 7.0925 -8.1946 5.0761 7.1125 5.9579 -1.1781 -3.1097 -1.3723 
-5.3035 5.8235 -2.0587 -9.6551 -1.9357 9.5726 -6.1121 3.6453 0.80642 -6.3766 
4.6992 9.4179 4.6874 -5.3765 -3.1544 -0.55135 0.33508 4.6575 0.027711 4.3756 
9.412 5.4677 2.8218 -8.7171 -7.0387 8.7756 -2.582 7.1668 -6.7165 -2.3685 
7.3386 1.9996 7.3047 0.082109 -4.9334 9.8997 -1.9956 -5.5203 8.6425 -3.4683 
-8.2753 -1.0186 -2.186 -5.3243 6.2154 -6.6518 -3.7109 8.4935 -9.5173 9.1671 
-2.6713 -6.9305 9.8733 9.6999 -4.5477 8.3525 2.0047 9.5154 -2.4516 -7.0633 
-2.616 -5.7753 -3.7038 2.1127 -6.6455 -2.3348 8.9052 -6.0024 -2.1166 -0.99538 
3.7006 4.007 -9.1927 -0.42691 9.614 8.3052 -1.6688 -6.3551 -7.4499 -5.3376 
1.9588 9.1236 -3.0834 5.9926 3.5849 -9.3046 -3.3832 7.3179 -3.4412 0.84651 
5.7873 2.7094 6.6027 -2.6213 -8.7724 5.0695 5.0988 5.5523 5.7815 -2.0371 
-2.6469 7.8254 6.4383 3.0326 -0.49179 -6.4993 1.038 1.5121 5.6154 9.1744 
-5.8794 -5.6743 -3.4459 -8.5487 -8.6005 -6.2446 -4.3593 7.0556 5.8712 -2.705 
-8.2667 3.6709 8.3333 -7.4996 -2.2669 -7.1578 1.7114 5.2064 3.9607 1.5504 
5.4387 -3.6988 2.585 -6.448 2.4944 5.8372 7.6754 -8.0527 2.733 4.2872 
-5.8865 -9.4923 -8.5635 -4.0041 7.9882 -7.8969 -3.2607 -8.3607 -8.4961 -1.7707 
-2.2346 6.405 3.5741 6.4513 5.6145 5.7894 -4.4665 -1.3805 -5.2068 5.6195 
1.0356 -1.3466 -2.8122 3.755 1.6023 -5.6684 -8.6231 6.1133 -1.825 -2.3395 
-5.4209 -8.2259 -6.93 8.9399 3.7219 -2.4746 3.6228 -5.5061 0.88937 -8.6169 
2.8388 8.7017 -9.0075 4.6272 9.8365 -7.6712 -7.8648 2.8445 4.2543 0.88608 
-0.31039 -2.1845 6.2794 -9.1899 -6.9661 -9.8976 6.8084 -3.868 2.1172 -1.4046 
-6.9631 1.7586 7.7487 8.901 -3.5255 8.3679 1.4424 1.1332 -2.0673 -1.6768 
5.6386 -5.2033 -9.7595 8.8811 -7.6332 -2.3171 3.6626 7.701 9.8247 9.7735 
-7.9879 3.0713 -5.0047 -8.1953 -8.1235 -4.9624 0.09761 -2.3235 9.4156 8.4192 
-4.1187 -2.6694 -8.9314 -7.2605 1.5768 -0.48062 -8.7718 5.5255 -0.54806 1.144 
-5.2525 -0.375 -2.964 -2.6856 -0.57237 -3.4224 6.9648 8.5929 -3.412 7.0449 
0.61745 -1.9663 -2.5243 -7.3214 7.8768 -3.8649 0.56959 -2.9725 -5.3508 -3.5475 
-8.17 -3.324 4.0033 0.043584 -6.8769 -6.2865 -4.2921 0.96127 -2.7181 1.2891 
-1.8937 -4.6483 -1.1707 4.323 -8.4548 -0.28813 4.2578 1.2897 -4.5045 -0.27977 
-7.9031 5.3569 7.5813 2.4931 -3.4016 -0.048048 -8.2813 -4.9693 3.3165 5.7025 
-7.7543 -5.1924 -5.9313 -7.8347 -5.8339 -4.1026 -4.9746 -0.16324 3.0712 2.4509 
5.6886 9.2255 -7.8789 -2.6717 -5.7656 6.1843 -6.8517 0.062729 -7.0953 1.1758 
-4.1686 8.471 -5.2945 -8.0294 -9.1993 4.4936 8.1808 2.1345 -2.5091 -6.2275 
2.0707 -4.5151 2.2097 6.2797 9.6575 -6.5848 -9.9947 -3.5946 2.21 -2.7236 
9.2885 -5.5344 1.9162 9.982 -5.6988 -3.8201 4.104 -1.0582 3.663 -7.6834 
-1.3503 -4.9575 0.70042 2.7725 -2.0176 3.7629 -2.3627 0.97525 -0.99854 9.1441 
3.895 -5.0601 3.0402 -3.8986 -8.7677 -2.9348 -1.3562 0.83956 -8.6998 -2.753 
5.162 -5.2085 5.1736 7.0822 -1.063 -7.276 -9.1857 -4.9831 9.8085 -5.8684 
-1.3472 -1.435 -3.8826 8.7335 4.802 -6.776 3.7409 6.9112 -1.888 -7.7356 
3.11 6.5185 -4.1162 -8.6782 -7.1019 4.032 6.1077 -0.25571 -6.1641 2.2487 
-7.8049 2.3437 0.37006 4.593 0.23448 9.2621 0.12104 6.1096 9.6078 -5.4887 
8.6752 -6.1225 4.4056 6.0698 6.2053 6.9783 -6.3184 -2.4066 9.5448 1.2945 
-6.2508 6.1616 8.2279 -8.4253 -4.7925 -2.8861 7.0264 -6.3397 -8.7092 9.8198 
-4.6764 9.7127 -3.5238 -0.63887 -6.4784 2.0805 7.4454 0.42065 -0.59594 5.2723 
5.9566 -7.028 -5.4994 3.7543 -3.9815 7.2642 3.3613 -6.4912 -2.1369 8.8308 
-0.24792 7.0606 -7.6776 -8.3141 -7.9907 6.4103 -8.1826 -8.5171 9.9897 -8.171 
5.3792 -5.228 -3.5167 8.8841 -3.052 7.1345 -3.5806 9.5354 -8.5746 7.7462 
-2.0799 -1.6612 -9.1873 -7.5673 0.83201 -0.41555 4.4632 -5.1278 6.9008 -7.2477 
-4.5412 -3.552 -3.4046 4.0905 -8.2219 3.865 2.84 -5.011 -5.8063 -1.7178 
-9.2553 -1.3192 -7.8267 6.1592 2.7888 -6.3161 -2.9448 6.6103 -0.65962 1.0899 
3.4659 -3.4515 1.7004 0.41999 0.28391 -6.7992 -0.013619 7.0355 -2.6297 -2.7744 
-1.4087 -8.0206 7.7217 1.1945 -9.7909 9.8986 4.7058 -9.2908 3.6681 6.2751 
-0.96522 3.4235 7.9713 8.4305 4.3557 -8.6776 0.4055 -1.0392 -9.3009 9.1543 
2.1971 -9.0128 0.70835 9.2708 3.8756 9.8521 6.1806 -8.1256 -5.8549 4.5086 
-8.8119 -5.9801 5.1033 -8.8817 1.5287 -5.6466 2.0134 9.8635 -6.3827 -3.6521 
-3.6838 -0.017261 -1.6656 -4.1218 6.1624 7.7113 -9.6168 2.1909 4.8796 -0.73969 
5.4544 -4.4916 -9.5174 9.6886 -9.2431 -3.2557 -5.0137 -0.51928 3.7638 -5.3569 
3.9287 -1.6079 -5.9966 -4.1987 -3.5911 -3.6709 -8.2395 -6.3205 -0.38576 -3.0712 
-7.4934 1.9399 -5.4681 -8.4521 -1.7041 -3.7907 -4.927 -7.5202 7.2036 -5.8216 
-7.397 -9.0171 1.1634 -2.8132 7.2076 4.2623 5.1997 0.80229 -8.4716 7.998 
-8.153 7.7336 -8.4572 -3.413 2.8617 3.2736 -1.2027 7.8444 0.15035 -3.3363 
-9.8436 7.166 -1.6034 2.5884 -2.0996 4.3594 0.95602 -0.066109 -7.4597 -3.5511 
-1.5378 -8.2988 1.5528 -1.7279 -2.4035 -7.9072 6.0998 -2.682 -7.2774 6.2373 
3.1115 -6.4517 6.8205 1.5677 3.4536 4.0096 0.76633 -2.3037 7.8597 -8.6199 
4.4585 -9.732 3.487 -0.44973 -8.4979 -8.3883 9.5697 9.7677 8.6995 -1.8792 
0.62419 1.7997 6.223 4.0609 2.4068 7.8239 -5.8767 -8.7932 -4.1026 1.2256 
-7.8236 4.1572 -8.4829 8.454 2.0402 3.8776 8.4785 -0.72654 9.7098 -3.141 
2.6353 5.1785 1.4211 -3.8955 3.6279 -1.2705 -7.9171 -5.4935 -1.8347 4.4396 
-7.47 -5.7206 -7.8819 0.72809 9.5221 3.1398 -7.3497 3.2957 8.5604 -6.2497 
-7.3139 9.3233 4.3098 3.4971 0.89151 8.9619 2.4643 6.9197 0.99057 -1.9531 
-8.0281 -0.31222 -3.6477 6.3007 -3.4723 5.4211 -0.2668 1.2797 0.27851 -8.4584 
-7.1595 -8.7506 3.7717 4.2261 2.8659 7.6671 9.2826 5.2048 -2.8738 -0.81145 
-6.635 -6.4308 7.5312 5.4968 4.0176 -3.1405 4.7113 3.6708 9.1181 8.6766 
-6.075 -3.2347 -9.9359 7.1856 -2.3217 -3.7467 -5.3745 1.4871 5.4575 -3.268 
-3.6504 7.6096 -1.4113 -4.4843 8.0051 0.15378 2.9913 -4.1512 5.2431 9.1201 
-3.6714 -9.1456 -3.2213 -6.357 -8.2652 0.25046 -6.7673 -5.9185 6.8106 -0.57179 
-5.6487 -2.8919 5.7143 -3.0141 -9.2428 1.6369 -9.4301 -4.1892 2.764 -6.4385 
-4.9792 2.8148 5.4224 8.5061 -4.8077 -3.9443 7.3525 -1.5409 -4.6536 0.89409 
7.8584 6.5577 3.169 -2.3968 -3.5174 -5.1856 -6.7666 -7.1916 -7.1935 2.4787 
4.0645 -9.1075 -2.1873 0.20548 4.7256 4.3287 5.7811 0.043917 7.7247 0.18272 
1.1148 5.8165 -5.241 -1.7148 7.9196 5.3981 -8.3032 0.86102 -8.7373 -0.29414 
-6.3113 -8.977 -7.5474 -4.2433 4.8451 5.8248 -5.1921 -3.5505 -1.4087 -0.85609 
-5.7594 -4.0715 -5.8115 4.4884 0.51189 4.6002 -6.4188 8.4618 4.8683 7.8171 
-8.4531 -4.5572 2.4445 4.6464 9.2206 -9.0308 7.2486 -5.209 7.3957 0.69637 
8.276 8.2691 1.8473 -0.61205 -5.0449 -4.2736 -2.2448 -3.9269 3.7015 -0.18303 
4.1343 2.1093 9.331 -2.7822 1.3 2.9693 1.5294 5.5829 4.3901 9.8304 
1.1558 0.044349 0.29681 6.8065 1.9633 1.0395 3.6459 -7.5581 5.0435 -6.44 
-3.7314 4.732 8.8222 -6.7665 3.6401 4.0954 -3.2972 1.2723 -8.6257 -5.5858 
-6.6759 -7.7575 -5.381 -2.5438 2.0298 8.9844 8.4015 7.7633 -8.6401 4.256 
2.4499 7.6898 1.1824 2.3548 -3.9419 -1.9265 4.7254 7.203 1.8021 0.23558 
9.7587 0.59101 -8.32 -6.1335 -3.5335 7.4951 -2.7335 -6.2296 -3.7088 2.0454 
-6.5914 -9.8901 6.4903 -0.82508 -6.847 -8.6533 -6.6378 3.8268 9.5506 2.9114 
-4.8442 -6.7426 -6.4913 4.8924 1.942 6.0773 0.4738 -7.123 2.7318 -1.3208 
-2.064 -4.7535 1.2705 6.0484 1.5478 -3.2518 -5.8007 1.6141 -7.6138 -0.42054 
-8.5201 -9.2226 6.27 3.7626 6.334 5.5087 -1.0534 0.072061 5.9089 9.9929 
3.6819 3.6413 8.9805 -2.9694 -5.6595 -8.7603 3.2756 -7.7911 -4.8799 0.8351 
-1.9522 -9.4361 2.9916 0.68996 -6.5507 1.5074 9.3556 -0.5121 8.4056 -9.248 
9.6567 -0.0010159 -6.0273 -3.9818 3.2724 1.0153 -9.7543 2.912 -1.9588 -8.2436 
-1.9563 -0.3861 -8.3503 9.5495 -3.7675 5.9888 6.7218 -3.7921 -3.3646 2.1648 
2.4134 -4.4294 -2.6677 -1.1469 4.3888 -2.4313 3.541 -3.6994 -9.966 7.5435 
-6.9126 1.8098 9.6874 -4.3244 -7.2453 0.68501 5.9327 -7.1005 2.3474 -7.4749 
-2.3731 -4.2517 -4.3957 3.5289 -0.028202 9.0017 -0.47687 6.1768 -1.0621 -6.7457 
-6.7773 8.3989 -5.4498 -0.57509 -2.784 -7.5779 5.812 -2.5323 -1.1269 8.936 
5.1622 -9.8787 -7.2816 5.0441 -6.811 -2.7748 3.0413 1.9868 -5.7704 -0.0039223 
7.4222 1.2906 8.0339 -4.1993 -3.1115 -7.1169 0.93318 -7.1739 7.2381 -1.8391 
-2.9845 -2.6262 -1.3824 5.1854 -9.0781 1.7745 0.3212 5.7848 1.5156 0.36656 
3.7107 -2.5728 1.222 4.031 -3.6416 0.91823 -7.6737 2.9967 0.39512 7.6401 
-4.117 -9.5761 -9.7121 1.7802 -5.3033 -3.2798 0.071137 5.0599 -6.1049 -1.3889 
0.61259 3.745 -0.45105 -4.1915 -2.3273 -4.1087 -3.9513 6.3801 -5.7858 -5.7398 
6.6485 1.0913 6.6809 -8.2518 -4.4629 1.4034 -1.0697 5.6691 -4.7246 8.856 
1.9498 5.3087 -8.8428 -5.523 -0.46836 6.0478 8.4048 1.2954 6.7134 -5.1705 
-3.2938 5.8268 -3.5908 7.3717 8.8992 -2.0355 8.9304 7.1847 -9.1564 -4.0647 
-4.0155 -5.0688 -2.2837 -5.9588 -3.269 3.7734 1.865 0.99569 -6.6733 -1.6428 
-0.94815 -6.0039 4.5357 -9.3191 -1.9179 8.1744 -3.2142 7.4833 3.0413 4.5986 
-1.5471 -2.6612 9.3451 6.6438 -2.3315 -7.7249 5.9977 4.9614 -6.922 -4.6025 
-2.8079 4.3914 9.4047 -7.6098 -3.2235 -7.7126 0.16496 6.1528 9.8237 -0.048308 
1.1664 -7.4927 2.5299 5.0532 1.6544 2.5655 -5.2439 -0.5212 4.3891 0.40346 
4.8509 -1.4021 7.0318 4.5248 -0.035133 -7.5496 5.1011 9.9143 -8.5097 2.4723 
-1.5133 -9.6729 -4.2245 -1.1971 0.69053 3.9244 8.9171 -9.0328 1.2047 -7.3857 
-1.4129 -8.5796 -2.4518 -2.672 -6.2319 -7.9622 5.8748 -3.4126 -2.5489 -3.5437 
-7.5025 4.2061 -5.3933 -5.9215 8.4877 -0.17054 4.7634 4.0427 6.2258 -5.5003 
-9.5113 6.059 9.6771 6.6362 5.2301 -1.794 7.5538 6.3992 -3.8957 1.3211 
-4.1963 8.2039 -9.8544 1.1575 7.6646 8.0162 1.846 1.5856 9.5877 9.0164 
-3.6496 8.2425 3.8689 8.4241 -0.71416 0.32656 0.63961 9.6677 3.4345 5.672 
3.0738 2.5907 -2.4154 5.107 1.6889 3.4406 -6.4415 6.4228 7.9773 8.8565 
9.1387 -7.3701 4.2779 6.1735 -0.6064 -5.8256 -0.23228 -1.816 -2.6645 0.27916 
8.7146 -8.7573 -7.4461 2.3344 4.7754 0.62846 -3.0633 5.1947 -8.3893 0.8091 
-0.84227 5.5509 -8.4488 3.5668 -4.3586 0.3601 3.4086 0.062109 3.9861 -1.3213 
-5.1904 4.843 1.3645 9.7374 -7.3168 1.0635 1.5168 -0.98567 -4.8591 -2.3438 
5.278 2.5186 7.905 -9.7092 7.6022 -7.2106 2.2671 -5.96 5.2938 0.65565 
5.1865 4.5819 2.2189 -5.3879 -5.2526 7.6542 -4.9862 -9.4059 5.3733 1.4314 
4.813 -5.9397 6.1225 -3.3803 6.5371 -7.5334 2.4977 -3.5825 -8.2717 -4.6053 
4.8738 5.8999 -9.3198 -5.0522 -1.3678 -6.6828 0.062931 -5.6181 8.2542 1.6698 
-7.8816 9.4914 2.3707 -0.67254 -1.7522 -1.6697 1.7001 8.491 -8.2745 6.0327 
3.6312 -1.5971 -2.7725 -6.5687 7.7517 -0.030401 5.4215 5.6874 -4.9956 1.9688 
-0.73479 -5.0856 -7.1907 8.9379 -3.8003 6.8333 2.8112 -2.4063 -5.4449 -0.75463 
-5.7567 -0.39756 -7.4325 -2.7543 5.0612 8.9288 3.4522 -5.0224 -3.1229 2.5811 
-8.0296 3.3794 -9.2797 -8.2846 6.5191 5.2101 -9.661 -3.7785 -8.7398 -0.18363 
6.4715 7.0475 -1.9627 9.3509 0.19909 1.2825 7.9485 7.9875 1.6986 -1.6143 
-6.4998 8.9065 9.4644 -4.847 -3.6288 1.3229 7.4967 7.1179 -2.0308 -9.9243 
-6.7286 -7.4254 7.8021 -9.019 6.2468 -0.25801 -3.8244 -1.9258 -7.5986 -5.0401 
3.3197 3.9329 1.9994 -8.0627 7.3825 -2.4489 -1.2719 2.1533 3.1968 9.7731 
7.8878 -8.3983 -2.0551 -1.1688 -4.2835 -8.372 8.3253 -0.44306 3.4202 5.9314 
0.33116 -7.9287 -9.625 2.2748 -8.1041 1.9092 1.84 6.9774 -1.4653 -8.3333 
4.054 -7.376 5.4445 -6.8726 -1.111 1.4675 -3.9792 5.665 -4.4576 7.1684 
-6.9282 0.30111 3.8939 -0.91334 4.4546 -5.9959 8.7913 -2.3909 3.6543 1.7767 
9.0691 -0.36438 -9.1971 1.0614 -2.2383 2.4485 8.1231 -3.4314 -8.8816 -7.618 
0.81768 -1.0823 4.6834 7.1283 5.8213 -3.3337 0.9216 6.2596 -4.2311 3.7476 
3.5947 5.9635 6.2268 -5.2268 2.8258 -3.2732 -0.9809 -2.2581 6.9493 6.4555 
-9.2687 0.57876 -8.7044 -2.7699 -9.4627 -2.1295 8.9713 5.7831 0.5814 9.0444 
6.1841 3.3769 -0.26784 -0.98574 -8.3145 2.5495 -7.4721 1.0953 7.7199 -5.2482 
4.9724 -0.33325 9.8712 7.7861 1.3895 -1.1707 1.301 0.85226 3.2477 -7.4821 
-7.5963 -3.3463 -2.2061 -4.3805 8.5289 -6.0443 -6.4064 0.61071 -2.9034 7.6643 
0.5009 -4.824 4.0344 -3.5976 -7.1059 -4.9394 -8.1235 -2.1122 8.3059 4.9756 
-3.4833 9.4741 -5.7043 4.3468 2.3566 5.8116 -7.7438 6.0501 3.0277 -4.9506 
0.92899 -4.7128 -0.011032 1.4495 -2.7025 -8.1955 8.494 -5.9497 6.4504 7.4036 
-2.0224 5.7988 -8.8874 6.1107 6.3365 -8.8729 -8.2728 -8.4736 -2.7098 -2.9695 
-1.6981 -0.058622 -9.2902 1.3661 1.369 -2.9564 2.5549 4.45 -0.74675 -2.4945 
-6.3852 -3.5843 -0.2139 7.1653 9.7269 -8.2581 -1.2794 -8.295 3.4307 -6.0383 
-4.8923 2.3257 -4.1031 -0.59734 3.0618 0.22089 -9.114 3.1275 -1.1586 6.2716 
-9.5893 -9.8621 -8.7036 5.6413 -6.0159 6.4607 9.445 -2.0296 -7.4393 9.8497 
8.4735 -8.7413 4.0035 9.8874 -8.2965 -5.5312 2.9256 -4.3891 -5.1482 8.4426 
3.074 8.4005 -3.6876 0.96144 -7.4718 1.9652 2.0492 0.61644 -4.4502 -0.72301 
8.6523 8.1233 5.6588 -0.88576 9.7404 -8.2925 4.3405 7.9434 -4.6733 5.5957 
-6.7298 6.6307 -6.3852 7.2249 9.252 -9.1932 9.1901 4.6725 3.3643 -7.6959 
8.4219 8.2735 -9.5127 4.7287 7.4655 8.8786 7.2823 7.6578 -8.4064 9.4873 
5.8932 3.5832 5.5287 -2.6953 5.3547 -0.8894 -2.8569 3.2269 -3.7473 9.3797 
1.5479 5.5412 -1.7416 8.7812 1.3811 9.0777 -2.9683 -1.7611 -2.2743 -1.3361 
-1.1993 3.8734 -0.38756 3.5924 -8.8982 6.206 1.3578 -3.6909 3.6348 -8.7665 
-4.8477 -6.0229 -5.0636 -8.7544 6.024 -0.64399 7.0178 -2.1418 -4.8337 -7.3468 
5.0389 -0.95223 -2.5438 8.3818 -0.50158 6.5906 -6.6154 6.5289 -3.7113 -8.3837 
-5.4266 5.7777 6.8103 -6.3133 -1.1835 -5.5979 2.7106 -2.08 7.691 -9.6283 
-8.7163 -9.9615 7.6086 -0.62386 8.4758 8.8101 -2.1054 -0.88021 4.0311 -0.43601 
5.3466 1.1116 -5.1581 -2.7469 -4.8431 -4.0779 -1.5483 2.7155 4.5569 -6.4306 
3.424 -1.335 3.9365 -0.38952 -6.9226 8.4033 6.5418 3.3939 7.5029 2.4968 
4.3043 -8.8317 -4.631 -9.5358 -9.458 -3.8444 8.5011 -5.8295 5.7735 2.7684 
2.8412 -1.1608 -1.1842 -6.641 -5.2912 5.0824 4.2682 -5.0138 7.6554 -1.507 
-1.619 6.7919 -8.075 5.571 6.1016 -3.0748 2.4583 3.6035 -6.3051 1.2737 
-2.1848 2.3651 -4.018 0.4275 -8.8644 -5.6495 1.8808 3.2381 -3.8527 3.7979 
6.3228 4.8319 9.2806 4.0386 7.6931 -9.9501 2.7522 1.9711 7.7522 3.0081 
-3.6514 8.7127 -1.6662 3.826 -2.53 9.9937 -6.2882 -2.669 -9.7221 9.9271 
6.2908 -3.4938 8.4436 5.7479 -6.0072 -1.6807 9.5719 0.96412 -1.501 5.3243 
5.7815 4.9198 2.5307 -2.9292 -3.8724 3.0215 -0.90171 -3.899 -4.8091 9.2054 
7.0453 7.458 4.0473 -5.8022 -7.9606 4.6457 -1.3962 -4.326 -0.22524 0.47806 
0.11273 -1.3343 1.091 3.3469 -5.6915 4.8208 3.9949 6.0387 -6.7314 -2.7843 
2.7132 0.43119 -2.3659 3.0731 -3.375 -4.5093 -9.373 7.7982 -0.30725 -7.143 
9.0179 3.0532 -0.92458 8.8648 2.7926 -7.0461 -3.0198 3.2914 -1.9204 -5.4665 
-1.1207 -0.61977 8.1461 2.1379 2.1893 -4.9772 -3.9562 2.1634 -0.31178 2.75 
-8.7996 -6.334 3.5791 0.86819 -3.6866 0.97492 -5.7199 -9.3214 4.4711 8.3559 
7.335 -5.48 -7.654 1.9976 -8.4498 9.0233 8.4005 -6.8858 0.21684 5.5186 
2.6238 -1.7609 -2.6014 -4.1798 0.12088 -1.8577 0.76436 3.9617 -9.3146 -5.8462 
-2.8985 -9.6942 6.953 -0.52358 0.98454 -8.2207 7.7895 8.4089 2.8353 5.6579 
9.9401 5.0134 -4.5037 2.2049 4.7948 -4.4462 -6.4553 0.69657 -0.21645 -3.4215 
-5.5166 -8.7575 -1.2425 5.1909 8.715 -3.2927 -1.8649 7.8441 6.2042 6.459 
3.049 -1.3663 -3.6394 -2.9894 -9.876 1.2767 5.5887 -8.6881 -7.2315 -1.9251 
2.0998 0.85559 -7.4886 8.7681 -6.7694 2.3391 -9.074 -1.37 -6.0393 6.932 
-2.2551 2.203 2.8002 -7.1511 8.3373 7.865 9.5069 -3.6969 7.8215 6.1208 
-7.1563 -1.2753 3.9128 -2.9672 -8.3281 -6.5356 8.0776 0.74492 -4.8026 -3.7645 
-9.4973 -8.3786 8.6016 1.0677 -2.9209 6.0621 2.8293 4.1477 4.0829 7.5082 
-1.5778 -4.3209 5.5909 8.9873 -4.4851 -8.5007 1.5956 -3.0737 6.6886 6.5671 
-6.318 -8.5355 -3.5988 3.5846 -6.0955 -9.2945 5.349 -9.9081 5.3427 6.3719 
4.5155 4.5996 2.136 -5.6065 -2.8449 3.1903 -6.8244 -7.5101 5.3861 -3.5358 
-2.5927 -3.0725 -7.1777 3.1032 -4.2812 -3.9145 -4.5744 -0.61051 -2.8157 6.7364 
6.8312 3.0441 -9.8858 3.6068 -8.2068 2.9822 -8.6615 -2.353 -1.5283 8.5589 
4.6846 -0.36485 -1.5861 -8.6171 -7.5118 -1.1742 -8.297 -6.4656 6.063 9.7461 
1.4205 -2.3481 7.8863 -7.8272 -0.5918 1.4786 4.8475 6.4857 -4.9713 8.9913 
-6.4629 -3.4623 -6.8812 0.078661 0.46348 -3.2253 -7.7742 6.4643 5.5011 -4.2402 
9.1477 -7.9392 -3.7889 2.0832 -3.1351 -4.7035 0.26304 -6.8899 -0.56572 -4.7053 
-4.6936 -2.5918 9.2178 -8.5487 1.6589 7.8936 -5.8032 3.4159 -8.9575 8.3757 
8.4916 -2.4512 9.3576 2.4467 -3.1707 2.1714 -3.083 -8.1447 4.7497 -3.2363 
-5.5246 -0.36403 7.0962 -4.2251 6.6352 -1.6726 -3.4064 -9.5695 1.8836 1.3725 
-2.5287 5.9124 7.8343 -9.2226 7.229 9.2173 -6.7812 5.3673 4.6585 -3.2977 
-8.25 3.8279 -3.2227 -1.3039 -4.7762 -4.2383 -6.0764 9.1436 8.2112 1.5478 
2.8023 6.9958 7.497 -6.6892 -9.2788 7.8508 -2.4781 -1.2108 -5.9253 2.7428 
-6.3877 0.24565 -4.6142 -5.7737 -2.6372 -2.3859 -8.038 -3.0497 3.4908 9.6035 
-9.099 7.1007 5.7978 3.4986 -0.57863 8.475 1.7507 -8.0599 -3.0525 -6.0246 
4.4635 -0.69117 1.1834 3.1723 -3.3627 1.7233 -5.9194 2.4208 -8.8982 -5.1864 
-3.0512 -4.703 -8.7569 0.79856 3.9772 -2.9843 8.7372 -2.3806 6.8786 -8.8096 
3.2123 2.5897 2.1769 -0.17659 -3.9971 -4.0725 6.9226 -8.7211 -2.0045 6.4996 
-2.3226 1.2547 5.1787 -9.6064 -5.0034 -3.2002 -6.4781 -0.0018156 -0.29252 5.2207 
2.5469 0.82313 9.1454 7.6372 5.0287 2.6992 3.3938 5.6803 -2.5561 -5.6139 
-9.567 -2.1338 -8.6147 -3.5715 -1.4853 -7.1381 8.9427 -3.2231 -9.5512 2.6813 
8.2114 -1.5908 -5.6526 2.9774 4.6688 5.5923 -8.331 -4.6436 5.38 8.3627 
6.0112 -7.2576 4.9513 6.1986 -0.69735 -4.3834 1.7059 -9.7219 -5.5484 -6.811 
4.9169 -4.1564 3.42 8.4299 -7.9832 -4.081 -6.9469 -7.85 4.0978 -0.35259 
6.2623 -9.8535 1.3387 6.0344 1.5326 -2.1003 9.9707 3.0276 -8.5813 -2.0706 
-2.3339 8.654 -7.0365 -2.4366 -0.97186 -3.6564 9.6402 9.7061 4.9838 -4.399 
2.3456 2.1852 9.3904 6.1771 3.4905 -5.3206 7.1817 -2.6197 0.50648 3.6865 
1.5099 7.8369 9.8455 -9.2164 -4.279 -5.2715 -1.0361 9.4947 -9.0555 -7.6174 
0.60103 -1.5835 -3.9316 -5.9038 4.5557 -2.4538 -0.49239 -7.2402 -0.73985 7.9591 
-4.4986 -1.9964 -8.9245 3.6284 7.5688 -8.4768 -1.2878 5.1788 0.37945 9.0606 
-5.0274 1.0787 9.2263 2.4098 -9.3287 6.0113 8.2918 5.1535 2.8863 4.4939 
-0.96722 1.9252 -1.4291 7.2496 4.899 -5.446 -9.1553 -0.93602 7.7685 5.1923 
-5.4457 0.12558 -5.687 -0.86117 3.8389 -6.1452 -7.7581 -4.136 -5.3017 0.9589 
6.089 1.7442 -3.7629 8.043 7.505 -4.7986 -5.961 2.2126 -8.8579 7.7168 
9.7221 -7.3436 8.6901 -7.3318 -5.1765 -8.4163 7.9381 -3.8418 -5.6936 -3.7269 
-9.4002 5.232 9.4572 -5.9135 6.5256 5.0442 -8.0226 2.5008 -7.097 -5.699 
0.71328 3.0229 -8.2108 7.7495 5.9881 -5.5704 -6.5932 -7.508 -0.96039 6.763 
-8.2585 -2.9782 9.3128 -3.4527 6.0389 2.433 -3.1571 9.8766 -6.2624 -4.9845 
6.0418 -3.7481 2.25 -6.034 -8.1016 -8.3269 -0.8074 -2.6469 -5.6829 3.1699 
9.7829 -4.515 6.0253 -4.6144 2.6596 5.7975 3.9026 1.9095 -4.833 -9.5578 
-8.6611 -7.0094 8.7745 0.82768 7.6869 -9.6238 -2.2401 9.2994 6.4781 -5.6901 
8.788 -3.3131 -8.4382 -8.5283 -4.1111 -7.1431 7.3651 -8.7552 0.58235 8.4874 
-9.6364 6.6607 9.0054 3.9448 -4.8258 1.2097 -2.9801 1.3834 8.6764 -2.8411 
3.6768 -5.3285 -5.1577 2.7802 1.175 -6.0018 4.643 9.3594 5.8434 6.0814 
5.6747 -8.6152 -5.6556 3.3331 6.603 3.4888 -9.8048 4.3616 -4.9886 0.47741 
0.68275 -0.10546 -7.8102 2.0683 4.8076 -4.9908 -0.71867 3.9826 1.3219 9.5165 
7.7072 -7.557 0.7815 -2.5965 -6.3204 -1.7447 8.6382 9.1853 4.8073 7.0885 
7.9801 -1.9476 -4.93 0.65958 7.0242 2.1646 4.9959 4.034 -2.6494 -6.3184 
2.5188 -8.1757 6.7094 -3.765 3.8688 -5.407 5.7326 -6.9739 -3.2391 5.5973 
-7.2426 4.411 -8.0299 -6.2338 -8.6099 0.8093 1.6427 -1.1127 9.7365 -5.0979 
-5.644 -3.1531 5.8644 7.1873 8.7372 -6.6238 9.8599 1.7225 -3.7002 4.0281 
-6.3572 1.3261 1.2265 -0.9614 1.0554 -0.82116 7.2121 -4.4543 -4.1644 -1.4258 
-9.1636 3.0902 -9.9875 1.1993 0.6441 -4.7549 -9.2841 -7.2759 -5.2118 8.7767 
-7.8612 3.05 0.66314 3.7756 -3.4962 -4.5622 -4.1969 4.0448 -5.6922 3.8311 
2.3289 4.0171 -5.756 5.748 4.6485 2.0216 -9.0964 -7.5889 -0.26609 4.9175 
8.7932 -3.9779 1.7316 5.9899 -3.9567 4.877 2.6204 -4.4683 -0.536 -6.9752 
-2.9109 -8.2907 -0.75828 8.6816 -5.7772 -2.5058 3.1734 9.815 -7.8899 -8.2538 
-1.7874 2.6687 3.7722 4.0152 -6.9788 8.664 0.82987 -7.7658 1.6704 8.2339 
9.687 -4.6713 -5.093 4.4835 -8.0114 5.0338 -9.5566 -3.1748 0.83686 1.4343 
8.9116 7.885 8.7487 -6.1094 -6.3835 -3.2444 -4.8126 3.3244 9.3982 -9.7313 
3.5329 -3.9946 3.7421 7.7261 6.7749 5.669 -5.7276 3.2119 -1.2287 -4.9827 
9.766 4.3011 8.6106 -0.61225 -3.238 -5.7851 -3.856 7.7109 8.8843 8.1177 
5.3366 -3.393 -1.6414 8.1482 5.0272 5.5543 0.029697 -4.7728 -1.3409 3.5554 
-3.266 -2.7025 6.2786 0.82617 8.0662 5.1192 4.0773 5.4614 8.7238 9.2561 
3.2476 1.847 -1.199 -7.0172 0.31562 -3.5349 6.2717 7.4314 -2.415 1.5806 
-5.1167 8.1037 5.2495 7.356 -1.4235 0.76758 5.5831 -0.9216 -4.9118 -0.45666 
-4.0899 -4.7094 -9.8247 4.948 -5.4234 -0.47735 -6.5078 6.4879 5.3195 0.31735 
3.6036 8.9965 9.9006 5.4039 -2.4572 -0.24279 3.4482 -6.0233 -2.6957 -7.0841 
0.55694 4.7746 -8.4988 -5.1934 9.9092 -7.9703 8.0287 6.3598 -3.8301 3.8877 
-1.7681 -9.9108 -6.6079 -7.2714 -4.2469 -4.0954 -0.22406 -9.9419 -7.0129 0.2685 
2.0528 7.0147 0.28393 5.7601 -7.3697 -6.9936 9.9946 3.5697 5.7655 1.3399 
5.0104 3.9114 5.5812 7.7509 0.23311 0.17041 2.7741 6.5173 1.449 9.5967 
1.6707 1.2486 -2.8243 -2.9324 4.6731 2.2508 6.1013 4.2535 -8.1148 5.6625 
1.0359 -3.2457 -4.1329 0.7599 -3.6731 -1.342 -7.4717 -2.2166 2.4018 6.2707 
1.6714 -3.344 -6.9588 -1.9648 -8.7331 6.6321 8.7831 -9.7659 3.3711 1.36 
0.2364 -8.4535 8.1055 -8.043 7.3394 -5.2244 -2.3254 -5.8581 4.932 8.2132 
-8.3481 -0.83398 -4.5439 5.8364 3.1764 -6.0472 3.0518 -7.0366 -2.9063 -3.3649 
4.3914 3.1438 -3.1623 -5.0323 -7.0913 -7.5917 -5.8016 2.1231 9.2918 4.3604 
9.9231 1.4391 -9.002 -0.76063 2.9931 6.9522 -7.5769 8.3537 5.9481 -7.2197 
-2.9093 -1.9578 -5.9075 -4.2917 -6.1248 -8.7259 -5.0053 3.0614 8.0741 8.149 
9.4252 8.694 0.47371 -7.9943 8.0042 7.2229 -7.3091 -4.8104 3.6482 6.8122 
-3.071 -2.7893 -5.2542 1.7185 9.6056 -8.854 -6.9708 7.5839 -9.1822 -3.4917 
7.7309 8.9543 1.8405 -9.8906 0.79095 9.6508 -0.33883 3.4371 -4.8924 -5.455 
-0.9061 -9.3975 6.2602 -5.2512 -4.7544 -0.0096736 -0.66933 -1.8627 6.0968 5.7715 
-1.7315 -1.1781 -2.2714 9.8675 -1.0006 -1.1517 4.7301 1.9037 9.0791 8.5605 
-5.6454 4.0142 5.6576 4.944 -9.9017 -1.272 1.7448 -3.7047 -6.1206 -3.4191 
-7.4869 4.0599 4.3001 -8.2187 -2.2848 -4.1678 -3.3737 0.9865 -1.2588 -7.1045 
-3.8217 0.20333 9.9949 -8.6186 1.0495 -3.5512 -1.4463 8.9826 5.1603 1.9578 
4.5221 2.2449 -9.594 5.8678 7.8335 9.7366 -9.1652 -1.2947 9.0341 -5.3224 
5.6574 4.9274 3.1833 -9.9104 -4.7703 9.9183 -4.3072 1.5497 -3.9643 -5.8846 
3.8758 6.0287 0.65827 -5.6999 4.3829 -8.6004 -3.962 2.9253 3.3162 -5.8004 
-9.804 -3.2655 9.1444 -4.5294 -8.9439 -1.6012 -8.6337 -2.1027 3.2358 4.1578 
6.8643 1.2819 3.9068 4.0722 5.4838 0.90001 -0.52976 7.3658 -4.1394 7.3896 
8.4466 7.1053 -0.64975 6.1219 4.5361 -3.934 -4.0301 4.4906 -5.6081 -3.9781 
5.4191 1.7832 -4.068 3.1925 -2.1691 -4.7568 -0.55787 -9.7622 3.1038 -6.6011 
-9.1468 0.16482 -1.5849 -0.61159 1.4625 -2.967 -6.5846 -0.73615 0.9614 -6.3681 
-2.4363 7.0686 -2.0762 5.2664 -2.4064 5.2626 5.5953 2.2335 -8.8017 4.0723 
4.0868 3.676 -7.9309 1.7927 -2.6313 -6.394 9.9594 -7.5913 6.8776 -3.01 
4.5903 -7.8732 -0.43587 4.85 4.5345 -9.9998 2.5287 -9.6382 5.872 7.0162 
-5.5145 0.039137 5.5225 2.3141 7.101 -0.20716 -7.6075 -8.3102 4.1397 -0.20465 
-4.6189 -9.6167 -0.5434 -4.297 3.2823 -4.4015 -3.4334 1.5977 -0.42851 4.1613 
3.4606 -1.1478 -3.6186 -7.5469 2.903 -1.6849 6.6573 6.2272 -9.6467 -0.72871 
-0.45016 8.1435 -2.2558 -0.42379 1.7152 7.7763 9.2389 7.4496 -4.0712 -5.1832 
2.4743 -9.1066 4.1265 0.067632 -3.458 -9.8832 -7.1689 6.8486 -2.5368 5.7368 
-5.2711 8.9038 7.9485 -5.4551 -5.3327 7.065 -3.6777 1.4022 7.5103 -7.8328 
-6.4575 -6.3924 5.1021 1.595 1.6088 -2.8313 -7.6913 8.5977 -6.09 6.9246 
6.5929 -2.6018 -7.2867 -4.7801 5.3997 0.52282 0.38551 -0.33936 1.5294 0.831 
5.3384 -5.8952 -7.6521 -8.9544 -5.8468 6.4261 -2.0885 7.4204 5.7143 4.9449 
8.6896 -8.0883 -8.0922 -4.3819 4.8859 8.8886 3.1385 4.0714 2.8361 -9.4658 
-7.8422 -1.3452 -4.5504 5.3195 -0.60591 -7.0583 3.0691 -9.7095 -8.0614 3.7585 
-6.3554 -4.4488 -9.0012 -2.6644 9.7074 9.2473 2.1922 -4.7745 -3.2279 9.94 
-8.0181 -7.9828 -6.6941 -6.5602 -2.3145 6.49 -3.7283 9.2602 9.4716 7.5582 
-0.20472 -0.021591 9.3859 -0.071789 9.6984 2.1243 -2.0912 -6.8996 -7.376 7.9905 
-6.1351 -5.2193 -6.4474 2.7544 0.37627 -3.4002 -4.5245 7.5222 -9.5115 -6.7672 
7.9178 -3.008 -0.78399 -3.2277 4.4185 5.0534 -7.9478 -2.5823 -7.7982 -4.6251 
-8.0182 1.1652 4.4673 9.9484 -4.8248 7.2494 -8.5349 -4.5282 1.7627 -0.16752 
-9.1167 0.96134 -0.16253 7.6708 9.2871 -0.85623 3.4314 3.5648 -7.9143 -4.3961 
1.1459 -1.5745 1.2303 8.9101 8.5486 -0.48677 3.6597 7.9142 -9.397 9.3067 
5.4499 -2.29 5.1089 9.0278 -6.7835 -9.285 8.0879 -9.7658 6.823 0.62641 
-3.7612 -2.3867 9.3618 -9.5377 -8.5207 7.1881 -5.5211 -1.0091 -6.2591 5.4365 
-6.4204 -4.3854 -2.1765 -0.7548 -5.9189 -0.67064 -2.887 -6.4979 5.79 -5.6338 
-3.2209 -6.4018 3.0359 4.1755 0.86106 0.017294 -6.6043 -4.2459 -8.9674 7.083 
-5.7971 -7.4543 -8.9623 7.6492 -0.62455 5.4032 7.5813 -2.7918 -2.9062 3.6207 
0.20305 -9.6862 7.8602 -7.4474 -4.3107 7.1983 -3.6899 5.191 -7.7016 0.39877 
8.1273 5.0618 7.7663 -3.3442 8.1414 -7.9325 -1.3109 -0.5453 -7.8784 0.27573 
2.5785 0.099104 9.8423 -4.2965 -3.0906 0.6183 1.9053 -0.81563 -6.7194 2.3827 
-7.9693 4.4422 -2.3236 -5.4266 0.80998 9.9134 -7.171 -4.7058 8.8648 -6.0151 
-2.1829 5.222 -3.1351 1.1106 -8.5121 4.1715 7.1661 -6.6486 2.9669 3.8883 
-8.9077 -4.621 4.1634 -0.60363 -1.1257 4.3013 3.8924 6.0156 -5.8809 -6.3365 
0.025658 -6.1276 2.2972 -4.7088 3.82 3.5954 -2.0022 5.8528 8.4125 0.49746 
-1.3656 -8.717 7.0006 8.7103 -8.683 2.074 6.2604 -5.3848 -5.8806 5.8995 
9.9512 -1.4925 8.8616 9.3777 1.3887 -1.2017 6.2234 -1.4961 6.4286 -4.2681 
6.2321 4.0429 9.6825 -5.6855 -0.99724 -7.0962 0.74062 8.754 -6.83 -1.1257 
-0.28697 9.5464 8.0522 -6.7615 -9.6443 -2.9167 -8.4018 4.3114 5.5457 -8.0196 
7.889 1.0317 -9.3718 -0.87821 5.3411 -5.776 8.4691 -8.1411 -2.7751 0.88981 
-7.2491 -9.1239 -8.2635 -4.9036 1.0932 -5.8753 4.4107 8.6643 -5.0811 9.3678 
-2.1999 1.643 -2.7932 -4.6813 -9.6208 3.9644 -6.5174 -2.433 -5.557 3.3481 
8.5471 -4.4325 -7.8075 9.8159 -3.1794 -6.3965 -9.7182 -6.2321 -7.891 -4.2508 
8.3499 0.84388 -2.0114 1.1814 2.351 -0.55666 -7.7499 1.6017 6.7582 -0.018079 
4.2715 -1.1336 4.7573 6.9561 -7.1203 6.6845 4.065 2.5197 -8.5928 -2.6842 
2.3667 -7.6559 7.4643 -3.4813 -9.7132 7.0998 8.2544 -1.3853 -1.6585 -2.9991 
-3.1342 -2.4012 -3.4807 -5.2922 1.6146 8.1659 -6.5431 5.3961 -1.8754 2.0489 
8.7205 5.2967 8.0836 4.5302 2.4145 5.1525 -1.1971 -7.6892 -7.1503 4.8631 
-7.5045 8.3674 2.9662 -7.2458 1.9937 -8.4881 -4.1468 8.9008 1.191 -2.6468 
4.6117 3.854 -1.6512 1.7805 -3.2908 8.3483 -7.5498 -8.268 -8.2059 -6.666 
2.9295 9.4125 6.5924 3.7071 6.3114 4.3142 -7.1444 -6.5043 1.0862 1.8336 
6.663 -7.4767 9.7897 8.8128 -2.1798 3.5252 -0.15578 -2.1911 0.15329 1.7474 
-2.0344 2.9283 -2.42 5.8189 7.6268 0.76489 -9.8405 3.1615 -6.1857 3.9456 
4.9964 -2.263 -0.29209 -7.0754 -9.9161 9.7977 -0.45332 1.234 4.8981 -3.1917 
6.7044 1.2469 2.3352 5.1762 6.3524 -7.5116 -1.1649 -1.6155 0.70691 0.61744 
-3.5508 -6.033 -1.8413 -1.8513 -3.0888 7.8445 6.6557 -8.387 -3.2325 -6.0746 
1.0452 -2.1215 2.4898 -2.7566 -3.8535 -9.4982 0.99864 4.3449 9.646 8.7889 
9.5826 -3.1952 2.1385 7.9871 -4.0903 -1.1737 2.6896 7.8717 2.3984 -6.2625 
0.98617 -2.8704 6.1055 -0.85313 -5.018 -9.746 6.7563 5.4311 -9.8287 -2.6032 
-3.3915 -2.5392 1.817 -6.662 6.4499 3.7616 -5.0933 1.7511 4.8471 -2.8858 
2.3894 -7.6927 -4.543 -3.1109 -4.9709 3.0188 -4.4833 -5.4087 -0.96288 1.4402 
-2.7873 0.024195 -0.70886 -8.9921 -1.9062 0.9178 6.3513 2.6656 5.3705 8.1053 
5.1302 6.3383 -1.3513 -8.1283 3.0638 4.0229 -6.6143 -8.3879 7.287 -4.5409 
-1.722 -3.1299 -2.8153 -6.7264 8.0204 -5.4222 9.3976 -4.9551 4.5563 9.93 
-0.1531 -0.029276 8.2308 2.6363 9.5925 -6.9355 -4.7411 2.7121 0.79591 -9.5549 
3.8949 -7.6395 -3.061 4.8663 0.80348 -6.8861 -7.9147 -4.6822 4.7904 2.8409 
9.4547 1.5103 0.76077 5.5844 -9.1889 0.76012 -0.85269 9.2236 3.5571 1.9488 
-3.4449 0.30928 -5.8843 0.41617 8.4857 -8.4201 -4.3423 4.2737 0.52939 5.8961 
6.7561 -2.8945 -0.039337 -9.5516 -3.5696 8.6539 -1.6773 -2.9238 4.1893 0.60118 
4.7814 7.267 -6.7314 1.9899 -9.0 -7.0435 -9.6982 -4.4016 -2.6438 0.49526 
9.0835 -3.1197 0.44489 -3.2367 -5.1963 -0.12203 -0.091678 -9.7847 2.2966 2.436 
-9.3615 -0.86237 4.2923 5.6877 -8.5312 7.3526 8.2974 5.7555 -1.5435 -0.025006 
-2.8626 -5.2382 -4.0545 7.9175 2.0538 -3.7644 -9.9507 9.6178 7.0083 -8.0581 
3.2531 5.4233 1.8506 -1.4819 -0.22245 -9.2867 6.9592 -8.4972 -6.058 4.9596 
-4.37 -4.5319 6.8811 9.9629 7.6824 -5.0302 5.2584 -0.65582 9.0172 -3.5057 
-5.3923 0.50004 8.0316 6.6154 -5.814 -2.4011 2.3266 -9.2314 -2.2793 4.0652 
4.2226 0.62227 5.5938 2.5768 3.4825 8.1775 -9.871 0.077721 -6.6222 2.3179 
2.4915 7.4677 -5.6268 5.7559 9.2234 7.0659 -9.3849 3.9612 -8.469 5.7958 
1.8122 8.7523 2.6687 9.6566 6.8616 4.4615 -4.9806 5.7934 -8.1035 -4.0597 
3.2088 -9.0257 4.2534 -6.4136 1.8639 -7.5682 7.1642 4.55 -2.7143 3.2187 
-9.0489 9.5769 -9.9346 -1.3341 2.0134 -0.80023 -1.3641 3.0737 1.0463 -8.5626 
-3.0243 2.6465 2.0716 -1.6849 -0.15418 -2.1166 5.4308 9.5299 -9.8729 -2.9257 
-0.97319 -8.5473 8.8433 9.2784 3.3355 2.0563 -2.6687 -4.971 3.0114 4.9955 
-5.1819 -5.7635 -8.2579 -7.849 -2.3048 8.7798 4.1668 -0.87821 -4.7293 7.8407 
4.3009 -2.8023 -5.4888 6.2252 -4.8601 1.2692 -5.3319 -8.5639 0.93015 -1.3485 
7.1236 -1.4664 8.4324 -0.80948 0.3341 2.1412 -4.3777 8.4001 -6.1712 -2.8262 
-4.3698 5.1629 -5.9843 2.5124 -0.40265 3.6233 5.1733 9.93 -5.1268 3.0734 
4.621 8.315 -3.9307 5.7439 9.2734 -4.9551 -7.9759 -2.0856 -6.138 -9.1704 
-7.2447 2.5948 3.5858 8.494 -8.2566 0.72616 -2.0707 -9.51 2.7307 -7.2328 
6.7345 9.1182 -5.6971 8.5556 -5.8971 -7.1593 -4.4805 7.4521 -9.244 3.9906 
-7.228 5.1024 -0.84391 9.8014 -6.2738 2.469 3.3629 -3.6748 5.9349 -2.778 
1.7642 0.52222 0.34043 8.4068 6.5194 0.65219 -0.12244 7.1443 8.5068 -6.6079 
-2.6769 7.0022 -1.4745 -1.3774 -3.906 -8.6385 -6.9785 7.0262 -1.1687 -0.82004 
6.1352 6.3206 -0.18935 5.5534 1.1366 -9.4245 -5.4834 3.7837 5.5908 1.8751 
0.075616 -7.3574 -6.249 -1.6155 7.8103 -6.2022 -1.6218 8.0991 -6.9137 -6.954 
-0.20811 5.2145 -7.9036 3.2771 7.5375 -5.7988 5.7293 7.4631 7.3781 -6.2319 
7.541 2.3446 8.8161 -6.0912 -1.7799 -1.314 -0.19989 6.8033 0.6278 5.4668 
-2.9372 -2.0471 -7.4237 -6.5274 -8.6882 0.0911 7.5278 6.0382 -8.5707 7.2817 
-1.0111 6.8254 -3.3129 9.1291 6.9469 -9.6377 -4.9995 1.1328 -7.8172 -5.5269 
9.2706 -9.2336 6.0975 9.7007 -5.2787 3.8727 -5.6054 5.0488 0.26095 7.5608 
-9.154 -8.0759 -7.178 8.8276 -8.8683 -7.1082 0.61281 8.3095 -8.3549 -0.91718 
9.4592 8.962 0.88471 -3.9705 6.8198 9.7377 -8.5584 -1.9077 -4.2931 9.1024 
-6.2159 -2.0797 7.3813 8.5324 -8.068 9.1815 -1.6668 -8.1971 -8.0837 4.9539 
3.3424 0.64524 8.8457 0.61168 -6.3378 -1.7263 6.2869 8.722 -9.7386 4.9193 
1.7288 8.0728 -0.83538 7.2054 -8.7196 -5.0423 8.6507 1.6927 3.4149 1.9357 
3.5022 -3.1993 -4.739 -4.5411 1.2553 -0.39169 9.0683 -5.327 -5.4914 -6.8599 
-2.7796 3.2779 -6.3161 8.8515 7.5454 8.8209 0.6119 -3.1195 8.6836 2.2127 
2.4056 4.5472 3.9553 0.3983 -3.896 -6.1822 -9.9112 0.17806 -4.1918 7.9885 
6.223 -5.5397 -7.5214 -0.36981 3.046 -8.6948 -3.0501 5.5659 0.7916 0.90174 
-9.6149 1.1091 -6.9731 -4.6137 -5.5302 -5.9395 -6.5148 -7.0058 -4.6766 -0.79507 
-8.3225 -0.89535 4.04 2.4743 -9.2993 -4.7799 0.05242 0.87289 -4.1191 5.8332 
9.496 2.2053 -1.978 9.1079 2.8869 -9.1823 3.1695 -2.3047 8.8142 0.3604 
3.027 0.8798 -5.0158 -1.2451 0.78932 8.3048 -9.869 -6.7748 -7.4978 -5.4706 
-5.3752 0.36713 -4.1133 7.4485 9.9216 -3.0956 2.6234 8.4097 -3.1998 1.5336 
-1.9302 -4.279 0.65815 4.0282 -1.6153 2.5899 -4.3036 -6.7854 -1.3289 -7.9468 
-7.5596 7.5803 -6.7291 -0.45435 9.0198 9.2627 -9.1073 -2.0781 4.2969 2.1027 
-4.6312 8.7309 -9.6167 -2.212 9.8534 -9.6969 -4.9113 -7.0204 -5.383 -5.082 
-4.8431 6.1242 -9.9749 -2.149 -6.017 -1.7353 0.3368 4.5695 6.3818 1.2224 
-3.3667 9.3817 0.010512 -6.6668 7.4051 7.8034 -0.67731 9.7707 -1.098 7.368 
-6.9553 0.4847 8.3504 -2.2985 3.9634 7.4873 6.2929 -9.6615 3.4084 7.1936 
-3.0398 -7.7426 8.9175 -5.1025 -5.4893 6.2088 -1.9932 8.0716 -0.86682 -6.4194 
-7.5668 3.0047 -3.1331 6.2113 2.0017 -0.7644 -4.1174 -3.1429 -3.1732 -5.0253 
7.6831 -6.1823 0.84668 -3.6564 -9.6155 -5.3219 3.5171 7.2192 -6.3765 5.0502 
-8.1144 7.1387 -3.0089 1.2268 4.265 2.9693 -8.583 9.196 -1.8428 1.9741 
8.6008 8.8571 0.062618 -4.1451 0.46858 -6.275 6.9492 1.1993 -0.23974 -9.3088 
-2.0196 -7.9311 -8.2082 6.1206 4.6236 -5.7349 -3.493 -7.335 4.8559 -1.1709 
-9.052 -4.0712 -4.4569 -6.309 0.62887 -7.249 -9.6875 1.4961 -7.6571 -4.2119 
-3.1525 5.9807 -2.4305 -9.5812 7.3242 9.9396 -2.393 -0.29154 4.4447 -7.8784 
4.7193 -1.1657 5.6917 -2.379 -3.8672 6.3399 4.3279 -9.5613 6.4487 -0.73971 
5.8936 -0.14959 -7.0816 -7.4305 -9.8874 3.1039 1.954 -0.72487 5.4362 -0.23264 
0.89812 -9.4097 -2.1447 -9.4868 -6.2253 1.7862 -6.9059 0.56099 8.2953 -2.3151 
3.7245 1.4529 8.5646 -1.5585 8.223 1.8625 7.0375 0.29055 -0.006281 -4.4579 
7.8727 1.4492 -5.022 7.0481 7.9056 -1.3804 5.454 7.9712 -8.0609 -1.2294 
-8.9042 4.8338 4.6381 -6.4507 6.8066 0.55189 1.3142 -6.9654 -5.4564 6.5403 
-3.9268 -8.4679 -3.8657 -7.7367 -4.8434 -3.3999 7.0059 7.0297 -1.678 -6.5765 
-9.0762 5.7433 -0.54267 -7.321 -5.826 -5.1731 6.3857 -6.0092 -2.0732 -1.5495 
-6.0905 -6.1301 3.1692 -6.9432 -3.0364 7.021 5.561 -2.9336 -0.40344 -6.8967 
4.4033 0.61855 3.6739 0.47567 -1.3721 8.2808 -5.4933 -9.1476 1.6314 -1.8215 
4.4351 8.4826 -1.2541 -0.031193 1.9499 -2.4247 2.9083 -6.9947 0.044702 2.9268 
7.556 9.7211 -9.5303 1.312 -2.4525 -2.3693 -8.7773 -5.3929 -9.5345 -2.2592 
1.6487 9.5059 -1.7849 -1.1395 9.3054 0.49094 8.009 6.1476 6.3529 2.6815 
-8.5863 -3.9046 6.807 -1.6325 -3.5057 -5.6501 -4.1758 -0.42943 -8.162 9.4181 
8.4549 5.0728 8.3265 5.9648 1.5591 9.1955 0.43009 0.00068694 -9.9172 5.4732 
6.0074 -5.8729 1.5992 -2.2469 -6.9997 -6.2326 1.9226 4.1056 -0.83804 6.3704 
