1250 10
-2.9438 -0.24945 5.2972 2.5081 -6.124 0.71954 1.8831 -5.8462 -2.5202 -3.4841 
-1.997 0.70872 -0.29443 -0.44904 -0.19134 -8.7417 3.8984 -8.4541 -8.9075 -6.051 
1.9585 -6.09 -8.6306 -3.3314 -8.7816 -5.6956 4.4799 -1.3864 5.9488 4.648 
8.2304 8.2837 0.35736 7.8705 -5.5418 3.2456 -3.4578 4.8795 4.3752 -0.80716 
-7.3403 -4.3445 -1.8767 -2.7793 -9.4584 -5.5345 4.9635 -6.5903 -2.9388 3.7118 
-9.1567 9.021 1.6341 0.87891 -0.72987 2.9655 -8.8057 5.0829 5.3073 4.2071 
-1.9792 3.6634 9.3273 -6.3094 4.8909 -7.6728 0.40546 -2.2248 -5.6266 -0.98184 
1.9142 2.3582 9.2511 9.2932 5.3053 -7.7757 -8.0536 -8.9911 -4.0202 -6.1776 
8.3936 0.97464 9.9679 7.1565 -0.045124 7.4884 -6.5087 -1.0831 9.9549 -6.2396 
-4.1245 5.5591 0.27055 -5.7713 8.1152 -3.6216 3.5257 -9.8361 5.6091 9.2369 
0.90079 -5.3361 4.4401 0.33893 4.2466 9.6374 7.0764 -5.4408 2.3868 5.6377 
5.6336 -7.6685 -7.0833 -8.9773 -7.3929 9.5015 4.4542 -1.2547 -7.5808 9.8058 
-3.452 -2.9314 -6.2631 -1.7181 -8.6348 -1.9701 -8.1091 6.0086 1.7444 5.4901 
-8.0947 -8.0076 -5.2459 -3.2892 -2.4742 9.2661 8.8274 4.9353 -8.0042 -5.7973 
-1.1663 -2.3833 8.3925 -3.0538 -3.3255 -7.7637 -0.45504 -6.6881 -0.072392 -9.9674 
-9.4185 9.5599 -8.3668 -9.0159 1.1797 -3.5942 8.1255 3.6638 9.2985 -1.2363 
3.5078 2.2822 3.9183 -5.3776 -7.8088 9.9407 -3.7057 -6.114 -3.1769 -2.5823 
-7.7682 1.5184 -6.2263 -5.7708 9.1719 3.2392 5.4666 7.2267 2.8892 -9.1877 
-6.0072 -1.0057 6.3414 -5.9119 -7.9632 -1.8054 6.8818 -8.6297 9.3584 -5.4485 
0.60323 -1.0845 -3.5124 4.0393 -2.4755 -5.7746 7.9368 9.4173 2.1659 1.1567 
2.5471 -1.8512 6.008 -6.3659 -9.8853 9.0679 -5.955 -4.86 -6.2837 2.8447 
-2.5281 7.9717 6.3188 -3.4234 -5.9448 0.46596 2.2601 7.5374 -8.4174 4.7938 
2.1291 -1.6732 -3.6591 -4.913 6.6974 8.7566 4.8926 -8.3506 -0.64859 -5.5112 
6.9278 3.6031 -5.9344 0.37578 3.707 -1.1321 5.061 -5.3381 -3.12 -8.8065 
4.0389 -9.2809 -6.7704 1.393 4.384 -8.3092 0.13503 0.049054 -9.744 -2.3612 
-2.1425 -6.4386 8.2272 -5.161 0.24021 -5.3102 6.1556 9.0417 -2.4382 -6.945 
1.4374 -8.1218 4.1455 -6.8906 1.4459 5.1622 8.291 0.37593 8.5516 0.86139 
-5.0045 -7.4961 -7.5864 7.1164 -3.7026 -1.3849 -5.9178 4.3265 -7.5738 -3.5306 
4.5469 -6.2294 2.8077 -4.538 -1.5883 2.0063 7.7711 2.8835 8.0095 -3.9765 
-3.1334 -0.69118 -7.021 0.74226 9.0376 0.8404 9.43 0.24996 -8.4022 -6.1328 
-8.4273 -6.5645 -8.37 2.8127 8.7331 4.3809 0.20695 -7.8721 -6.3888 -2.8833 
-3.9554 0.42107 4.8957 7.3405 0.48577 0.77529 5.0568 -3.0887 8.9375 -4.5605 
-3.992 3.5058 -6.1418 9.4454 4.8608 5.2056 2.0808 4.5504 3.7987 -4.8632 
-9.5356 7.3778 -9.9859 1.424 -1.5912 9.2152 4.862 2.7851 -7.9758 2.711 
-6.4777 5.1387 -9.5674 5.3058 8.8784 1.3614 -8.8247 7.0414 -2.8535 -0.56503 
7.2184 9.6846 -1.956 4.1799 4.1666 -2.1236 3.8816 8.375 6.0491 7.7813 
3.119 -5.6032 1.8222 9.3201 0.70158 -7.9559 7.1733 -0.95297 -7.6331 -2.5509 
7.1308 -6.54 -9.0573 2.57 9.9319 4.3598 6.9048 -2.1826 -3.9544 2.5403 
-4.5812 8.4546 -9.9367 0.93817 -5.6367 -6.9893 6.1796 -5.4897 -8.2707 -0.31957 
7.919 7.9787 1.5276 1.2361 -3.3431 -4.7952 -8.6722 8.4211 4.3033 7.3328 
-5.8242 -2.4561 -2.9891 -5.9811 1.7794 3.9963 4.2214 2.8921 4.1508 4.9182 
9.2834 -7.256 -6.754 3.4912 5.5287 1.6484 -3.4221 -2.6554 1.3583 -5.8202 
-1.7128 -7.1549 2.4648 -6.3265 7.5383 7.3404 -0.55 7.6992 -4.9617 -7.314 
-5.4087 -9.8646 1.0208 2.8464 -3.2868 -3.0754 -5.7744 2.6026 -1.2627 -5.6708 
6.3674 6.1586 6.9885 -1.2468 4.9172 5.5861 -7.0687 6.1091 -8.9634 9.7202 
-2.7911 6.4961 -1.9721 3.4321 -7.813 -6.4398 -1.539 4.9049 -8.664 4.2867 
0.030481 8.2991 -8.9196 6.7996 8.9749 0.57138 5.2634 -0.72973 -7.701 2.0333 
4.9535 -3.0211 9.9629 5.8163 -5.5364 -2.8626 8.3928 -3.4272 -1.3105 2.8717 
6.637 -0.86725 -9.1348 5.319 -4.9401 -4.8528 -4.2234 0.4503 -9.5446 -3.3405 
-2.1106 2.9123 -7.4805 0.96982 4.4448 4.1259 -3.6817 -1.1514 -9.5988 -6.7539 
-8.0673 3.4701 -0.8375 -9.7804 5.7021 5.3132 4.1417 7.4669 0.44058 6.9319 
-4.6922 9.5181 6.0465 6.1865 -8.7816 1.909 1.6518 -9.8541 1.147 8.2633 
5.8389 2.2672 -1.925 6.2848 9.3451 -0.92314 -8.178 8.7037 5.2925 -2.7446 
8.7372 8.555 5.0956 3.0205 0.47895 9.4043 -0.0070796 -6.2127 -3.3233 3.0695 
1.3652 8.5634 -3.2039 -8.9231 7.706 6.5274 4.2839 8.0528 -7.1563 6.7115 
8.7604 9.9544 -3.1211 -1.1301 -0.22098 -6.0 -0.90654 -0.71375 5.9377 -1.0949 
1.945 -4.6341 2.2427 -4.0307 8.4246 -2.4752 4.3793 7.8296 -6.9668 -3.8109 
9.759 8.9229 8.8122 -1.3506 -3.5797 -1.367 8.2822 -7.6904 3.4386 5.0617 
5.247 -7.7574 -6.4568 9.9104 -6.6038 8.2289 2.1097 1.4739 -1.7649 -7.4269 
-6.2877 7.3993 -7.6488 9.1486 7.5998 9.284 -8.6002 -0.18433 0.75418 9.9445 
0.3354 -7.8098 -0.82558 2.4874 -1.045 0.97188 -1.0712 1.2619 -0.53065 3.5231 
2.803 7.966 9.5277 -2.9017 7.0304 -3.2011 -1.8228 9.8968 5.8095 -1.7506 
7.379 2.7039 5.8701 8.7431 -6.9704 7.6958 1.1892 8.0434 -8.7728 -5.7444 
2.0024 2.0199 -6.8591 -7.2315 -8.8199 4.0231 5.3711 0.76693 -0.51999 -5.4841 
9.9934 -0.63157 5.8006 -4.5365 -3.1304 9.6692 0.23271 -8.0182 -0.75745 4.1962 
-7.4165 0.2781 4.3438 -4.6249 -3.0589 8.9921 0.0737 -1.4786 -3.8392 1.5156 
-4.1326 0.89546 -3.8881 3.3934 -8.8174 6.3261 7.866 -6.5644 4.2273 -2.5886 
-0.46241 3.8049 -7.1285 -8.5455 -5.1216 -0.42513 -4.8802 7.3309 -6.1603 9.3553 
-7.4084 1.2606 9.8579 -6.6577 8.9426 1.7633 7.0234 8.651 -2.5245 5.1847 
-5.4375 -5.9225 5.4616 0.45635 -8.4823 -5.4582 1.5745 5.2938 -4.8175 -1.238 
-6.3786 -2.4965 0.26473 -5.8525 1.4794 -1.0389 1.9472 -1.2338 0.99887 -7.6692 
3.4403 2.6171 -2.4362 3.3074 -0.64748 0.98379 0.7843 6.7731 9.5903 7.1345 
-3.4843 0.30323 -4.6738 9.0658 -8.8307 2.584 7.2578 0.04068 -3.3251 6.1746 
5.8118 -7.424 1.9365 -1.7324 -7.8214 0.63881 -3.2468 4.1217 -4.6893 -2.4181 
0.92028 6.5962 -7.8423 -9.066 -8.4264 0.89834 -8.9047 -9.3264 -2.283 -6.5243 
-5.3889 6.7888 3.6688 -0.74006 -2.5718 0.69178 -4.3858 -1.8797 -8.2704 -8.4948 
3.7352 -3.5305 -5.8752 6.1738 2.8357 -4.8012 -2.0445 0.68717 3.1489 -8.6453 
-9.0183 -6.8322 7.7678 9.2892 2.9239 -6.6461 9.3062 -4.473 3.3522 -0.86007 
1.452 7.1436 2.3719 -7.4418 4.0729 4.6332 -7.4943 -5.8068 -7.1251 -9.211 
9.8752 -3.651 -9.2869 -1.8413 9.9302 2.9917 4.5924 -0.34792 8.0498 6.644 
-2.7406 -4.6073 6.9885 2.2298 -8.5362 5.7153 9.5653 -4.9621 -0.20516 -7.9515 
1.1744 7.2121 -7.2018 -6.5766 -0.64022 -6.0907 2.2109 3.121 -4.6015 2.1783 
8.5456 6.0244 -5.3855 3.6115 -9.2164 -2.1382 -5.8552 4.633 6.7449 9.1275 
-4.8025 -4.7506 -2.488 -0.038829 3.1231 -5.4118 -1.1253 -7.4711 -4.7304 4.8368 
6.6495 7.9771 -5.9381 -1.5202 4.08 9.4691 -8.9481 0.37767 -2.4509 -9.8995 
-6.4975 -7.4822 3.3473 9.742 -7.735 9.606 2.4356 6.5708 -7.0373 -9.5853 
7.5968 7.1306 -7.4946 -1.1686 1.6727 9.888 4.0921 -1.534 -0.3299 9.7699 
-4.4073 6.4944 6.7471 5.7442 8.3867 2.8232 9.4738 -7.5918 -4.4567 -0.13279 
6.9895 -0.92254 4.056 0.91597 8.732 5.7102 5.126 4.8945 7.4688 5.6106 
6.1343 -7.4381 -4.1184 7.1949 -0.91291 -9.2962 5.1126 1.3785 2.513 3.8138 
-6.2175 -8.356 5.0599 8.099 9.72 -3.6348 4.6729 8.4689 0.23135 -9.9802 
9.5712 -6.5166 6.713 5.7155 6.8199 -8.2278 4.866 4.8757 7.4269 -2.9942 
-4.9254 4.5491 -4.567 7.6236 -2.2125 2.0409 -7.7439 4.5972 -2.6773 0.84513 
5.5709 -0.26054 0.49548 -8.035 7.588 -1.7536 -7.561 -9.107 8.1414 -9.1132 
6.2157 0.1385 -9.8002 -5.4849 2.0588 3.5721 -3.2268 6.0496 -9.7535 -7.7091 
-0.040941 8.3989 4.8454 2.9966 -9.1131 -2.9982 1.619 1.669 -8.4374 2.8483 
8.3145 -5.6907 9.349 -0.56574 -1.871 -9.953 2.3389 3.3969 -2.1138 7.6938 
-7.9803 -7.283 9.5219 4.0331 6.3671 9.955 -7.1612 -2.5973 1.7822 -0.22205 
-7.2835 -1.1621 3.2702 -7.0391 -3.4055 8.8357 -0.61163 -2.1725 1.5725 5.6977 
7.1663 -5.5583 -1.605 -5.9822 -0.69645 1.6529 -2.7615 -7.015 9.4738 2.3137 
-9.6271 -5.2786 -9.8305 -2.4632 9.1759 -2.5013 9.1637 9.55 4.0674 0.33669 
4.5666 -4.4921 -2.7411 -3.3482 -7.111 -2.1682 -7.6362 -8.4133 7.9468 -3.0572 
6.3332 -7.2376 3.7929 -3.0487 -9.8427 1.2405 0.00080251 -4.5325 1.6327 -4.2748 
-7.6756 -6.4724 -1.9073 2.2454 2.6118 9.582 -6.7614 -6.4851 -7.7219 -8.9476 
-0.22887 -2.5536 -5.2628 0.1225 7.0979 2.658 -0.70728 -0.02188 4.9071 1.0895 
-3.051 9.7346 9.1349 -4.8926 2.1019 5.686 9.443 -7.2563 8.4084 9.1311 
5.4778 7.177 -5.0691 9.8592 -5.4399 8.7795 9.4967 4.7141 5.6194 -1.3884 
-4.2943 4.6798 -9.2386 0.67389 9.3272 -7.2772 -2.3424 -4.5312 -6.8796 -4.0627 
6.4879 1.7955 -4.7339 -3.7424 2.6052 3.0989 3.979 -5.6485 -9.795 -9.5312 
-6.5388 -5.2233 6.1414 -1.9153 -6.0947 4.9864 -4.1589 -1.4495 8.229 -6.0238 
7.2729 -5.1514 5.9323 5.7802 3.601 5.5124 -6.1255 -4.9629 -9.4101 9.2054 
8.5211 -9.6215 -7.4633 -9.5734 -6.9626 -8.2861 -4.881 -2.2165 4.2603 -0.49367 
-6.1779 6.3252 -7.4337 -7.6026 -8.1394 -3.4164 3.1397 2.9034 3.1715 0.28728 
-8.993 4.2585 -8.6956 -4.2334 -2.1343 0.80873 5.3569 0.49012 9.0724 -5.3044 
0.96899 5.4971 6.5993 8.0421 -8.6426 1.4321 6.8168 6.0934 -5.8653 5.4088 
-9.8096 -4.085 1.7321 0.14003 5.3704 7.5594 -8.3997 5.7072 -6.2351 -6.9953 
6.5673 5.9664 -3.2137 8.2157 -5.5157 -9.2866 -6.4928 8.3958 -7.0376 8.9702 
8.1709 0.1723 5.1539 -4.6041 8.2039 -9.7627 -9.6184 -4.2124 0.85663 3.9289 
4.1059 -7.6419 3.5624 6.6812 -5.5971 -6.0795 -7.8489 1.1737 -7.2593 2.1119 
-5.1334 7.5234 -4.5922 2.4273 0.67521 -2.7418 7.7288 -3.6505 7.7871 2.1949 
1.7846 -5.8912 2.2733 1.7199 -3.1287 -7.0482 -7.3024 1.277 -4.5443 -0.82825 
8.778 -4.161 -0.47588 2.4353 -0.047587 -6.7362 2.7866 6.4324 8.6122 1.9158 
7.91 -4.1831 -5.9844 -2.8117 -4.4505 -8.7627 2.9015 8.4918 -3.2874 -2.2617 
2.1245 7.5089 1.7699 -0.50096 -6.9797 -2.8297 -6.9904 -6.8568 0.20627 -2.8668 
5.8476 -6.7803 7.1972 -3.7209 -4.2065 9.7234 6.2246 -7.1977 -1.5485 8.0968 
6.7234 4.4562 4.7917 -8.6707 -8.6146 4.6658 4.0076 1.5234 -7.5167 7.6133 
1.2028 6.1113 6.9679 -5.1396 1.2511 4.6429 4.6481 4.6464 -6.8996 4.3796 
-9.9861 4.8366 0.29165 2.1169 0.87849 5.9736 3.8633 0.88172 8.7632 -0.95186 
-4.9745 5.8417 -3.1779 -1.3599 -9.641 6.3345 -4.8527 3.6677 9.7541 -6.2939 
-1.361 3.9564 -6.376 -1.2973 7.2401 2.9401 9.3723 -7.9314 1.9065 -7.6152 
-1.3869 5.568 -8.3634 -8.1001 -1.7643 -7.9392 -4.8957 0.46705 -5.6761 8.1567 
7.5047 -2.6963 -0.73861 -8.8117 -5.4308 0.52451 -0.61591 2.7936 0.66387 -3.2594 
-8.6472 8.1934 -8.173 7.4631 -1.2313 -4.4521 8.1441 -6.6512 9.1226 -9.5154 
-3.2019 1.0631 1.7904 -6.6738 -7.0749 4.2927 1.4974 3.1473 -5.6995 2.0673 
-6.4588 7.1286 6.8068 -7.1686 1.6753 -5.4304 3.4816 -6.1985 -9.6189 6.0623 
-5.0793 9.1502 -9.189 3.1024 9.8364 -7.2709 1.582 -8.5786 7.7972 5.1759 
4.5564 6.1019 -2.303 -8.2853 -8.2171 -4.8313 3.5931 5.958 -8.2866 -2.9933 
-4.2359 -1.6408 0.59812 5.4986 1.8597 -5.601 -9.0966 -3.9415 -1.4219 7.0614 
-5.2532 2.0586 2.9669 0.47034 9.4973 0.76922 -6.9701 -6.365 0.62339 9.8889 
-7.2068 0.46122 -7.8149 -5.1556 7.9766 2.8031 -9.3925 8.0998 2.6126 -1.2911 
-5.5854 2.166 5.1548 -7.4347 -4.5321 1.2266 6.5797 -7.015 -1.8267 1.9001 
6.3509 -6.4879 -2.1188 -7.5694 2.9263 9.2343 3.2404 4.6934 -3.9236 -1.5895 
-2.4354 0.36109 -9.2937 -9.0904 -7.374 5.2571 0.86619 8.9067 -2.4789 8.6099 
3.3103 -0.063484 -8.7485 5.8064 4.5186 -8.7839 -8.6714 2.4118 -7.5056 -1.0654 
8.7163 6.9243 -9.8002 -8.4358 -1.2578 2.1596 -1.8019 1.0747 9.5806 -1.7436 
-1.4704 1.4561 1.5181 -0.76708 0.7993 -6.3057 3.4272 -3.4559 -7.0527 -8.5107 
2.1032 -6.4791 5.2261 7.0665 -7.5129 -0.11064 8.6519 -1.6019 1.8619 -1.2104 
9.3917 -7.4061 -8.2588 3.0686 -3.7844 -4.9937 -2.8591 -0.60437 -0.75331 -4.4015 
-2.707 3.145 -8.7418 6.0343 0.38949 -1.3509 -1.1716 -9.5174 -5.6679 2.2297 
3.289 -5.7376 2.8027 9.7019 0.50778 0.12547 4.9372 -4.751 -3.4152 -4.0549 
-3.7049 -1.0916 8.0977 4.1549 1.21 -8.9159 2.9461 -3.1974 -2.745 8.3779 
7.7143 4.9038 -1.7995 -2.5507 -3.9706 -6.4078 -3.6978 0.55419 4.6439 8.2971 
-4.0891 3.3102 5.6339 4.0854 -0.34215 -1.1923 -4.3361 -4.4567 -0.53879 -2.4332 
-4.0927 -4.0121 0.11988 6.0964 6.1689 -2.8076 8.4117 -8.2678 6.4569 9.9727 
8.1416 5.4511 -4.7519 -8.2309 0.19014 4.3051 3.606 -0.489 -6.2681 5.6567 
-0.14231 -2.8921 -2.416 -8.6157 6.4932 6.5437 -8.7849 1.1897 9.4661 5.5474 
-5.8572 -8.1976 -0.54917 5.4633 -8.2493 6.7061 1.7363 0.62807 6.6707 -1.6072 
-9.4836 4.5436 4.3955 7.3005 -5.4727 5.3379 -6.0938 -3.6995 -7.2895 9.7764 
-6.5958 4.3304 1.5894 -2.925 5.4601 7.0782 -8.6332 -3.8348 4.6787 -0.34971 
-3.9532 -8.3787 -0.64868 3.6929 -8.8484 6.5169 0.95821 0.14828 -1.4227 6.2561 
9.2288 4.7302 -4.8249 2.0886 3.6589 7.1598 -3.0621 5.9968 2.5513 -5.7211 
5.6731 -8.3251 2.8671 -6.0902 7.5259 -5.8278 0.90404 8.8087 -6.7411 -0.69628 
3.4651 7.8338 -9.2341 2.9729 -2.6397 7.1707 -7.1507 -6.4547 -3.7455 0.3382 
6.8144 7.7618 -8.7872 -3.4176 -9.3962 -9.3847 -8.0205 8.9339 -9.2164 -6.9241 
-1.5829 1.3868 4.7931 -1.5217 -3.1943 -9.0803 5.37 -6.1742 -1.5099 -3.692 
4.0747 6.9409 -9.5636 6.1886 0.83119 0.75665 0.45045 -0.037413 4.5824 9.1017 
-0.37427 -7.4675 2.9821 4.1821 -1.3254 -0.21143 5.5796 -0.19673 6.1368 -3.0621 
6.4115 -5.9058 7.7609 -3.9922 4.9814 -2.8236 6.3625 8.0299 -6.0801 8.8323 
-1.2522 -9.0106 7.9959 -8.0139 -4.357 -3.7171 -4.0319 6.2445 1.1226 3.9151 
7.1995 3.8476 -4.1184 -2.9824 9.1555 -2.1732 -9.6888 4.3731 9.9201 4.1845 
-9.8221 -4.1343 6.2557 7.2831 8.2753 -5.3359 9.3512 1.5368 5.0483 -7.7609 
9.9206 4.957 1.3499 7.6071 8.9987 2.9233 -1.0829 -1.8537 8.4122 -0.74728 
-4.496 0.69478 8.6609 9.6096 2.6363 -6.9252 -6.6267 -0.92432 4.8113 6.6084 
-9.3297 -3.4415 5.9702 -1.3134 -5.9685 -3.1744 -6.761 -1.0285 -0.38653 -3.3776 
-6.958 8.4204 -4.4666 -6.2041 7.1747 7.0478 5.2918 4.4792 -8.0307 -7.9917 
-0.40808 6.5693 9.9688 -2.5752 4.4818 8.2673 2.5209 -6.6912 8.1148 -0.35344 
7.7768 0.45981 4.5354 -2.2675 -9.2974 9.8506 -5.8974 6.0353 -4.2953 2.5213 
-4.3316 -7.5464 -4.2678 -5.9898 -1.8539 -3.3635 5.5712 5.5571 3.5559 -6.0847 
5.6825 -8.1532 1.831 6.65 2.2725 -8.8124 2.0195 3.5773 -3.0984 6.0075 
-6.5921 3.4592 4.9823 -2.9431 -1.0756 -9.0262 -6.2022 -1.4016 7.519 -9.3702 
4.6259 4.2086 -0.99528 -1.3542 2.6845 -3.0618 1.012 -2.6082 -7.6132 3.9542 
-5.0676 9.6174 -9.178 -3.244 -4.9368 -6.3198 -0.66566 8.1904 8.1127 0.62725 
-8.3632 9.247 9.1138 -7.0141 -7.0361 8.0184 5.943 2.4645 -1.8962 -2.647 
7.0582 -1.9586 -0.33787 -5.4417 -9.9356 1.5415 -7.4758 -2.84 -5.0831 9.4395 
3.731 -6.2617 -8.3359 2.4354 -9.8151 -5.4397 -8.2938 -2.0549 3.2799 6.9304 
9.1622 -2.2129 -8.9357 5.5962 -3.2724 -9.8065 -6.5208 5.4148 -5.0855 -9.5407 
9.7011 7.7024 2.6177 -5.3445 -1.6993 2.9176 -4.0189 3.4885 6.7911 4.4026 
0.69445 1.9044 -3.9027 -9.5286 7.1536 4.4775 4.2963 0.39564 -2.5744 2.424 
8.1196 2.5639 4.8046 1.7849 2.3929 -3.7564 1.3095 2.2201 -9.4036 -0.91558 
-0.46703 9.2132 1.2586 -6.8977 4.3945 1.612 -5.1186 -3.6977 5.6876 -2.5463 
7.7934 -5.2048 4.2493 -7.3443 4.5754 9.989 -1.5857 -4.2333 8.2139 7.1187 
-9.523 -3.6395 2.9133 2.0442 5.4317 -9.036 5.381 6.1206 7.6944 0.85457 
-7.4255 -4.2759 -3.8629 4.4194 -4.1321 -4.4049 5.8835 -1.6883 6.4891 -9.9689 
4.8128 8.3602 0.8716 4.6934 9.8642 -2.6814 0.36218 5.5853 -6.2074 1.7665 
-2.1796 6.1709 5.9501 7.6859 9.3791 -2.8426 0.5636 -1.3863 -6.3115 -9.2713 
-2.1274 9.5493 3.5614 6.9552 8.3306 -2.2745 -3.8855 6.0816 -5.1339 -2.065 
2.037 -6.538 9.4781 -4.4957 -1.2904 3.9143 4.7856 -8.0603 -4.3591 1.5508 
-9.5223 6.1038 3.2049 -0.14387 -3.6156 4.6262 -4.8815 -2.5522 9.2839 8.5845 
-2.2466 -2.712 -5.069 -2.5905 2.4086 -1.991 7.2747 -4.5157 7.3999 -4.7893 
-8.8651 1.2375 -0.98397 5.2988 4.0391 3.6257 6.3738 6.7955 9.7593 -2.8752 
3.7914 -4.2318 -4.9612 6.0913 -7.293 9.6964 1.2898 2.1872 1.0488 -9.0876 
0.40782 4.3736 5.21 1.708 9.6609 -4.1662 3.9628 9.0529 -9.1639 8.1404 
-8.4783 -3.4296 0.44423 3.5973 9.881 9.0644 9.334 2.9583 -0.12257 4.4236 
-1.8748 3.5398 -7.8277 -5.5059 5.2491 -0.81979 -6.7901 -7.8253 -7.097 6.7382 
-1.3957 6.6709 3.726 -5.7604 -2.9407 -1.0197 3.409 2.5605 5.5132 -9.2919 
3.1862 -9.15 3.2511 3.7194 4.3002 -5.2054 3.1954 1.6231 8.766 -6.0643 
-5.6322 9.2833 8.1149 7.8008 5.6386 5.6689 -4.8431 -7.3603 2.9895 9.9028 
-8.3782 -7.3561 -0.20389 -4.9376 6.541 6.789 0.63876 4.4635 -3.8368 8.339 
-0.64657 -7.2627 -0.73318 6.9174 0.75353 -0.85495 4.9261 -0.39716 -7.8164 6.5378 
4.5734 3.0486 3.2683 -7.4808 -6.3207 -1.5739 7.3025 -0.91179 -2.0534 2.8349 
2.2797 -3.3976 8.7502 2.774 -4.6173 2.8281 6.7622 -1.2927 -8.0102 3.0312 
8.012 9.5527 -3.4627 8.9714 0.87161 4.3038 0.9745 -8.7953 6.616 5.447 
-4.9444 3.2668 -9.5358 5.7614 2.9944 6.2869 8.8854 -6.5339 -9.9199 -8.2241 
-5.5981 8.3127 5.4617 2.2022 1.7008 -9.3698 9.9601 0.50925 -8.0337 4.0787 
-5.2839 -7.1165 -8.3026 1.4166 3.7188 0.061583 4.1936 8.7364 -7.6548 -5.4133 
6.2026 -7.9191 0.71298 -9.8863 6.1544 7.6041 0.62462 -1.9305 -1.2087 9.3102 
4.0482 8.7936 5.9673 2.0645 2.0373 -0.88622 5.6009 1.3626 -2.8977 -4.5543 
7.5701 4.6905 0.95048 -5.0358 9.715 9.5833 -9.74 -6.2518 -5.167 -9.4605 
4.2202 -9.5348 6.0565 -3.8347 -6.0196 4.4546 -8.3128 1.8374 -0.22912 -9.6436 
3.2216 -7.8385 -3.6885 4.0638 7.1918 4.031 3.862 6.3585 -5.3048 5.6604 
-1.2085 -7.8531 -2.07 -0.11757 -1.6794 -2.6006 6.0144 -1.4683 2.5248 -3.386 
1.2559 -4.3637 -0.58675 9.3445 -2.1833 5.4463 2.027 -5.6524 -4.5195 -7.3878 
9.8062 7.2556 -4.7194 -8.9693 -1.1989 -8.0872 1.0152 9.0664 -0.25544 3.4719 
9.1463 -7.8049 5.5467 8.5434 3.1646 -7.1084 4.8673 -1.1627 -7.8353 6.7077 
-3.2636 1.4818 -0.11822 -4.6738 0.12892 -8.1179 7.8272 -6.5764 -9.9439 0.37019 
-6.8909 8.4391 2.5383 8.8836 -9.6784 2.0726 -7.9144 1.6231 6.3509 5.4133 
-1.6584 9.5674 0.24483 2.8784 3.0737 -5.0557 -8.3757 2.961 6.5821 7.3178 
1.0895 8.088 6.8897 -0.52862 -0.80685 4.8675 4.5614 -3.3901 2.7236 4.7463 
-9.405 -8.9866 6.02 5.7521 -4.6268 -3.267 -0.63467 3.8738 -3.231 8.3297 
7.3341 -1.7509 -0.086542 -9.8351 9.2438 5.207 -6.381 -1.3499 9.3611 -8.092 
7.8883 -3.767 7.3427 -7.0495 -9.8635 6.6272 -8.0415 0.86553 9.4794 -8.6433 
-0.056192 -1.5355 -0.05779 3.7144 -6.8596 4.9925 4.3539 2.4748 -1.6806 -2.803 
-5.8143 8.296 9.236 0.80234 0.65878 -3.5482 4.402 -0.62802 5.749 -5.968 
4.4319 -4.3068 -8.5433 0.91406 6.9994 6.1126 -7.9224 1.678 3.9976 -0.32378 
3.9943 1.499 -2.4515 -0.34444 -6.6166 -1.4274 -6.5556 -7.95 6.7996 0.82939 
-0.78506 6.1309 1.8185 -7.8153 -8.3037 0.20645 -4.9847 -0.99768 -6.9549 5.3972 
-6.5881 4.3726 -5.683 1.3288 -5.7606 -7.1349 5.1278 -4.8835 1.2423 -8.9934 
5.8874 8.0229 3.5287 -3.0413 -5.8468 8.5038 -7.2929 -6.9998 8.7933 -5.5547 
7.77 -8.8922 3.3422 6.4619 -2.0814 -0.79592 -7.7852 -3.7527 2.6385 -8.8474 
-7.1497 7.202 5.0981 -0.48318 0.61152 -4.723 0.48493 -3.8351 -4.5802 8.1444 
8.7934 -9.8449 5.6248 9.5921 -8.8755 5.9109 6.0648 8.0034 -6.4239 -5.4208 
-9.9948 4.3578 2.3168 -8.7469 5.8569 -8.8114 1.8608 -3.8791 4.1502 -0.77488 
-1.2239 4.218 6.1982 -5.5989 -0.069584 -6.8845 -5.3052 4.0763 -9.0347 -1.7797 
-9.7766 -6.4893 -4.1983 1.3994 -2.6615 2.7345 0.40343 -6.9523 9.7732 -5.7542 
-5.3097 7.3931 -4.796 -4.1135 2.4246 0.97965 0.54194 -8.4129 -4.1106 5.4302 
4.1397 -6.8688 -8.7951 -3.0043 -1.2188 7.4856 -4.8085 2.9301 2.369 -8.4187 
3.8833 8.2393 4.4386 0.045856 4.0221 -5.8698 5.6937 4.7205 -2.9357 -7.929 
-4.6976 -5.3238 -1.0789 8.0304 -8.8757 -7.3646 3.9937 -4.1145 3.6389 -8.1896 
-3.4685 3.7212 -7.5224 -0.16936 -6.1599 4.3663 -1.0108 6.0424 -1.6505 -2.6202 
-8.1353 2.798 4.1704 -8.9026 7.9459 -4.3326 1.3374 3.1968 2.1558 -8.1593 
-9.168 -6.8481 9.6384 -6.4683 1.2 3.8277 -6.7268 -0.42082 -5.6974 -2.0376 
5.1856 -4.2063 -1.2165 -1.8161 -5.2439 -6.1379 -1.6735 1.8219 -7.5592 -6.1134 
-3.5025 -6.0296 -6.5664 3.0064 1.0984 2.0885 -0.87167 1.8567 1.9158 0.58379 
0.43644 8.6362 -9.8408 -0.23035 9.2297 2.6754 9.896 2.8909 2.7896 5.4071 
9.0378 0.81469 -4.456 8.74 -5.2138 0.40849 5.5062 0.25861 8.2937 8.317 
3.3796 9.0513 -1.0561 7.9868 -9.7377 -3.8522 -4.14 6.3695 -5.0666 -7.9338 
-0.53757 -5.6507 -9.1936 3.2019 -1.2414 -3.1855 -6.531 -9.637 7.9441 3.4523 
2.9874 2.9007 -8.8587 6.6276 -9.3703 -8.7174 -6.5569 9.4623 -7.0198 -3.5512 
3.3127 5.7245 -9.1223 7.2556 0.92211 3.3896 1.9985 0.11948 4.1264 9.4068 
-5.3971 -1.9948 3.1074 -2.9274 2.0821 3.8582 6.732 -8.172 -8.3861 8.1847 
6.0978 6.7359 -9.3711 -2.0849 -2.456 -2.1027 5.919 -3.4737 6.6932 -2.291 
0.055701 -6.739 7.2247 -8.7694 6.8984 0.26376 7.1783 4.5846 3.1253 0.19926 
-1.3194 -5.9337 -6.0781 1.5315 4.7856 -0.27609 7.1947 5.8808 -5.1329 1.2267 
4.1807 -3.1204 -5.3802 4.6884 1.1715 -9.49 6.5537 3.3933 5.5322 0.65008 
1.1053 -5.0174 -8.1266 8.2154 -4.8061 -3.6629 2.6742 -1.6333 3.6071 0.34535 
-4.8999 -3.086 8.3101 -0.034148 -7.1451 -2.8808 5.9402 -8.999 -1.4837 0.73935 
-8.496 9.7276 -6.7429 -3.1672 -8.9623 8.6588 3.8196 7.4833 -5.7331 -0.92482 
1.782 2.479 -2.931 -4.9037 -4.1381 -4.5364 8.7316 -1.2685 6.9853 5.0704 
3.4848 1.9253 -8.3715 7.1915 -2.0829 -4.3058 -9.7574 -8.1821 -3.0545 -8.817 
1.7603 1.5458 1.9316 1.1433 1.4268 -2.87 -6.9721 9.4664 0.019621 7.0154 
0.67405 -1.9393 -2.2738 9.3488 9.6908 -5.8497 0.62237 -5.0401 6.2294 -1.0428 
-0.54767 0.90892 -0.57728 8.5697 -4.5165 6.9965 8.9471 8.4858 8.1591 5.0457 
-3.5238 5.5485 9.7339 -1.7677 9.9667 7.3461 -4.9186 5.0402 -3.201 -9.0506 
-1.3803 -0.59193 -6.725 -8.4933 1.9201 1.1203 2.3301 2.8625 -6.0338 -5.8436 
5.298 -8.2323 8.8949 9.4341 -0.33378 6.8184 -0.60618 4.745 -9.2142 -9.739 
9.9293 8.6781 -0.75897 -2.5482 9.4664 0.8909 5.4232 8.4153 -6.5533 3.6447 
-4.6996 -9.128 8.8429 -7.8893 9.0407 -0.32271 5.6054 0.27716 9.5831 -2.0031 
5.8413 2.9739 -3.3899 -5.0725 -1.1764 2.7405 0.47539 9.2005 9.8822 1.5113 
-7.3078 4.6605 7.7788 7.737 -3.3473 5.8407 -7.4991 1.5369 -2.9115 5.5144 
-9.2893 -8.1355 -9.3639 3.8735 -0.063502 6.0733 -4.1892 -4.7127 4.4973 1.636 
-0.92107 5.7109 4.2431 -5.2008 1.513 -1.3878 -1.3156 8.1144 -8.1717 -2.4929 
1.2595 8.4965 7.1225 7.4986 9.2697 3.7593 -9.8027 9.2206 2.8407 -5.593 
-5.3823 1.285 -4.2173 4.548 9.3483 -3.9691 -3.4333 4.4564 6.0593 1.8124 
-7.1048 -0.91506 2.4096 4.5093 9.6666 -9.9772 -1.8748 8.508 -2.7553 -4.511 
3.5419 5.8707 9.6057 3.1433 -1.2273 -9.8297 -4.7297 -4.5611 6.2601 6.0755 
-2.9186 -4.3244 0.15124 4.1016 6.6046 8.6942 -8.6701 -0.48708 5.1772 4.4218 
0.20945 9.842 6.2317 -9.9105 0.25748 -7.695 -8.7205 9.0299 -3.9419 -5.9395 
3.8941 9.7196 3.7823 6.7032 1.6254 -4.9098 -5.7864 0.76169 9.4892 8.7809 
1.9059 0.72359 -9.2672 2.4336 -0.83551 7.4179 8.6048 0.84105 0.13193 4.6321 
0.12222 7.888 -7.7464 -4.1111 -0.53859 -1.7238 -7.8749 -1.9548 1.0662 -1.2798 
5.528 -5.289 9.7392 1.1589 -7.7378 5.2791 -0.89801 -6.3539 -8.1765 8.7257 
3.7041 -0.42987 -4.8076 -7.774 -2.2001 -4.5068 -4.8843 -7.3371 -2.9723 3.3029 
-3.6101 8.1513 -8.5647 -5.553 -1.4105 -6.8465 1.6741 -5.1976 8.7241 -5.9687 
6.6429 3.2749 -9.6813 0.71152 -5.5189 -4.3155 -5.1578 3.5109 -3.143 -4.7139 
3.2164 -1.2849 -0.014991 1.9878 -2.5455 -4.9952 -7.109 1.1022 0.48556 3.5751 
1.7414 7.0798 -5.7432 7.7291 -2.9607 -7.9496 1.132 -2.7042 9.6319 6.6707 
-9.6184 -2.0793 6.0545 -6.9884 8.4808 -3.8841 -9.0066 -2.3067 -2.8097 -4.5951 
6.739 -0.6279 1.3898 9.9058 3.0414 -2.1985 -7.4194 1.1132 7.6002 -4.0676 
-7.72 -1.0 -3.4037 -5.5024 -8.7819 4.134 -0.48145 -3.4929 2.4914 -9.1351 
6.8084 -3.5203 0.32346 9.1314 -9.9908 -4.6799 8.984 -6.9626 8.8813 -0.23881 
-3.2501 7.4164 -1.7322 -6.6643 8.7794 9.4596 1.1632 9.4597 -5.0952 6.442 
-1.4113 7.6659 0.85993 3.2866 8.44 -0.68017 -0.12124 0.40476 1.0596 6.4544 
5.8756 -3.1398 9.3894 -3.3001 -8.8198 -2.2105 -2.5051 5.242 -3.5599 2.0562 
-7.1687 9.0784 -8.5032 0.26476 -1.0085 -2.6756 7.3777 -7.7145 -2.208 -3.9358 
2.162 -3.8054 -9.056 -0.78121 -0.96862 -7.5645 3.7209 3.0627 3.9838 6.8567 
8.6126 8.6303 -4.4989 3.2203 2.3298 -2.0441 -3.3875 1.7948 -7.0323 -1.8356 
2.7289 -6.762 2.3425 -7.4655 -6.083 6.7753 -5.8782 2.0607 7.5723 8.2436 
-9.0446 9.0588 -2.0561 0.87389 6.4652 8.9646 5.6575 7.1935 -5.9597 9.4189 
3.9669 7.5704 4.137 -7.3517 1.4948 1.6288 8.0059 -7.5648 -7.5495 -6.4168 
-4.8578 0.14341 -2.2505 -1.6303 2.106 4.0718 9.3105 4.7208 -7.9014 9.3785 
3.818 -9.6351 -7.488 2.5852 -6.9258 -5.1033 7.1009 9.8868 0.79213 7.4245 
-2.7364 5.5631 -2.88 0.21613 -1.3821 8.9045 -5.6155 -6.8202 6.423 -5.1521 
0.83768 -2.8109 6.7605 8.6956 -3.4758 -4.546 3.1762 -0.33167 -0.62724 -8.3261 
-5.5572 6.971 4.3799 2.2501 4.1063 -0.24607 -6.6244 -1.8029 7.4898 3.0279 
8.1097 -1.3388 1.3329 9.9062 8.9245 0.24668 0.16602 8.4832 -0.057168 -0.45326 
-2.5292 2.1156 -4.4063 9.207 -0.50166 -4.0525 -4.2977 -9.1368 -3.7027 -7.5742 
-8.4237 -2.4484 1.7067 2.5683 0.61192 -0.52851 4.2269 -6.6084 0.93259 -7.214 
-9.3814 4.4282 -2.2169 -5.1016 -6.3195 -9.8069 8.0457 -3.7569 -2.5097 3.6271 
2.538 -3.6765 -6.5357 -1.3564 9.3845 -1.0907 0.51754 6.0384 1.4271 -3.3874 
8.7399 8.987 -9.5151 -1.635 1.1232 -7.3063 -8.5397 -4.6962 0.74232 -7.5332 
-3.6013 6.9949 8.292 8.1533 9.8443 9.5253 -0.82174 -9.562 9.9571 4.4406 
4.9035 5.512 6.9247 -7.4629 -2.265 -1.5248 2.608 -6.5243 5.9723 -9.7117 
-4.2214 -4.0097 7.4153 9.6904 -9.7379 -2.1002 -2.2004 -8.6667 -6.8951 9.8551 
-7.5129 7.454 5.0468 -5.5157 -1.2724 1.4123 4.5284 5.4101 -8.1163 -6.8631 
0.28162 -2.4983 2.2416 4.4662 5.0963 -8.2914 1.9427 9.352 1.8036 7.1156 
-2.2498 5.9684 -5.9795 7.1428 -6.6256 -4.7862 5.0526 -2.2271 1.0845 5.4032 
9.5722 6.3357 -4.8582 -4.1841 6.7693 -9.7556 -8.766 6.5423 4.9647 0.29025 
-4.1636 9.9803 -9.8082 9.2007 -4.5835 3.69 -0.48883 2.9933 2.8968 -2.3097 
1.8469 -9.0982 -3.2141 -2.2041 -4.328 3.995 5.9526 4.6582 -6.5542 -9.5538 
1.4271 -5.2639 4.9878 2.2352 -8.2218 -3.7387 -1.965 -1.5717 -9.0462 5.4205 
2.3171 -1.3819 -4.3681 5.5873 1.4939 2.9533 -0.35963 2.8843 0.057819 -5.7675 
1.2183 6.9448 -9.9229 -3.8002 -5.1244 1.4875 9.9643 -3.4392 0.45032 7.544 
-4.4028 -2.2713 -9.3902 9.4381 7.507 7.9368 -4.9359 -9.6595 -0.075206 -6.7757 
-6.963 -7.5439 3.829 6.2687 8.7457 -9.5375 7.2633 -7.9504 -4.2521 7.9587 
4.6603 8.3052 -4.5559 9.0187 4.019 -1.2732 3.1482 5.1681 -9.6308 -6.7711 
-9.206 -6.3534 -8.0267 -1.5544 1.7361 9.3395 8.5727 0.41095 1.9028 -0.26172 
6.0324 1.8155 -2.3706 -2.5979 1.6975 4.981 -2.3712 6.6444 -5.392 2.976 
-1.8717 6.247 2.6669 3.0694 0.95415 0.37434 1.277 1.2658 -2.94 -2.7996 
6.6002 -4.7768 -3.1795 7.6337 -0.99867 -1.356 8.1239 2.3598 -2.7859 2.9345 
9.4207 9.7162 2.6188 6.3077 -1.0437 8.4361 -6.8616 2.0828 -5.2627 8.4274 
-1.5503 -1.1749 3.0629 1.966 4.5278 -3.6545 -4.3376 -7.5119 -2.9397 9.7077 
-8.9219 -5.4948 8.3333 0.023586 -6.8548 -3.4017 0.8292 8.6708 -0.77071 -2.5661 
5.7407 -6.3056 4.3638 -1.6562 -5.9367 -1.7767 0.20108 5.4573 -5.7315 7.1767 
2.6015 3.9648 -7.7412 -0.20355 -9.5686 -9.8588 3.0538 6.1344 1.5802 -6.7713 
0.17639 7.5039 3.7005 8.4316 7.7105 -5.5813 0.90004 -7.2787 4.6346 -9.2716 
1.3537 5.3793 -5.2433 0.62002 -4.819 -6.2703 7.0901 4.4942 -0.17372 1.8136 
-3.8162 -4.7713 7.5642 5.7393 -6.1719 -6.0742 -8.8352 -6.209 -0.76269 6.4046 
4.9427 9.7141 2.5917 -8.1281 6.7653 -4.4068 9.9314 -1.7939 -0.85125 -5.0426 
-3.2668 -9.1163 -8.8691 -7.9862 -7.3166 4.5023 2.6732 -4.2773 9.1047 -0.13034 
7.6671 -3.1171 3.993 -4.5793 3.5896 -3.7809 -1.7159 5.3472 0.8778 -9.3275 
-3.3269 3.4637 -1.3899 8.9485 9.3466 -5.8387 2.2738 9.0603 -3.5914 8.3674 
5.9203 -8.8653 -5.3078 9.5107 -9.4553 -6.1128 9.9477 1.2628 -9.9777 7.2195 
6.0957 -8.9086 3.2744 4.4385 0.83341 2.4579 2.6184 -4.6383 3.5951 3.6891 
-8.9952 1.2973 1.8277 3.3368 2.887 -2.7971 -0.17533 9.7054 7.6017 1.4042 
-1.9499 3.0189 5.1112 7.3005 4.8314 4.3802 -8.7197 0.5047 3.4043 -5.6892 
9.3038 -5.2594 -3.4604 -1.3372 1.7766 -1.8949 6.6572 0.68217 -4.3804 -1.0212 
-1.7125 2.5383 4.6499 -4.791 8.0736 8.615 -2.2189 -1.2465 -6.2555 -1.349 
-3.3895 0.60077 -9.4125 -1.4649 8.5246 9.6252 4.5657 -3.5564 -6.897 -0.92567 
2.7274 0.28568 -7.8284 7.0666 2.5412 -7.3809 -6.8116 0.031114 6.0553 7.888 
7.1605 4.0326 7.5666 6.0068 8.1469 -1.185 -0.83125 -6.77 -5.2577 8.003 
5.7657 -2.5262 -3.4315 7.8428 3.9585 4.4928 3.2084 -9.5776 -7.2508 7.4791 
0.76819 2.2807 9.6308 -7.2438 -9.5867 -1.4139 5.5874 1.7087 3.6909 -1.8357 
4.8334 -3.8543 1.8436 5.4835 -6.5443 -7.3884 -6.0117 -4.5237 -6.3446 -7.3283 
4.7944 -8.1421 -4.8099 -3.8798 -1.0958 4.7702 -0.81613 2.0664 -9.32 -5.0325 
-1.1041 3.2584 -2.9541 -5.9888 -9.2133 7.1172 8.8109 3.1341 -8.7816 -4.6583 
7.0082 -9.4285 -0.25197 -1.5939 -7.0835 7.1407 7.3733 -5.8402 8.3934 -4.5348 
-0.1093 -2.3091 -4.4663 -9.0029 3.9021 1.9436 8.8062 9.1947 -7.704 0.60727 
8.9632 -8.559 6.0413 -4.3163 1.8831 6.5616 1.4507 -0.99018 4.5871 -2.1503 
5.9558 -4.1616 -4.6817 -8.2075 -0.013356 -3.0564 7.7799 -8.2362 -5.2105 -7.4056 
-7.3391 -5.7368 -6.1929 -9.1704 4.7509 3.8115 4.6297 8.7274 -0.39178 -0.64375 
-5.2446 4.4399 4.8647 -3.8579 -3.9718 -8.0747 4.5653 9.3712 7.863 -6.9607 
-7.4455 4.1005 3.5907 6.609 -3.1078 -3.2986 -2.211 5.0201 -9.5033 -3.9294 
0.68241 4.3024 4.0179 -9.7822 3.7437 5.2708 6.6534 4.7656 4.727 5.7168 
-8.8661 -2.7755 -6.7204 7.0534 -9.315 -4.5124 -1.8237 -2.5066 -5.873 -0.83234 
-0.6285 0.9294 -2.2942 -3.1816 -1.1051 2.6409 -7.4437 9.3061 -6.5711 -1.7718 
9.6538 -2.8434 2.7084 -2.8029 -2.1955 9.8543 8.4573 -1.837 8.0936 -1.951 
3.6444 8.8191 -6.9399 -2.1037 4.2408 1.4078 -0.24312 -7.8384 7.7374 -9.1763 
7.418 -1.1042 -6.7349 3.4097 -1.0699 -9.5414 -1.7743 -2.3589 8.0561 -7.8324 
-0.075789 -7.7836 6.2258 -7.2288 -2.3204 4.1469 -7.9664 -1.3002 6.7782 -6.177 
-4.2468 7.3024 6.4573 -2.1605 2.455 -6.2693 -4.7807 -6.04 -1.0228 -3.8977 
-6.3396 -9.2889 7.5512 -3.6429 -9.4043 -7.6891 -3.56 6.7078 2.3622 -5.28 
9.2244 -5.5347 -7.621 6.5156 -2.8437 -9.2282 9.4296 2.2999 3.1819 -0.19302 
5.1252 -7.2407 2.8235 -7.845 -1.0514 1.8074 9.3 -7.2286 -3.9829 0.24223 
9.0071 -3.9485 1.2485 8.7732 5.6226 9.166 -9.6944 -0.8755 2.5865 -5.85 
3.4253 -4.9162 7.1402 -1.7509 -3.545 -7.6206 -9.7119 6.145 0.1582 1.4426 
-6.2789 4.6237 4.9533 5.5697 9.3445 -4.7426 0.29508 -1.0946 7.2634 5.0919 
-4.2032 2.7537 -9.3831 -1.3122 -2.3737 -0.24108 -4.2192 -2.9925 -1.5007 -6.6765 
-8.8358 9.5049 7.0709 -6.2184 -9.7432 -5.0978 -4.5158 6.4626 0.47359 -6.213 
-9.1187 -3.3784 -0.62528 -8.4135 -1.1102 -5.7982 -8.6036 6.0554 1.9994 6.3368 
-4.4088 -1.5862 -0.28241 8.1993 2.2953 -0.17344 -8.5044 -6.2778 7.6515 -4.7121 
-6.5906 -0.39149 0.3159 -2.7541 -8.1916 -9.0002 7.2831 -0.82264 -7.2603 -8.6864 
3.542 8.1967 -2.2308 7.5708 -5.4756 4.9493 5.786 5.2217 0.029737 -2.8978 
8.0484 1.4425 -2.3141 0.49348 7.3386 0.40192 -2.886 -2.9796 -7.0031 0.028112 
-2.9603 -1.5033 -5.904 -1.5785 -2.0815 -1.8664 -9.0227 -8.2717 9.1547 8.1336 
-7.9968 -0.91164 -7.8248 7.78 -5.6908 1.6645 -3.1224 -1.8856 -3.076 -5.6898 
5.86 9.0242 4.3008 -2.3738 1.967 7.2967 -6.17 0.58296 -6.4996 -7.195 
-0.63135 1.6589 -9.5538 -2.6737 2.6177 -9.3779 3.6237 5.3824 -2.2032 7.425 
3.7468 -2.1713 9.9535 -5.6287 7.9859 5.8499 4.5579 0.7579 6.4041 3.1395 
3.6616 1.1616 -8.4816 7.7236 2.8957 -4.7219 8.4286 8.7247 3.28 2.5088 
-1.5713 9.7311 -2.1537 -2.0437 -0.18782 1.2004 4.6169 8.4019 2.4502 -9.3836 
3.1869 5.6725 -3.3588 -7.1567 -7.7158 5.7588 0.081012 2.6404 -9.9269 -9.4378 
2.6685 -8.2356 3.0729 6.3189 -7.3865 -6.9121 -7.1898 -2.8112 5.8807 5.4206 
0.50292 -2.43 -0.13433 -0.81371 -8.3598 6.2468 4.9577 -1.2085 -9.1656 -0.89177 
-6.1744 5.3901 -9.5336 -4.8172 8.2841 3.6481 -8.2716 -0.44665 -3.7341 -1.2174 
0.23812 -6.0118 -9.1854 4.0723 3.8833 -0.34406 -9.7489 -7.3215 -0.19174 -2.8901 
4.9666 -2.9385 -1.9211 -1.2077 0.80999 -9.2553 -7.1125 -4.6096 -4.8989 -5.1367 
-1.6035 -5.6464 -0.61723 -9.4823 2.0355 7.5379 -2.8767 -9.5376 -3.6724 -1.3745 
4.7496 -9.9339 9.0764 -3.5664 -5.826 0.24565 -3.9024 -7.6117 3.2133 3.8139 
3.7294 -6.1675 -4.2207 -1.418 7.9497 -5.2479 3.4531 -4.4002 -5.96 -6.5743 
9.1145 -0.99523 3.1673 -4.5508 1.2136 -9.3419 7.5847 5.2685 -2.127 1.692 
-3.8419 3.6366 3.343 -6.7976 0.20149 9.0159 -0.42476 -8.4475 2.7482 2.7799 
-3.154 -0.63867 -9.8008 5.8286 -7.771 -7.8772 -7.5101 2.7332 7.7758 3.1136 
-2.2593 -7.4325 4.3218 0.95403 8.6975 -5.3818 0.56086 -2.503 8.093 -0.61612 
-9.4765 6.0737 -0.56484 -3.791 -8.2553 -2.3699 -6.7213 -3.3261 7.8003 3.6508 
2.6709 -8.4805 -8.2383 7.9064 -6.3698 7.1355 4.5116 1.5646 8.4413 -5.7436 
1.305 -7.5384 -0.90698 -2.6749 2.1611 -6.7849 6.9342 9.4306 8.9584 3.0462 
-2.6898 7.4211 -2.6089 -3.4196 -8.189 0.47273 0.80986 6.8739 -4.6888 -7.9421 
-1.5708 3.7088 8.9131 2.2951 -6.1442 4.7259 -0.96075 9.3664 -0.84474 1.138 
-0.75599 0.23815 -5.083 -6.079 -8.8976 7.019 0.38491 -6.0221 0.21378 -1.2101 
-3.7112 2.33 5.8676 -3.4561 7.0748 -3.6564 -6.4905 -9.2042 -1.9196 -9.9283 
-5.4868 6.6509 8.0751 -6.453 6.1915 0.99489 9.1615 -4.6686 1.9942 -4.3355 
-7.6813 -9.7886 8.1489 -0.83337 5.5065 -6.79 -9.7347 -7.2577 4.2796 -8.6626 
-7.3207 0.44014 -5.4885 6.0194 -0.66423 -3.4555 -1.3465 6.7052 1.0786 9.3248 
8.9305 -2.3228 -3.3173 -1.2915 3.8566 2.2821 -5.4712 -3.7862 -2.0962 4.6955 
-0.15134 -8.8249 -9.6628 -8.3394 -4.9056 8.5521 -3.8068 -5.929 6.8754 -4.1677 
4.9643 4.2861 -1.6485 1.6354 3.9925 2.5362 6.101 6.4742 -2.0492 -2.8825 
-3.7813 5.5623 6.3245 1.08 7.5332 9.9765 -0.64695 2.1115 4.781 2.2669 
-9.8459 4.333 6.8208 -9.2846 2.676 -8.1178 4.2402 4.4798 4.9722 4.0476 
2.3124 -7.603 -8.3188 -6.705 -1.7463 -9.2338 5.2355 -3.4145 -6.6619 1.5239 
-2.8485 -3.5274 9.3958 8.4167 -0.76987 -9.5372 -7.4466 -9.4405 -5.3883 6.4118 
2.9766 7.3237 -6.9771 -2.3473 -9.6248 -5.3689 2.1873 6.9478 -3.0868 -6.7903 
6.9195 3.5034 5.52 0.3721 -8.8152 -5.7151 -5.5825 3.2996 7.4361 7.6369 
-7.9729 -5.2137 0.048327 -3.6394 -7.9196 -2.9366 0.6607 -9.4793 -4.7579 -9.3096 
1.766 -9.4305 4.5038 0.66029 3.6404 0.31507 0.32541 -0.2128 -7.528 3.6667 
1.6476 -4.7229 5.6306 3.6383 5.3644 8.5447 -3.4509 1.5602 -7.9353 -3.0108 
0.43608 4.9712 9.0423 -3.375 -6.1084 -6.4193 -2.1645 1.8412 4.5832 -8.1538 
-0.908 -1.3836 2.1719 -5.8929 -8.9628 7.6404 -2.7631 -4.3895 -0.21298 -7.6697 
9.334 9.0037 -3.9142 3.2748 1.2945 3.3617 -6.393 -7.4366 4.1917 4.414 
-6.3539 -8.3103 7.9087 8.8967 1.7872 8.2906 -1.5707 -6.3993 2.2102 -4.0027 
1.1878 -9.6714 -2.8438 -7.3061 8.5981 1.4277 6.8473 8.7872 -3.9629 -0.89561 
2.5295 2.2922 -7.6314 -3.8607 -8.1425 9.2666 -8.6778 -3.0768 5.5353 9.6717 
-9.3974 -5.7297 -2.7765 4.8754 -5.2841 -2.4839 9.826 -5.1378 9.3434 9.6301 
2.8455 5.0732 -1.2675 1.9508 8.1934 0.39388 0.55433 -0.86299 3.7951 7.2312 
6.7632 4.2411 4.1305 -8.954 9.7446 -6.1653 0.11913 -0.98083 -9.9264 -4.9984 
-2.0973 -1.8694 7.8899 2.2579 3.1175 4.6639 -5.4193 -5.4318 0.94829 -8.9858 
-1.2532 -5.1414 -7.8025 -5.0605 -1.453 -1.5379 4.4064 -8.6528 1.6338 8.3103 
-8.3023 0.58623 7.4456 -2.8912 6.9313 0.11654 5.2276 0.094589 -6.3918 0.0018621 
1.6275 5.8475 -8.2535 -9.5412 -2.5237 -0.3854 -5.7674 5.0255 4.6384 -1.7765 
7.4336 5.4308 -5.6861 1.6868 -4.7456 5.2503 2.653 0.34384 -0.49617 0.6611 
-5.8619 -2.541 -9.8491 -8.2469 -7.5694 1.1155 -0.11658 -3.2119 -2.8448 4.1782 
-8.1078 -1.28 -2.1033 3.4024 9.902 -2.2743 -0.45182 8.5149 -5.4836 5.9563 
-6.241 9.7337 3.4801 1.4054 -3.5538 5.2538 5.5601 -8.5776 5.6458 -5.18 
3.3567 7.9238 5.7913 8.3963 2.2512 -6.0676 8.457 -9.1396 -6.6702 -5.2131 
4.6484 4.7093 0.38411 -4.5622 -3.6935 -5.1132 -3.9474 -8.9213 5.4431 2.0272 
2.6202 -5.5858 1.1105 6.2019 2.0069 4.5888 2.9463 -4.0774 9.7478 8.3546 
-0.63588 -8.6173 -0.12929 -7.3227 0.49882 -3.1378 -8.1306 -1.2253 -0.64423 0.48084 
-3.7128 -8.2282 8.707 -7.8632 -1.0797 -0.57963 -6.9539 -4.5786 -3.3442 -5.3868 
2.8293 -4.7514 7.8351 6.0009 -7.6 -1.7343 6.8523 -0.90014 2.0827 -0.37603 
1.2405 -6.9708 1.6713 -3.8269 7.0757 0.69191 -7.214 8.9066 3.7214 -9.8671 
3.2745 -2.7172 0.29239 -8.3688 -1.5766 8.7292 8.9115 6.102 6.5874 7.757 
-7.5025 3.6209 -2.9917 9.5125 -9.0282 9.3365 -2.7806 5.005 -7.5342 3.8686 
3.4805 -7.9574 -6.6199 -5.3209 1.4365 3.0076 4.0381 -1.9043 4.4118 -2.5904 
3.6062 7.7416 2.9452 -6.3545 -7.9541 5.7354 -1.1337 7.1717 -6.7695 -7.8668 
8.6024 -0.65516 -6.9831 6.8226 -6.8797 -9.0178 2.7978 1.2394 1.2146 7.2503 
6.5764 0.69756 -7.3516 -5.079 0.51024 3.5662 3.8381 3.7257 -0.24833 5.1873 
-6.438 -8.3776 -7.9228 -8.1701 5.6696 -5.8634 -5.8811 7.9363 -3.5823 1.6254 
8.9848 -7.2289 6.4124 9.7757 4.9491 -2.2801 -7.0547 7.8882 -9.4754 -8.1983 
-6.0075 -9.3583 -7.861 -0.86293 8.0725 7.0542 -2.1221 2.6743 -6.8244 5.8119 
-5.6464 -4.5316 -2.7924 1.2426 -5.56 -4.2785 -9.533 0.91484 9.1798 1.7471 
-9.8296 5.2123 5.1562 -2.9567 -2.0531 0.57603 -5.5243 6.1113 4.5362 4.6436 
-3.9875 8.7746 7.3592 -8.937 -7.1719 -2.4243 -9.0154 6.9659 8.7177 3.1946 
-4.5106 -9.6937 -8.4656 -9.7411 -5.4163 8.9816 -2.4375 7.1901 7.7907 -8.6363 
1.729 -8.7141 1.3322 8.5958 -2.6461 -2.8836 4.3125 -4.7737 6.205 6.3033 
-2.0689 3.3458 -3.081 -1.1508 -5.2472 -5.5909 4.2216 7.7861 -5.2661 -9.4257 
-6.2719 1.2558 -6.5698 4.033 1.5628 -4.4706 4.0781 -7.0651 3.9443 -8.4735 
-2.1437 -5.2697 6.5553 8.8456 0.62005 4.1796 1.2765 -6.8858 -8.5274 -6.0148 
-6.9081 7.8535 1.8478 -9.6696 -3.3348 -1.0577 -6.1856 -1.0337 5.6365 -1.9512 
6.6461 -0.76783 6.3018 -4.7982 -5.3894 4.6306 5.4465 -2.952 -5.4134 -0.90148 
-7.005 2.1037 -3.1706 -0.45996 -1.1922 -8.3106 -1.2405 -6.49 7.4402 1.9252 
3.5909 -3.71 8.0381 1.3621 -8.553 6.829 -4.6965 -4.7586 -9.0281 7.1125 
5.0018 -7.3026 -7.6731 5.1792 -1.0031 -4.2883 -2.8854 -6.6411 -4.5818 8.6897 
-9.7022 8.5625 1.8303 -4.9717 2.4202 -9.8693 7.4408 -5.3661 7.0848 -7.8401 
-7.1551 9.1582 2.9068 -1.9271 -6.3094 5.1399 -6.107 2.1455 -0.249 7.72 
-9.3869 9.7854 -8.79 -8.4535 9.1963 -3.4533 7.121 -9.5627 -7.0527 7.3326 
6.1739 -5.5465 6.2656 -5.9613 -1.4164 -9.9552 6.3676 1.5194 2.348 7.2608 
-9.0571 -2.6408 9.172 7.7897 7.7854 -6.7587 5.0693 -5.2878 -7.9618 3.31 
3.3236 4.2634 5.174 3.1593 4.4397 7.7181 -2.1191 -1.6276 8.5173 7.1026 
-0.87935 -9.4147 -0.16201 2.6954 9.9267 3.3195 -3.3045 2.7669 8.1457 -5.411 
6.0599 1.9281 1.859 -9.6855 7.8017 -5.6785 1.5086 -8.4958 -2.2838 -6.703 
-2.8312 -3.0469 -2.5441 -6.3082 -4.6046 2.0629 -3.7487 -9.8697 -8.3318 -6.0322 
-9.4933 -1.1001 -7.0388 -9.502 -3.9706 4.7976 3.6887 -6.1425 -9.0784 -0.60796 
-5.6282 -7.0779 -4.1633 5.8925 5.4702 9.1076 2.643 -3.0496 8.7135 -4.5167 
4.2183 -6.4659 2.7386 -3.9721 3.7566 -3.1687 1.8693 6.6869 -0.52298 8.0307 
0.97842 1.6578 -1.0141 -0.27043 -7.255 5.9494 -5.9596 -2.1409 7.9673 7.9853 
7.3939 -1.6178 7.3375 -0.13721 -4.2134 -6.1555 -0.49076 1.1587 1.9965 -0.40342 
4.7767 -3.9477 3.8731 -8.7948 -9.8485 1.7439 -5.2834 -8.037 -9.7993 -4.2362 
-7.9354 -0.90058 2.0756 4.2814 -5.4779 7.9068 -0.92972 -7.2458 -9.5581 8.0741 
9.4287 -1.9222 -2.1883 -9.9913 -5.1273 8.5237 8.0328 8.6631 0.82928 -5.0582 
4.7743 7.8457 -0.56247 4.3578 9.0599 2.1741 1.3319 3.2316 -2.9537 -6.2087 
-9.7228 -1.5882 -4.2212 -0.78476 -9.0968 2.255 -8.5772 -8.5663 5.107 0.47475 
3.5824 4.8187 9.4911 4.0642 6.3919 6.2456 -2.475 7.8376 -3.9333 -5.5822 
-0.28995 -4.6506 -8.3762 5.7761 6.0781 8.9736 8.848 6.4003 5.5983 2.8908 
-9.3056 -5.1151 -1.4399 -9.8267 -3.8883 5.8275 9.5017 4.6411 4.3248 -2.6224 
-7.7112 -6.6928 -8.3688 -4.9891 -2.9329 7.7008 -2.1275 -5.9549 -3.4332 -7.7503 
-8.4675 2.1433 7.0563 -8.1359 -1.4271 -3.0439 -8.0289 1.1964 5.4505 -0.06781 
2.1565 2.3014 7.678 5.6922 6.5131 8.0531 2.9614 -5.824 -7.4464 1.945 
-5.3307 8.5502 -5.4749 -9.6796 3.1839 3.7151 -2.3151 -8.954 1.5207 -0.37441 
-7.1598 9.1644 -0.42279 6.6933 -6.7668 7.0577 3.7783 -3.8618 -2.885 -9.1407 
0.60346 6.0362 2.7725 -8.6166 6.6562 3.2389 -2.7705 -1.6409 4.3539 -7.8737 
8.606 2.2531 -1.8761 -6.1985 7.4618 2.8706 -7.0477 -2.3287 3.3613 8.4154 
2.3381 7.7681 -8.181 -8.4571 -7.4722 -1.6132 0.74571 7.5622 -7.5421 2.9586 
3.7978 0.37761 4.0279 5.0163 -7.9317 2.6405 -0.84561 8.987 2.8753 8.44 
-5.3115 -0.73338 5.6757 -7.0807 3.8287 -7.9709 -9.0299 -0.37508 0.90154 -0.078233 
-5.8631 -5.076 3.7013 -2.197 -8.8751 -6.9556 -2.1799 -0.47856 -9.3551 -0.97681 
-9.2527 5.1597 3.9902 -0.81788 -2.3891 -1.8217 7.4384 -0.72544 -9.3342 5.7319 
3.2673 1.8973 -3.3847 -6.0196 -4.4444 -5.7271 -6.1842 5.9884 -0.96514 -4.0413 
0.14509 -9.9025 3.4661 -3.5266 -0.60563 4.4308 2.9633 -2.7386 2.28 9.8422 
-0.28399 3.064 6.4176 9.1658 9.0115 -5.6915 4.5903 4.7174 -4.0993 -3.2948 
7.2339 9.1066 7.6844 -6.8405 0.067521 -9.3356 4.9735 8.7794 -2.2975 -2.5334 
9.3103 -0.025256 5.6533 4.3194 3.9867 -3.3768 9.2334 6.6644 -7.6497 6.8513 
5.1938 2.092 -0.67512 -5.3012 5.7601 -4.1032 6.3575 8.3777 2.479 2.8756 
-5.0664 4.2701 5.761 6.2236 -7.2421 -5.9511 -2.5568 6.1686 -0.55034 -3.5781 
3.5253 -8.7405 -4.5179 5.685 -3.6614 -5.3163 3.988 -1.1788 8.6303 2.1892 
5.1861 -6.3512 -8.6525 4.8571 8.6481 -0.16512 5.9712 -3.3301 9.7175 7.6762 
1.7238 7.5604 9.6871 4.8512 4.5603 3.2981 4.8574 -7.6195 -0.15568 8.7213 
6.4488 5.7128 -0.68421 -8.2728 7.4433 -5.0197 -4.1961 -1.0803 8.6963 -3.5687 
8.5367 8.7741 -7.0134 -3.9137 -8.1862 -7.1816 -1.5194 -5.1054 5.6244 -5.7034 
2.7513 -3.9958 -2.5459 -0.8426 -3.4769 0.87412 5.1269 -7.5501 -5.0954 -5.0783 
-9.6212 7.1441 -1.9293 0.88555 -6.0679 -7.9928 4.6133 5.2685 2.4745 -3.0115 
-6.3132 6.3545 1.1732 -1.501 -0.79155 -5.124 1.2781 0.43629 -8.0129 4.0185 
-9.4652 6.6082 5.896 -5.505 -5.8547 -8.5691 -4.6975 -5.3224 -4.4837 -1.0798 
8.7 -1.291 -4.6742 -2.8724 -7.0862 2.295 3.7848 -0.34432 9.3771 -4.2757 
-0.31065 0.81169 -2.7369 -8.2431 6.0651 -8.4208 -5.8693 6.7841 -1.7729 -7.1617 
5.8957 8.2719 -7.5889 -1.5922 -0.68038 0.46665 6.9009 5.8694 4.9976 -3.0784 
-0.86329 1.9545 0.34316 -8.91 9.1601 -0.10261 -0.16522 0.47852 4.8516 -8.6902 
-0.11581 -9.8626 5.9042 9.968 8.14 -7.0211 -8.4963 -2.0258 -9.515 1.2086 
-1.4857 -4.5532 8.0665 -6.2041 -3.3582 -3.8196 -1.1085 -9.8539 -4.6766 -0.095173 
7.8354 -7.2507 -7.1891 -4.6202 -0.66323 -6.3942 -8.183 3.5046 -5.45 -8.5117 
7.4857 4.174 -5.4685 -7.8205 8.169 8.7993 -7.636 -9.6034 -3.5182 2.458 
2.663 -9.1699 -3.8671 9.0093 -5.9674 6.6596 7.5977 -7.9774 1.1641 7.8044 
-4.1544 -1.2651 0.073069 3.1492 3.8652 2.8078 9.7181 7.6411 -0.84813 0.43146 
-4.1664 3.6071 -5.5889 7.5379 -3.6979 3.6375 3.8479 2.1022 -9.5159 4.9454 
-5.09 1.0348 -2.5289 8.2445 4.4132 2.7739 5.3414 0.64847 2.2859 6.9895 
4.087 -6.4412 -2.3617 -9.4219 -2.5156 -8.1183 0.99522 0.39365 -0.74864 1.3291 
5.4922 -8.2891 4.7224 -0.85462 4.7395 -7.3067 5.7514 5.1771 1.3559 -4.0092 
6.4531 -6.2646 6.2088 -1.5007 -8.7095 -3.6044 -8.4154 4.4823 -7.6424 0.29245 
6.1238 -2.6247 5.0235 -0.24938 3.2279 -5.4517 -5.7938 7.5046 -4.0569 -4.2834 
-4.9246 8.6218 -5.9481 8.1624 -0.96819 7.3586 -5.1851 -4.8616 0.24563 -7.7336 
6.01 3.9328 -8.96 8.0539 0.48773 -5.6275 9.5878 9.5956 -2.8633 -1.4158 
2.5942 -6.6731 9.4245 2.5849 6.5256 -5.3712 -1.357 3.4851 -6.1502 -4.6398 
-5.37 5.47 -9.784 7.3061 9.6379 1.331 -4.4788 -9.3127 3.8032 -5.8513 
-2.3785 -1.736 0.22728 3.3458 -0.12778 3.4947 0.56977 5.0175 -5.6873 -3.9611 
-0.93597 4.1723 -7.091 -2.9742 2.3136 -9.6365 -6.828 6.3515 -5.1397 -9.6575 
0.011191 -3.3573 0.74981 -5.5164 -2.1724 9.0979 -3.6969 7.5879 4.5162 -3.693 
0.81143 1.0212 7.91 -6.5796 -1.3409 6.3753 3.882 -8.5834 9.4192 -5.376 
-3.0971 9.9294 -0.92161 -9.919 -3.5538 -7.0632 -4.7395 3.7291 -8.5865 -6.0158 
-4.1714 3.3436 -6.6264 -0.22596 3.2333 -6.5486 -8.2556 -1.1 7.2938 -2.6089 
4.0706 7.779 -2.4829 -0.38735 3.2385 -1.2896 -1.8891 -6.3039 -4.1492 7.0793 
8.6816 -2.8348 -4.6473 -4.4528 0.35055 -8.5 -8.3411 3.0148 -1.8621 -1.01 
1.8835 -1.3197 9.7213 5.3396 -0.93955 7.984 -6.0145 -3.7233 6.0427 0.69504 
1.8618 4.661 7.9792 5.1082 -0.76891 -5.4534 -9.3952 -5.7548 3.9815 6.8526 
4.7746 9.8906 2.6132 -4.0043 -0.32433 3.563 -6.3846 2.6674 -1.8251 -5.5436 
-2.5471 -0.4671 -3.7934 -0.32743 9.1361 6.5951 7.2484 -9.1599 -2.6264 9.9593 
-0.93459 -3.3688 1.1787 -2.0155 9.9026 5.5083 6.8689 6.9265 5.9607 -9.6749 
0.18751 2.1069 5.4841 -2.4268 -4.7466 6.492 -7.0325 2.2262 7.9712 -1.662 
8.5742 5.4632 -8.3566 0.15892 5.5568 3.4686 2.5306 0.11325 -0.10164 2.9427 
-0.98424 -2.2871 4.5563 5.3536 8.5965 2.2982 -1.19 6.6629 8.061 8.5925 
2.7487 -5.9227 -0.9468 -2.2633 -5.968 3.4492 3.5849 4.9648 -3.4357 -6.7015 
-0.81272 -2.2665 -7.1041 2.8517 9.8808 -3.6033 4.6214 9.8203 9.713 6.1882 
1.0755 -8.6994 -8.2428 -3.8648 5.7454 -1.2674 6.8824 -8.6471 8.4878 -2.42 
-9.1753 -1.3536 7.9391 -1.7487 0.57514 -3.184 6.1869 -8.9569 8.8011 5.715 
6.044 3.7947 -0.91936 -7.5756 3.3165 -7.9887 -1.7117 6.2215 -7.5241 2.0068 
3.4302 0.13125 7.7743 4.3599 -7.49 -7.6443 -7.3062 5.7501 -0.53457 9.3237 
-5.9934 4.3383 -1.8939 0.45619 -7.0583 1.3542 -7.3385 5.3747 3.4502 -4.9098 
-9.7083 -3.9757 1.0265 -2.2681 6.2504 0.036862 1.2053 -4.3584 2.6659 0.013124 
5.2633 4.1202 -8.2712 0.067597 0.8527 -1.8992 -9.027 1.9215 -1.4502 -9.1772 
1.3502 8.3041 5.5418 -8.5804 7.2815 -8.7373 4.7308 -7.7761 0.99785 8.0992 
3.0843 4.116 -7.4339 1.9204 -7.1874 -8.4727 -0.07577 3.656 9.2114 -5.3902 
2.6948 -7.3375 -7.7108 2.7123 -8.4576 -7.3681 -3.2867 4.232 -6.1711 5.673 
4.6866 3.3093 1.3018 -3.1884 -6.3869 6.5413 -6.4159 7.7131 -0.84865 -9.2256 
7.7465 -2.4887 9.3634 -5.4374 -5.8399 -8.5472 2.8664 -0.34209 -0.080897 -7.3053 
3.3182 0.048837 -1.5268 -2.6834 1.5849 -6.0255 1.7073 7.7931 -5.8855 6.024 
-7.5865 -2.0198 -0.021984 -9.2593 6.7161 -0.99075 9.8385 4.4045 2.1315 7.7569 
4.2747 9.2087 5.7287 -6.4108 -9.1885 9.7694 3.8112 -5.5457 -8.9162 5.8284 
-1.0555 -7.6865 1.6804 -7.633 -5.9037 3.3387 4.8064 2.9006 4.2826 -8.6018 
2.8196 1.2244 -0.60145 3.8568 0.63249 -0.96883 8.0426 -4.6042 0.24295 6.9203 
2.9779 -0.65549 -0.53832 4.483 0.85257 -8.7339 -4.203 3.4713 -5.8862 -8.6519 
3.5675 -6.8213 -3.211 -9.994 9.8134 2.6086 3.8165 9.0319 8.8565 -7.1475 
-8.8234 0.50396 2.5562 3.3172 9.9104 -6.2918 5.5656 1.8652 -3.5606 -8.7148 
-5.5209 -3.6052 -7.4926 8.9971 -4.7225 -8.779 -1.3433 -4.0287 -4.6144 0.63615 
-6.6404 5.6268 1.1541 3.2795 -3.9023 5.3946 1.9396 -2.5841 -8.4876 7.6953 
8.5706 -8.7413 8.3574 -9.5102 -3.7324 -5.7661 3.5311 9.1712 -4.4963 1.7405 
0.30462 2.4469 -3.2536 -8.9954 2.6888 3.5534 7.7185 1.152 -5.546 3.6844 
3.4673 2.7411 -3.4461 -1.5481 -5.0105 5.4708 -2.7544 -0.38659 4.4043 -4.7065 
3.356 -8.3779 1.5319 -7.1135 -0.20129 5.1759 -4.2687 6.2096 4.2449 2.4447 
-8.3708 6.9263 3.7637 -3.3496 -2.6645 8.2254 -2.6165 6.7596 -9.6593 -0.1309 
-5.4985 7.2387 2.5215 -4.4427 -9.214 8.034 0.036252 -9.3129 5.8737 8.3591 
-4.3162 5.1745 8.5953 9.3915 -2.0033 1.7195 2.2131 -2.447 1.0037 5.0488 
8.2753 8.7547 -3.3724 -4.6836 2.3006 -1.0403 4.3269 5.1317 3.0025 -2.924 
-5.418 2.9524 -1.6625 -1.9227 3.1264 6.8065 -9.6781 1.2176 4.4724 0.35253 
-5.0276 9.9205 -3.2837 -4.6354 -5.8761 8.6094 -0.63898 -3.692 0.35767 -5.6209 
3.5258 4.7243 -5.2444 5.6073 5.7475 8.2477 -9.4788 4.8139 9.2824 5.6641 
2.9698 -8.8504 -1.9955 4.2076 -4.4962 -2.1772 -4.825 -0.56125 6.3114 9.9308 
4.0735 -9.8131 9.0781 5.1524 -0.015051 6.7744 2.8499 1.9273 8.2953 -7.1785 
6.7421 6.6183 -6.1354 -5.3073 -7.1637 -1.9401 0.5766 2.5397 3.3605 1.5141 
4.5459 -3.2998 2.164 -1.4554 -0.47547 -9.6323 -7.3299 -0.59545 5.7687 7.2028 
-9.6113 -4.6206 -6.9087 -6.9056 9.363 -1.6778 6.6709 -1.0173 -2.8191 -0.051488 
1.6749 -7.834 -4.8654 -9.6443 -4.8251 1.4623 6.3252 4.9871 2.2576 -7.1104 
8.4175 -6.3667 5.9918 1.2035 -0.78844 -6.2048 -1.0623 4.8638 -7.4085 1.5018 
-8.1664 -2.3239 -5.3249 -2.0253 3.1853 5.0715 6.8751 -8.063 -6.9517 -0.56898 
1.0912 6.7421 -2.6011 -6.419 -1.6003 -1.6917 -8.1692 -0.29634 -1.9894 1.1268 
8.6161 5.234 -3.6513 5.7037 -3.4258 -0.24998 -1.3625 8.3206 -7.6261 6.2579 
-6.0109 9.7449 7.7142 -3.8073 6.7846 2.4636 6.625 1.8398 -8.8517 -4.2087 
0.50639 4.22 -9.4413 0.53544 0.55727 6.1512 -9.5051 2.3469 -6.6643 5.9117 
-7.4652 -3.1031 2.6037 -3.7989 9.264 -6.8981 -9.9676 0.38759 6.2043 -7.7743 
4.9745 0.75184 -5.3532 7.5253 9.4722 9.9437 -3.0725 -2.2525 -6.997 -3.6574 
-3.7066 4.8837 4.2593 -8.3187 -7.8129 -2.1896 -5.9314 -8.9566 0.67067 -8.8013 
-6.2565 8.5879 -8.4822 -0.43726 2.749 0.87147 6.7619 -4.0806 -4.4981 2.6851 
9.6079 -7.432 9.4066 -7.653 6.8387 1.5445 -5.0011 2.1824 -1.0375 0.89646 
4.2565 -5.5803 -1.9176 4.2204 6.2504 -1.879 4.2433 9.4319 2.1505 6.5705 
6.513 -3.4398 6.6137 0.93933 -0.52239 -4.6539 -6.6759 -4.7176 9.493 -8.8847 
3.6644 -3.2373 -4.2831 8.9782 -5.1993 2.5405 -4.904 -1.7602 0.20508 -3.7542 
3.788 7.3461 -9.7 3.5164 -7.7429 4.2845 -9.139 0.98904 -7.8066 -7.4472 
0.61752 3.5143 1.5212 -4.4612 -5.7456 -3.6766 8.6563 5.4251 6.4459 -1.8639 
-6.2229 -9.6603 -8.8487 -0.68357 5.3133 -7.2481 -7.9371 -0.73779 -0.57386 8.6407 
-0.13969 0.34879 2.0895 3.2541 -3.1455 -4.0128 8.4628 -2.9832 3.966 4.0838 
1.1908 0.24591 2.3436 2.431 -6.7268 -2.4451 6.0303 6.4467 2.5389 7.909 
6.5656 -2.0792 5.6547 -8.068 -0.9749 4.0784 4.5545 6.3831 1.0702 -6.4199 
-5.9426 8.4142 0.90046 4.8214 -4.5559 -7.9974 -3.0133 -3.8051 -0.70697 -1.4799 
0.55492 9.8351 -0.5198 7.0895 0.15947 -1.9219 7.0969 7.6753 -5.855 -5.141 
6.1562 1.0939 -3.3654 3.5418 8.0727 4.261 1.1639 -8.9823 -4.7896 0.32902 
-2.8979 1.416 -4.3906 4.1699 -1.1311 3.9261 6.8478 4.8165 4.7904 3.9852 
0.9551 -5.3574 7.007 -8.0661 6.5205 -9.4362 6.7992 -0.9599 -5.3721 7.5817 
4.3488 5.9641 -5.7733 -2.2827 -9.5796 -8.5422 -2.6423 5.4151 -4.2186 7.6926 
-5.9498 -5.2432 -7.2962 -8.9154 -9.0717 1.7846 3.7394 4.1751 -6.5995 -6.904 
2.8751 1.4662 1.2557 5.7912 3.0695 -4.5325 7.8851 4.7441 3.2955 6.6747 
-9.9982 2.3886 3.7389 -6.2855 6.9585 -7.7654 7.2154 6.815 6.9234 6.4612 
0.26354 -0.92544 -2.7472 -3.1409 -3.3928 -6.5867 4.5144 6.7127 -2.6142 -3.9532 
1.3966 5.0883 3.7387 -8.3936 5.8714 2.5584 8.0633 -9.181 5.9299 -5.2964 
-9.8593 1.3174 -3.1083 6.3731 -4.9705 -4.6888 8.0391 6.757 8.4509 -5.5124 
7.8494 5.5573 6.583 -6.7832 -2.8916 -6.3068 3.2084 -8.6712 -1.6032 7.9222 
6.6639 4.6839 3.2183 5.6099 8.9944 -2.1908 7.4013 9.0261 5.9331 -5.6499 
5.5033 9.3081 -2.8935 9.4022 -0.34255 5.0 8.7095 -2.1687 5.3048 -5.3612 
5.7627 5.26 -8.3677 -2.4766 -6.6129 8.555 0.23044 3.9915 -6.9598 1.5399 
-2.5274 1.3372 2.0133 6.0745 9.3838 8.6906 -6.4134 -2.5755 -7.4998 -4.0102 
-6.9538 1.9939 7.944 -7.0153 6.2524 -0.8206 3.9058 -2.5143 5.6303 -3.5356 
-2.9548 1.8256 9.0592 7.6188 2.6094 -3.6205 5.4488 0.63236 1.6514 -3.7282 
2.902 9.233 -1.3812 -0.087495 -8.0776 -7.7861 -7.8363 9.8058 6.8062 4.4678 
8.6387 -1.1677 8.4344 -6.8846 5.9216 -8.9921 -9.5662 -4.4895 -7.1495 7.9993 
-8.1336 3.8496 1.2046 3.6087 5.4168 7.5814 -1.73 6.9736 8.8712 8.4585 
4.7756 -5.2829 8.7086 2.3144 -1.984 0.88346 2.3173 -9.1427 -2.511 -8.2405 
-8.8947 5.4123 -9.9898 2.1363 -6.8597 1.9393 4.0357 0.023328 -2.0856 -1.3372 
5.1432 -6.8 -1.3524 5.4215 -5.2066 9.082 9.3222 6.7265 -9.2904 -0.038899 
-0.73021 -8.4269 2.1042 -4.5321 -2.5195 -2.7144 4.0773 0.56271 -5.6968 0.90954 
-9.0999 -3.7869 5.8034 9.5031 -3.1538 -7.9813 -1.9306 8.086 -4.3801 4.8727 
6.8406 -3.5151 9.4666 -0.93267 -5.0603 5.977 9.1602 -4.2676 2.0131 9.6249 
-6.7058 -6.462 6.9376 -1.4065 -4.6043 -5.5323 -4.4545 -5.3483 0.72656 3.3767 
-7.6985 -5.0798 9.9545 -0.015476 -5.4758 -9.0225 4.646 8.9931 -3.0198 6.1252 
-4.5688 9.8368 2.946 -8.8454 -9.4617 5.8485 8.1534 3.042 -0.11661 0.83301 
-3.7123 2.2261 -6.8707 -1.1453 -8.1685 4.1685 6.4176 4.9728 7.367 -5.5573 
2.1218 -0.33992 -9.4451 -5.2734 -8.2762 1.7271 0.10847 -7.9922 9.6707 -3.717 
3.5493 -5.1147 8.948 -6.0236 8.7767 -1.6205 -4.1678 -9.9465 -1.0867 2.0712 
9.7528 9.4782 -7.9162 0.23754 2.0011 4.7324 -2.767 5.3615 -6.0025 -6.8189 
9.8652 4.3083 1.2227 2.7842 3.3227 5.5714 6.8 -5.1684 -5.6835 -5.899 
5.1507 3.9678 5.3063 -7.2616 5.3477 -6.425 -5.273 -6.6022 3.8126 5.4176 
-4.4988 -6.5032 0.79375 -4.7278 3.4696 0.50195 1.7226 -7.8892 1.736 -3.1901 
9.0803 -0.59223 -0.56104 4.3674 1.5614 -6.6062 5.1234 6.0137 1.5568 5.7825 
-1.7784 6.1018 4.1515 0.016961 -0.13546 -9.8181 2.4339 9.5092 0.69719 5.1371 
-5.6675 -7.8058 -4.4945 -6.7715 -4.5502 8.7489 9.4431 -5.2526 -0.20231 -7.6377 
2.5826 5.9002 -0.60316 -2.7448 3.0081 -6.9427 -5.6276 3.7097 0.80523 -4.2948 
-9.7026 7.3606 7.2903 -7.5859 -2.3557 9.5038 9.7386 -5.2881 -6.4982 2.5575 
-9.134 -8.053 1.7667 4.3862 -5.7611 -0.021833 -2.3769 -4.9469 8.4689 5.2267 
-6.3948 -8.6831 9.7343 -4.5486 -9.7628 8.8377 9.1192 0.81685 5.0993 -3.8963 
-5.9907 -8.7943 8.8128 3.582 9.2998 5.6129 0.47593 -5.5561 5.9306 -0.88641 
4.3872 -0.89939 8.9447 3.5364 2.3218 3.4173 5.4704 -2.1515 9.2619 1.9694 
-1.1426 7.5884 1.3403 -4.777 5.5652 -3.7166 -5.0759 -0.095115 6.3936 4.0351 
6.9099 -3.0429 -9.7554 -0.34239 -0.91341 -2.9633 -0.39418 -9.8568 -3.2596 3.9166 
-2.2042 -1.2663 -3.7577 -0.35031 -1.2776 -3.2987 8.3414 4.7392 -5.5274 3.2018 
6.751 -7.376 7.4554 -1.8682 7.8666 -1.8489 -1.4801 2.2153 -5.6213 -1.1654 
4.9684 3.068 -6.657 7.3822 3.352 -6.673 8.7306 -3.2688 7.5679 -9.639 
1.6772 0.74982 7.2875 7.497 -8.9418 -6.4278 -3.5887 -2.1332 -5.4941 -1.556 
-6.7885 4.5823 3.2153 -2.7057 3.5871 -2.6851 -9.8942 1.4014 4.6651 1.4643 
0.5768 -7.3575 -7.8155 1.6952 9.982 -0.35312 8.385 3.4558 -9.9661 1.4031 
-0.74658 7.884 9.4758 6.109 -6.9045 2.4406 -3.1997 2.1539 -0.42088 -6.5861 
-2.4091 -0.84106 -5.9127 4.9446 3.0 7.3658 9.8813 -0.44966 -2.2501 5.2681 
-8.1354 -7.9875 0.85545 -5.9329 -1.521 -6.0673 -5.4918 6.6769 5.2687 -8.0318 
-4.8171 -1.9792 -9.6185 -6.316 -3.1398 6.9667 -4.032 -1.7708 2.4664 -3.9252 
-3.2833 7.3655 1.5744 -5.0747 9.9487 3.2538 6.5694 -2.2207 2.1442 -7.4652 
-2.4978 9.1489 -1.2841 7.4622 -0.023873 2.6307 9.3852 8.78 9.8897 -5.4535 
-7.0748 -9.5721 -6.1643 -1.3421 5.7759 -1.5518 -0.40138 7.8718 7.8273 5.8509 
-3.6646 8.8992 8.6102 -4.0787 -2.6311 9.1795 7.6901 1.0044 9.6148 4.2321 
-4.3755 8.4382 6.1533 -1.318 5.5942 0.33089 -6.3386 1.686 -4.587 -1.3502 
6.4025 2.2192 3.3489 1.7506 -6.2184 5.7097 7.3662 8.3918 9.6287 -9.6787 
-3.1582 -0.19662 -3.9803 4.299 -4.0373 -6.7872 -4.9808 -2.4502 -3.7782 0.23628 
7.44 -1.105 -8.8615 -6.4383 2.3114 7.6941 -0.74612 1.8444 8.8229 -9.5423 
-4.6394 -2.0636 -8.5965 7.7963 -5.4046 6.3469 6.3084 1.1383 3.2181 -8.5163 
5.5086 -6.9618 3.4392 -2.9109 -0.017648 -2.2968 3.9628 8.9138 -6.1991 2.2962 
2.1842 7.4034 0.90398 8.0279 2.0727 6.7083 -1.2891 8.3523 -1.736 -8.8876 
-9.6406 -0.28652 -0.29991 1.4668 -9.5909 7.1238 -8.9653 2.9506 8.9614 -8.0151 
4.0302 7.1979 1.2857 -0.9709 -4.6179 -5.459 -3.3188 -3.9766 -7.804 9.9283 
-9.685 4.5643 6.176 -0.42524 3.9903 2.5119 -7.4337 1.8069 7.6324 -8.4063 
3.6779 0.85135 5.9098 4.7337 -0.349 9.6128 -9.0857 -4.0643 -4.5858 -7.9613 
7.558 2.6152 -7.7559 1.7225 0.54415 -2.0191 3.9487 5.8683 -4.2137 -0.81549 
-1.3639 -4.6185 0.021333 4.5339 8.9523 3.3808 5.4027 -8.5533 2.9141 -8.1159 
2.6269 1.8362 -8.6047 -2.1534 2.4956 5.5405 2.1895 -7.1785 -9.4039 1.1054 
1.7208 7.3261 7.3385 7.7231 7.8973 1.4364 -2.1464 2.4955 -6.2539 -7.0073 
-5.4518 8.5109 7.5756 9.2054 7.7897 -0.69552 -2.5364 0.46021 9.4608 9.0664 
5.6931 9.0224 7.8236 1.5603 0.37718 7.0314 -8.4255 -3.6804 -9.4009 6.6703 
-4.2473 -8.6659 2.7402 -3.5053 -9.0769 -2.8794 2.496 5.062 5.8463 2.2101 
8.4875 8.9228 4.0167 -9.1551 -4.7148 -1.2059 -4.7035 2.2774 -1.2871 7.3689 
-4.0305 -0.067334 -2.0484 -2.0688 8.0789 -0.8446 -5.8575 2.8297 4.466 5.6673 
0.72606 -8.6395 5.6 4.6036 -2.9376 0.46565 -1.001 4.1511 -2.0065 7.8652 
-3.3271 -6.9272 -4.4194 2.1394 -3.5683 2.0087 -3.4943 7.145 -3.5869 8.1937 
-5.2541 -4.0785 -7.4646 4.3798 7.1121 6.0926 9.5342 -3.1997 2.1326 -4.0207 
0.90478 -6.625 7.1977 -4.9801 0.58133 -9.4628 3.1065 8.2256 -8.9062 0.31584 
-7.8463 4.7039 9.7909 -8.9332 -8.4632 -1.916 0.14771 2.5671 7.0497 5.9069 
-7.2569 7.5939 3.0853 5.1811 9.946 -3.7185 5.7571 3.1705 7.941 1.181 
-8.1115 7.0285 -8.999 5.7186 -6.8428 1.8184 -7.6502 7.4269 0.40858 -5.581 
-3.7823 3.4406 6.5679 -8.3073 -3.2121 -3.6759 6.0568 7.7071 -6.3831 -8.3805 
6.2527 5.9699 8.3935 5.323 -6.3287 -4.1289 -6.6243 -2.7685 -1.7523 9.6113 
0.27115 -7.9904 -8.2854 5.597 9.1548 -3.0613 -5.7885 9.68 1.7636 -4.4783 
7.3295 0.45337 8.5247 5.834 8.3781 3.6187 3.0069 -8.5675 7.3254 1.615 
9.6097 -8.8262 7.7572 6.2896 8.7064 2.674 -6.2799 -3.7602 3.3973 8.855 
-3.4669 6.2729 -5.1467 1.8412 -1.8916 -7.3636 6.0136 0.99613 -3.7129 2.3375 
-5.6077 -3.0863 -2.0036 -0.0097402 -4.9459 4.3709 -0.0056774 -4.6321 9.1383 -2.4348 
0.36447 6.5785 -7.9148 1.6061 7.6328 1.358 8.4342 -5.3245 8.3858 -2.6764 
-2.9399 4.4993 9.1265 -7.5069 -5.5587 9.7582 -7.1844 -5.7127 8.4409 9.8163 
7.1895 -3.2541 -6.5024 5.8196 -1.1082 6.1363 -6.4063 9.0353 1.761 -3.6668 
-4.7996 -5.7707 0.18348 -4.6491 -2.5862 6.317 8.6719 5.7531 -6.4349 -0.43705 
6.8744 -3.2032 -1.5415 5.6072 -2.3074 -1.5522 -1.0972 -6.8107 -3.2717 -5.0794 
1.656 -0.81416 2.6884 7.3324 -6.1623 8.4935 -3.2841 -0.12767 2.4731 -8.3697 
4.3881 0.57495 0.93644 6.1569 -4.816 -4.7039 -5.7544 -7.1622 -0.41236 7.8869 
-3.1295 -1.9759 -7.4181 -3.1741 9.0853 8.8913 -1.4986 0.41173 6.5401 -2.777 
-9.8145 5.0384 -0.096345 -5.6658 -2.648 9.1581 -8.5422 -2.3663 4.6338 -4.1307 
-6.1511 -9.4612 0.0072313 -7.8738 -9.9499 -4.0837 5.5937 -3.8038 -5.4748 6.3374 
0.14776 -2.507 -1.4495 6.0687 9.5843 9.2619 2.6667 -0.291 -5.9049 -4.783 
-9.5152 -6.2664 2.0749 0.24422 -7.6778 8.027 -0.64258 9.7012 -9.9986 0.64724 
1.0008 -2.5604 -8.2478 -1.0531 -3.9941 -5.9164 -5.9577 -8.62 0.62962 8.1884 
-4.4763 -3.383 -5.6918 1.6948 -9.0966 5.2103 -9.0755 -6.2837 -3.6471 -9.1822 
3.9248 -9.6298 -2.753 -3.75 1.4998 -1.4694 -1.3516 7.444 5.1099 -6.115 
7.6271 3.7046 -5.3964 -5.9179 -2.8136 -4.2468 7.6066 9.7711 1.6691 -4.2994 
-9.5064 3.4468 -7.1952 2.7549 2.5085 -9.9085 -3.0763 -0.2925 1.9913 -0.58051 
-3.1759 6.6607 4.358 -0.29024 4.0218 0.49575 0.51116 4.8574 -0.74338 7.0234 
-1.5719 -1.2722 -4.3195 -7.9468 7.7383 7.4427 -5.0658 5.178 8.4789 -3.9442 
-8.3998 2.7148 1.3472 -8.7325 -6.6649 -5.5663 -0.78979 2.88 -9.9307 -1.3637 
-8.4129 3.3023 -7.9707 4.442 -9.6697 -2.1422 7.5699 0.78341 -9.8758 -3.7986 
-8.5525 -2.8845 8.918 -5.1526 9.769 2.4577 0.32015 -2.3469 -1.7403 8.9431 
8.0068 -3.6293 -2.7029 4.0384 8.8189 -8.8438 7.5717 2.383 4.5458 1.5783 
9.3862 3.7955 2.7014 0.9397 -2.7173 -6.1889 -7.3127 6.4298 7.3605 6.4005 
-2.1739 -9.4737 9.3184 5.3851 5.0339 -6.6289 4.0698 6.1373 4.335 -5.2389 
-3.7283 8.7984 0.68636 4.5823 -9.568 -0.90885 -5.0592 3.2157 7.8912 5.0169 
1.0663 2.5309 -9.3471 1.2156 7.4202 -7.9405 -6.3762 -6.0843 4.6283 6.0909 
5.841 -7.298 -3.3197 -4.625 4.7188 2.5673 -4.7344 -0.61662 -4.9927 9.4044 
5.9663 8.7703 -8.3222 -3.0733 3.7464 8.8544 9.0623 -6.5305 7.0697 2.1158 
7.2652 -0.64284 5.7606 5.281 1.8926 7.5726 9.1048 -0.12381 6.1535 7.6107 
5.9592 8.6641 -1.9426 1.2081 3.279 -1.711 9.2484 -6.0673 -4.0853 -3.6013 
-9.8725 9.4649 -7.394 -7.6994 0.90585 9.716 -3.3791 1.0015 1.4074 8.4942 
8.398 -4.3128 4.1725 1.8942 1.4873 -6.0036 -8.9945 -3.5881 -4.1177 -9.8409 
-9.6408 0.77618 3.2308 -1.6697 8.1037 -7.3608 5.7841 -3.2584 -2.5903 -4.1573 
-9.4117 -9.7485 -4.4247 -1.4316 -9.1377 1.6275 -7.9599 -0.47628 -5.743 3.6631 
4.229 -6.857 -0.12967 -7.5048 -3.8311 -8.6912 -7.6598 -9.2473 -2.248 7.6955 
0.76828 -2.9671 4.8375 -3.19 4.5985 9.1198 7.9217 -1.3336 3.3651 4.1378 
0.49177 5.4625 -0.61639 -2.7331 -1.3837 0.62296 -3.1468 -9.744 -6.7418 -7.9681 
0.044799 -3.596 7.7454 2.0774 4.8609 -0.031079 -1.1868 -3.5215 6.8534 -1.241 
-8.6866 1.0696 -2.8141 3.4786 -7.316 -1.1328 -9.6716 1.4713 9.5465 -7.2876 
-5.3992 -2.3976 5.1823 -5.6981 9.9349 8.2283 5.6865 0.10121 2.7736 -5.5265 
-7.6592 5.0042 -8.5197 -6.9859 1.0013 -7.5837 3.1616 -9.5738 -0.64688 6.2579 
9.7954 9.7015 -9.784 -7.5365 4.6543 1.6669 -9.7226 9.3406 -0.41537 4.916 
-8.5897 -1.0577 1.7104 -4.8513 0.13713 -4.0955 -1.2146 -1.4147 6.5575 -5.4188 
-8.7995 -8.5075 7.1404 -9.3037 1.496 5.2981 -7.2923 -7.2453 7.5662 7.8991 
3.2315 -7.9912 1.5943 7.0036 -8.7351 -9.9972 -6.5172 -8.2467 -8.5089 7.5036 
-3.1188 -3.2755 9.0651 4.5504 8.3905 9.5985 -0.43745 3.5528 -3.748 3.7348 
-7.4297 -4.1558 -3.2368 -1.7414 3.2193 -0.6379 7.9558 3.4437 1.7655 6.7738 
2.7427 8.3395 -3.6665 -7.0788 -5.7473 -8.2217 3.7304 -6.1093 8.8903 6.4401 
4.9298 0.095244 4.7706 0.95367 3.4186 5.103 -8.1661 3.5711 0.01939 -3.8184 
6.1053 1.5845 -7.0233 6.1486 5.7906 0.98279 1.9816 -1.6228 2.7733 0.60898 
-4.6195 -8.9663 9.916 -2.7338 -8.2998 7.7151 -3.4635 8.833 -5.2662 4.3293 
-1.3204 -4.6647 -4.5571 -0.53408 0.43384 -4.6605 4.3031 6.0724 -6.7655 -0.18495 
-1.9639 5.6575 -6.9873 -1.0249 2.3036 8.3885 0.47973 6.0859 -7.5436 -6.3461 
2.1628 0.76055 4.9405 4.2456 4.7028 -4.644 1.4863 2.7642 -4.7753 -0.19234 
5.4017 8.7952 -6.667 6.163 1.5076 9.6005 0.82116 1.3907 8.4727 1.9798 
8.8225 0.75219 5.9712 -5.5725 -7.5613 -8.3209 -3.711 -0.42011 -8.7036 -6.0411 
-7.3707 -1.741 5.2753 -4.0228 -3.2277 -8.0532 9.9063 8.7092 -6.0523 3.5163 
-4.8855 9.2818 -8.2635 9.6062 0.86602 3.1036 -7.615 5.4799 8.9903 -8.2526 
-2.4338 1.9825 9.6552 4.0832 -2.4734 7.4548 -7.86 4.8308 -2.5144 0.24989 
9.8747 8.8253 3.4627 -1.9872 3.8365 -5.3581 5.551 -5.0302 -9.6318 -9.8872 
-3.181 5.2201 -4.2747 -2.4613 9.0586 1.1759 -3.7516 -3.7174 -5.0144 3.4451 
7.991 -7.7826 -4.6113 -3.3601 9.8526 9.9089 9.177 -3.0208 -9.1329 -8.0639 
-5.2504 -4.2973 0.12451 4.666 5.1794 -5.083 -5.2049 6.7837 -7.3039 -9.2333 
-5.6 -5.7481 1.4416 0.84922 1.092 -4.3955 1.3742 5.158 0.32942 1.4696 
9.8215 -1.7047 -6.1643 1.0567 -8.1404 -4.307 -9.9966 -0.93388 -6.0015 -9.456 
9.0221 0.033424 1.8477 -7.244 8.9616 -9.0819 6.627 -5.9328 7.2359 1.3164 
2.7643 6.8241 -1.3404 3.6876 3.2733 5.6815 -6.1994 -9.8001 0.12553 -3.5559 
0.082617 5.5921 -7.4577 -4.2425 6.809 -7.8722 -6.1373 1.3495 -3.9979 1.4391 
-2.8376 1.6731 -6.8083 8.4007 9.4626 6.7298 -7.0285 1.0513 2.4736 -9.7661 
5.369 0.37965 -5.6611 -7.5257 -6.5317 5.4564 -8.9465 5.4742 5.0678 -5.7181 
5.6873 -4.0184 -4.1199 5.1375 8.3983 2.9481 -4.5036 2.8041 -7.3103 -4.7454 
-9.4216 3.803 5.6117 -1.1266 6.7055 5.3783 9.8911 4.514 -0.082788 -8.4696 
-8.9512 2.5582 -3.5249 7.7633 -4.2852 -7.7897 -3.8348 1.1591 -4.9719 -1.3578 
-3.5316 5.5282 1.4225 6.986 0.13704 -4.9286 -0.21903 -5.8746 8.314 4.1552 
5.9937 7.3599 2.4867 2.9914 3.5286 -4.7191 -5.9307 8.3471 -6.1979 8.0229 
2.6046 -9.4711 -3.2527 9.464 -5.0609 0.81078 1.5413 9.6882 1.5482 -2.6098 
9.656 2.3103 9.9423 7.2794 4.1143 -2.432 5.6454 -4.0479 9.9474 -3.7132 
-6.835 -6.0342 4.2861 -0.5339 -7.4318 -8.2211 2.4246 -8.6028 2.3853 -5.4473 
2.3335 7.2953 2.12 8.1342 -8.4938 4.0384 8.1918 4.6542 -7.9974 -2.2591 
-3.8257 8.564 -2.9107 -3.4947 0.76869 -2.5303 9.7944 8.8034 1.3635 -8.0176 
-8.2984 6.9451 -6.1268 2.7369 3.562 2.17 6.7501 0.36709 -8.931 6.5765 
7.5366 -9.2239 -5.5945 8.7141 3.9144 -3.4742 -7.6721 -9.7967 -3.1667 -5.0249 
1.814 0.5444 -8.7836 -1.9187 -8.1931 0.84269 -0.47879 4.2392 -6.3662 5.2458 
-3.9375 -2.7235 5.6659 7.7147 -3.2508 5.3743 7.2465 -3.6876 8.3426 -5.0965 
-6.6386 -8.5974 -6.5159 2.3406 6.3279 -1.7331 0.10689 -3.4606 3.8287 1.8372 
-3.2025 -5.0348 -5.9582 -8.1951 2.1838 -4.5593 4.2066 -0.88492 3.5173 -4.3511 
-8.6511 -8.8187 -8.6565 4.3924 -5.9575 -5.7342 9.0248 5.4258 -0.24965 -0.52155 
3.0698 -5.3731 5.7357 -7.4668 8.6196 -0.67286 -2.227 4.2968 6.3181 -7.4104 
-5.1143 8.7088 -5.7244 7.064 -6.7776 2.3503 -6.5499 2.6629 -2.0377 -9.7251 
5.1584 6.1343 -5.4487 -8.9823 -3.3651 0.20869 -0.33742 -6.7384 5.5511 -1.1915 
-4.0197 -9.2386 4.5849 -2.7632 -9.9929 -4.3979 1.4618 1.5778 5.8518 -6.977 
-1.6237 9.3629 4.2542 7.4656 9.0339 -2.6684 -4.2492 -5.9163 4.4494 1.5932 
-8.8834 8.6009 -5.4196 0.30515 -0.13956 6.4461 9.2617 8.6594 0.46382 -3.5865 
-9.3829 -9.0815 -2.0108 1.7407 9.5619 9.1076 2.3372 1.6634 5.3585 5.8923 
-6.2684 -3.4096 1.7459 4.0154 0.90735 -8.0066 4.1318 1.7171 -0.9923 -9.7688 
-4.5819 4.3304 -0.098164 7.2596 3.0533 -1.3766 0.45373 3.4655 2.8877 -8.9413 
-8.6751 -9.3708 9.1405 -5.8042 -4.3289 8.2891 2.5764 6.2274 7.9432 7.9831 
-3.3301 -5.1431 7.8355 -2.2946 7.1733 7.1347 -5.2039 -9.1366 6.2752 -4.859 
-9.0019 -3.8693 4.4757 6.0138 -7.7469 5.3529 5.4355 7.849 -5.4725 -2.9441 
-7.9738 6.68 -8.1783 -0.07539 3.8961 -8.9932 -7.4138 -8.0849 6.3828 -9.681 
-8.5626 0.43657 -3.6877 -8.0162 -1.7646 8.2975 2.8132 8.3984 7.3368 0.39116 
8.0903 -7.6903 -6.387 -2.0911 -3.9577 -3.7945 9.951 8.6481 4.1358 -4.0028 
-3.764 -7.214 -7.907 7.9547 -6.4233 -6.268 3.1209 -4.8132 -5.7081 -4.9747 
1.8354 -1.9092 -4.3926 -6.9505 5.0846 3.1058 -1.5402 -1.2854 0.82193 -6.8249 
-2.4475 -6.8137 9.8391 5.2712 -1.8241 6.0773 4.3993 1.2452 7.8079 4.3182 
9.0313 8.8891 -1.2186 9.5576 4.9292 4.2173 8.6161 -0.16528 9.6002 2.4689 
4.8479 -7.4032 -5.9402 -6.8725 7.6371 7.2709 8.7625 3.3763 -3.2731 5.2425 
7.7419 -5.4444 4.8232 8.1066 2.012 -6.3808 -5.858 4.0044 9.1359 8.2369 
1.9779 -9.4651 9.5235 -2.9076 0.19136 -8.989 -1.4733 8.1923 9.9443 -1.8526 
3.7926 7.8158 0.087923 3.8266 2.7928 4.5149 0.28309 0.14901 -7.1383 8.4004 
-2.1777 4.418 9.1615 -8.5485 -5.1026 5.5894 0.89743 -4.1308 -4.8325 0.87156 
-5.5345 -5.919 8.4821 -2.8538 -8.1532 -4.6572 1.2981 0.83311 -7.9612 -5.8572 
-7.3748 -3.1883 0.2854 7.1719 8.4132 1.8303 -8.1247 7.0077 -0.16987 -7.2064 
-6.5504 1.9258 -2.9546 -1.0064 -7.6341 -6.3686 4.754 9.4199 -6.6728 -4.1496 
8.772 2.2497 2.7069 -7.9011 -6.6181 3.1784 3.7411 -6.6451 -2.3481 -7.2574 
-9.3104 -8.6851 -4.5056 0.32363 6.9709 -1.4175 5.9951 -8.9621 1.8694 -8.9177 
7.5911 -6.4685 -3.2109 -1.5742 3.7004 9.4513 5.5965 -6.4769 -7.9118 7.2726 
0.44655 -6.531 5.9813 5.6354 8.4791 -1.5606 0.9326 7.8122 -2.9835 -1.8913 
6.1649 7.1295 -5.2415 8.3061 2.7139 -5.5066 -0.44382 2.7852 9.0268 8.72 
-1.0484 1.5908 -6.196 3.5486 0.87199 6.1579 -2.3791 -6.3687 9.3942 1.9164 
-3.0692 -5.9634 7.4644 1.8332 7.3347 2.254 4.8878 3.0336 8.4491 -9.0805 
5.143 3.5086 -9.7857 0.035198 -2.8745 -9.7148 -9.5006 -5.0607 -0.41573 9.7188 
-2.7957 -8.0106 6.2543 7.228 3.8111 5.1271 -4.7682 2.0758 -3.9597 7.8267 
1.1321 -9.9178 -0.70358 -2.6483 3.2965 -5.0815 5.4934 -1.3409 -8.0585 -8.5411 
7.7744 1.234 -2.0736 1.7651 -6.7091 1.7286 -4.7417 2.6938 -9.8964 7.3295 
6.8033 -2.8706 -1.691 -8.8188 9.3816 -1.975 -9.1543 -6.2033 8.469 7.4261 
-5.1195 -1.3604 -3.8961 4.7583 -0.31345 -6.8745 -2.5845 1.412 -8.4006 3.5505 
-1.2876 -4.5185 -0.43048 -2.0923 -5.1731 3.9698 0.85538 1.8836 9.5405 -1.7668 
6.5711 0.11613 -3.9104 -5.6648 -0.19318 6.5261 6.7202 -3.9535 4.9944 4.2109 
-6.9459 -4.7408 -3.9474 -6.7482 7.3604 -7.88 8.1618 4.8897 3.5271 5.2288 
5.1591 -9.8835 6.6046 1.9238 6.2622 -5.2849 2.0015 -6.8748 -0.78277 9.7465 
7.5302 8.5002 -0.045377 -7.2473 -3.6328 3.1367 -8.5796 -4.3518 5.4582 1.6853 
0.042472 -0.11014 2.3494 -9.8029 8.7272 4.1436 -9.6246 6.252 9.8561 1.7599 
1.4053 -5.5787 3.4779 6.5008 2.8322 -4.1356 -1.5534 9.9809 2.8937 2.4869 
7.0296 7.7011 -6.0444 -6.2611 0.26293 -4.5901 7.3297 -5.5495 -3.0891 2.3714 
9.6929 -7.5933 -1.7308 -8.412 -7.2222 -3.4144 3.0477 -0.28924 -9.2202 -6.1221 
5.8043 0.63985 1.8968 -8.1807 2.4976 -0.52519 5.8551 6.8666 5.2004 5.7927 
-2.9863 -6.5935 -2.2726 5.0902 -7.5784 -4.6579 2.9297 -7.9894 0.29279 0.66291 
0.038097 9.3118 2.205 8.4954 6.8797 1.7103 3.9159 -1.0637 3.8985 6.5947 
-4.8958 8.9025 -9.6768 -7.8291 1.0507 7.924 -8.3757 1.7553 1.7344 0.16539 
0.19743 -0.16673 0.33623 2.5748 5.1773 7.8239 4.7241 8.1063 -5.0804 8.2633 
-8.4276 -6.6548 0.80909 6.5288 4.4028 -4.1104 -2.0383 4.359 -2.9705 3.9786 
-8.882 4.2178 8.7514 -8.2283 -7.0022 -5.4272 1.6837 9.3137 -6.1913 -1.3117 
2.6998 5.1354 8.7883 -9.6081 3.0953 7.8485 -8.8089 5.3716 4.7528 -2.0805 
2.3381 -0.40257 -1.6483 7.9869 0.96403 1.0221 6.5461 -8.5358 6.2943 6.8606 
-8.3705 6.7302 -4.1361 -0.34208 -9.1198 -2.4836 9.667 0.67621 -1.5674 8.4195 
2.1904 6.7416 -9.8779 6.2859 -4.5999 -2.5663 -7.5573 7.0452 -5.7968 -4.4475 
0.89341 1.4065 -2.9833 8.5486 0.8448 8.1019 1.0108 0.88266 -5.5149 -3.7952 
7.1184 5.6617 0.027028 -7.234 -4.8191 -6.1066 9.1292 -8.6468 9.5247 -7.9581 
2.8538 -0.48505 -8.301 -7.1502 -0.74479 -4.3618 -6.7643 -9.7749 2.6363 1.2354 
-4.5673 5.5533 -6.4705 7.4744 -0.1673 2.9945 -4.6707 1.5343 -1.2985 3.1944 
-7.865 7.9199 2.8465 -3.8058 3.0477 0.35854 -5.0156 1.1593 -3.4701 2.045 
-8.7897 9.1284 8.585 -6.5782 -2.6588 7.3985 -3.4646 0.29694 7.7338 8.6668 
2.4377 -7.374 6.7197 6.8221 -1.2759 -0.097169 -3.9775 -2.5537 9.1273 1.4947 
3.9814 2.5283 -3.2061 -0.6584 -1.5592 2.6631 9.2295 2.1437 -6.9235 0.92131 
-4.5012 4.9918 -9.4579 0.70786 5.3266 -1.2032 -2.4768 -8.9972 0.21007 2.4054 
-1.5606 -6.1824 -5.4013 9.725 9.1942 6.5433 4.6859 0.16436 -4.1867 9.255 
-2.6835 -1.1249 2.8512 -7.7702 4.1351 -3.079 -8.6555 -2.9957 5.1839 -0.65627 
-8.3568 -4.16 0.88339 2.742 5.2209 -1.3839 6.8602 -6.9975 -6.9672 0.40864 
-8.6046 -1.2796 -4.3819 -7.3769 5.7074 -8.2258 5.8295 2.3065 -9.7637 7.3835 
-7.5822 3.5989 -2.7157 8.0509 -7.6538 2.0903 -3.1805 9.7052 -9.2933 -1.4582 
3.5571 -4.9401 1.9283 8.3857 7.1122 -3.9538 2.0422 -5.6366 -2.579 0.050565 
-5.6213 7.4428 6.6474 1.1046 3.8681 -0.5713 9.4243 0.40446 6.5478 -5.4777 
-5.2544 0.72407 4.3487 -3.464 9.8425 -3.1655 8.0369 5.6155 -5.3975 -0.4546 
-9.8273 8.2477 -7.3542 8.2614 7.6064 3.2325 -5.0151 -7.2797 -6.6116 -5.7372 
4.5422 -0.68171 -5.5276 -1.3206 7.488 -9.2438 -5.5451 9.2509 7.9598 -9.9457 
1.2207 -2.5373 -5.6649 5.6668 9.1485 7.4966 5.301 6.4959 8.5579 -7.05 
1.0395 3.8698 -4.854 -5.3595 -3.0599 1.7843 9.7177 8.5966 -6.6415 6.2893 
4.8451 5.1383 7.8009 -5.0533 -3.1129 6.7337 0.14753 0.98994 7.1149 3.357 
6.4927 8.169 4.7035 -8.7767 7.6928 3.7402 1.6511 -0.62846 7.4049 -9.7902 
-2.1321 -8.754 0.20615 0.69253 0.0691 -5.8688 7.0151 -8.115 -9.804 -2.588 
-7.2811 5.6691 -0.71313 -0.25689 6.3523 -9.0226 0.38469 -0.13079 1.7017 2.258 
-6.0851 -6.6426 -9.4224 5.9996 6.8763 -1.7608 -9.2364 -6.7556 0.19799 8.0153 
4.406 6.657 -1.501 3.5437 2.1101 -3.0317 7.9943 -0.32614 1.494 0.84798 
3.3927 -7.4108 -4.7649 3.9525 7.7612 -9.9375 1.0872 7.8822 6.4583 -9.821 
-8.803 -0.15904 -2.6504 -2.8833 -7.7555 -6.8573 -9.5818 -9.6024 7.0172 -9.8792 
-2.3145 6.7874 -6.612 1.1115 7.2235 5.2149 8.6536 -6.8775 2.8428 5.5986 
-0.17528 1.5714 4.6583 0.62027 -5.9523 -4.4832 3.7556 5.1008 -6.6036 -0.027105 
5.4832 -4.4874 -3.7024 -2.3159 -1.249 3.8929 2.1811 1.3892 -7.694 7.8388 
-7.0438 -2.7531 3.1284 5.025 9.7932 -6.3423 -5.7173 1.3061 2.2476 2.9871 
-0.28932 0.68683 3.256 3.5967 3.2487 -1.622 -8.5328 7.4529 -6.8025 -5.9015 
-8.5633 8.7641 0.51804 1.8219 -6.2187 7.8157 8.7246 6.9161 -7.4718 -7.7643 
5.7489 -4.3338 1.415 -8.5655 9.6029 -3.0572 5.3273 3.9076 9.9958 6.2172 
-2.1254 2.7962 5.5086 -6.9955 1.009 9.7526 -6.6703 -3.8747 7.0015 2.1057 
-5.2768 -9.2452 8.7499 -3.5723 -1.0778 -0.49069 -6.5789 -7.9008 5.4581 4.426 
-8.3886 5.144 9.2627 7.4631 3.6835 -0.66706 -1.066 6.3014 4.199 8.902 
-8.4199 -6.2519 -9.7232 5.7971 0.29633 6.772 -2.628 -8.5024 -4.2182 -6.7371 
8.5486 0.19258 -9.2543 3.4683 5.1705 4.4464 -3.5153 -4.1459 -4.5468 6.2794 
-5.9057 1.8407 9.0921 -1.996 4.3874 8.5354 7.2567 6.1406 -3.7354 2.9639 
9.1316 -5.2187 -2.5306 9.0751 2.936 0.71689 0.79141 -2.9783 7.3373 0.59159 
-3.2052 -0.28368 1.685 7.0482 -8.2394 5.409 -8.5205 -4.994 -5.821 -4.564 
9.1993 8.4124 1.5186 -2.2196 1.7614 5.4937 -0.064872 0.40056 2.05 2.1794 
-3.1371 -2.7493 -1.7506 3.6097 -4.296 5.125 -3.6685 0.80375 4.7399 -7.8427 
-8.7315 -8.7292 0.59622 -0.65444 -4.2088 2.2943 -5.8629 3.8693 -3.5702 3.0231 
2.2495 2.1303 -2.5867 -6.9832 -0.82128 6.7177 3.6228 -1.4192 -1.1988 -1.2369 
1.1123 -6.5179 6.7808 -5.1919 -8.975 -4.4725 3.0005 -7.1305 -6.3408 4.9462 
8.129 2.6253 1.5599 -5.6357 -8.6973 -0.64543 -9.8717 8.4582 -4.6524 -1.88 
-5.9755 -2.8636 -7.6187 1.6403 9.5175 -3.1539 7.6418 -9.9288 9.0479 0.24064 
5.7539 3.8214 4.3599 -3.536 7.638 0.20936 -6.5674 6.0939 6.3266 9.5312 
-3.0456 -8.8994 -8.2499 -9.47 6.8127 8.0865 9.1223 0.1793 -0.085719 5.515 
9.443 -3.4624 -4.6427 2.0617 8.0746 0.89479 -8.611 -8.0804 -6.2339 -8.5819 
6.721 2.2563 -8.0036 0.92663 -2.5296 -2.3015 2.6465 2.968 2.6795 2.0788 
4.2361 9.6565 -2.0534 2.1122 4.3861 9.4683 1.5447 3.0104 7.9639 2.8105 
-5.702 -0.90677 3.0079 -0.26119 9.6675 -9.8716 -9.9162 -3.0479 -5.8636 2.936 
-9.691 -4.9334 8.8733 9.9358 -9.8264 -5.1579 -0.82683 0.3943 9.9515 -7.0062 
-5.7991 -9.2556 -5.0036 -3.7983 -0.95402 -6.7879 3.9766 -4.6892 2.1845 -6.2935 
0.72937 1.2954 -3.7911 -4.5699 -4.1185 0.34698 -7.4025 9.3645 7.9032 -5.8048 
-7.8308 -9.0858 2.261 -5.8969 2.2647 5.8175 1.0283 -7.9841 1.6029 2.8536 
7.0752 8.7557 4.0437 7.2116 -1.1287 -3.3191 -9.7786 -7.555 6.6838 8.8265 
8.217 -0.9216 -4.2472 -7.4323 7.619 -4.2736 2.4812 3.7758 -5.485 -0.70491 
-3.3255 7.3932 -6.2581 6.3519 -2.4744 -5.1412 -7.9161 -3.0611 -6.5327 0.94106 
-0.61714 8.5408 0.56995 7.1916 4.3217 9.1869 5.0723 -9.6942 6.8915 -3.2869 
-9.9421 3.6304 -4.4315 -0.052118 -0.53815 7.9587 8.3882 -5.3264 -3.0167 2.0962 
-3.7818 -2.8551 -1.0229 7.4482 -4.5413 9.2468 2.7923 2.8504 -2.1911 -2.962 
-0.29556 6.0329 -9.2123 4.2116 3.6675 5.0319 -7.0387 4.7714 1.0106 -9.3369 
-4.7567 1.5252 8.7521 2.5931 -3.444 -0.6874 5.5512 -8.675 -5.5261 7.5594 
3.6622 3.6053 -7.6382 2.63 7.3721 -9.9887 7.4565 -3.1208 -7.3323 3.2095 
8.2237 1.6485 0.47985 8.4333 4.6868 -3.7127 -7.1412 7.7176 -8.6845 -5.388 
1.41 8.1812 5.653 9.6692 1.7803 -6.987 -1.213 0.37635 -8.6667 5.2472 
-4.6944 7.9673 -3.4893 3.3905 3.6869 9.6867 1.3108 -3.5308 3.2801 3.0081 
8.5694 -0.8733 2.3775 -7.0538 7.2289 7.7602 -3.138 0.36318 0.7388 4.498 
-8.7151 -6.3566 -8.4888 -9.3318 -8.9872 7.0279 4.578 -6.3581 5.939 1.5632 
2.526 -3.4431 -9.2174 -5.7161 -9.06 6.9408 4.8282 3.4263 4.1284 3.2115 
8.9656 -9.5242 -8.5113 -3.3057 8.0314 -4.0596 -0.71948 -8.9764 -2.1902 2.327 
0.32787 -9.8566 7.0096 1.1673 -8.5632 8.1915 -6.0487 -4.2776 2.4673 5.1413 
9.1341 6.0706 6.2019 -2.0394 -2.5179 -4.0151 2.1193 6.3327 4.8588 -0.99028 
-4.5596 -5.149 -3.6453 -9.0268 -7.7315 5.0037 1.406 1.0877 -1.5261 -4.8215 
0.5398 5.8514 4.4554 0.014717 3.8504 1.4863 1.6853 -2.6721 -7.9546 -6.0799 
8.2238 5.98 6.964 -1.1088 8.5108 3.587 -9.3522 -6.0136 8.3397 9.9292 
-5.7063 -5.8994 -8.7675 -3.8399 -4.3664 -5.577 -6.367 3.8725 -0.12739 0.48012 
6.5357 -0.16584 3.2689 7.1933 1.4564 -2.2468 1.314 -3.9764 6.2342 -4.0221 
-7.2334 7.0009 6.4589 0.7937 -2.1278 7.7813 -7.0088 -1.8075 -9.7595 2.9696 
-1.245 2.5136 -7.9128 -2.9134 -0.90283 -8.5976 4.8336 -5.7818 5.8072 -8.5738 
7.5057 -5.7044 -8.1254 -8.2842 7.7275 -3.6955 0.067418 -4.3667 -7.4183 8.3125 
4.0862 9.4555 1.9515 -1.8674 7.4603 -8.3538 -7.2809 6.7088 -0.36109 -1.3732 
-0.059556 0.7377 2.8873 -0.713 8.5567 0.47557 -5.8885 6.5203 9.5323 -2.1365 
2.1919 6.6928 -8.5785 -5.5527 -2.8755 -1.8525 8.5261 -1.2036 3.1658 -6.6653 
-8.4434 6.3111 9.1342 -8.6095 7.1402 -4.8289 -9.0575 -7.5269 5.4042 7.486 
-5.1713 1.0966 -7.7314 4.4601 -8.8618 -9.8328 -2.5933 9.1583 3.7722 -7.613 
-9.4843 -1.4294 -9.9138 -5.7323 -8.527 -0.71994 -9.4421 9.3907 -6.2614 0.33313 
6.9295 -4.1539 2.6155 -4.0597 7.4064 -7.0768 0.96172 -4.542 -4.7037 -4.0262 
-9.7027 6.0531 7.0377 1.5201 7.3187 -5.5096 7.8277 3.4712 -9.3807 -6.8165 
1.0083 9.7753 -1.0774 5.2294 2.8565 -9.2828 8.3156 -4.5678 7.1322 5.2845 
-7.6066 0.16772 7.4838 6.4252 2.9116 8.8508 -7.0867 0.93451 4.6286 -0.19443 
1.759 -6.184 6.3837 -0.28001 -2.9726 -3.3216 2.5979 -7.1789 -5.9833 5.7311 
2.4442 0.82322 -6.452 -0.60164 -8.666 7.2141 7.7893 3.9051 -2.7493 3.8811 
4.9404 -5.0261 -7.7231 0.010179 -3.5504 -9.9937 -3.7578 8.9047 6.0302 -7.2679 
-3.8014 -2.1691 -0.93193 5.1586 9.2001 -4.7306 -1.8857 3.0021 8.9569 5.0498 
8.3301 -5.8681 8.6523 -4.1321 6.3031 -9.2804 -7.6136 -6.1175 -3.5776 -0.53303 
5.6453 5.7155 2.972 6.2816 -0.48241 5.7597 -8.7033 -3.4863 7.2978 2.0825 
-7.9791 -0.53655 -9.3915 4.058 9.4752 0.81132 4.5494 -3.1532 4.3908 -1.7608 
-4.3779 -0.54028 9.8943 -9.8962 -5.5653 -2.6308 3.5017 6.2027 -3.646 1.372 
8.1501 4.3638 1.4301 -6.846 -5.9049 -9.0712 -0.52274 6.7832 -6.0419 0.21239 
-7.7783 -7.4399 6.3058 3.1807 -7.2155 0.19566 9.6306 7.7617 0.77654 2.6788 
5.7964 9.0161 -3.6837 7.1631 1.8746 8.02 -4.7135 -2.9942 -4.7019 -8.45 
-7.9544 4.6968 -7.7463 -2.1301 -4.4187 1.4629 2.19 9.4934 4.8258 -4.052 
5.3589 2.3728 -8.8277 3.8401 1.194 -9.9338 -5.2418 5.3838 5.8328 -8.4097 
3.2411 1.2326 7.5778 9.6216 2.5585 -9.2268 1.1605 -0.99553 3.9053 0.29489 
5.462 -5.4447 -8.4692 8.3712 0.44331 -4.0902 -4.0076 7.2951 9.6871 -7.0626 
8.6396 7.7014 0.10118 0.30817 7.3402 8.1548 -7.4984 -8.9376 -3.7974 8.5626 
-6.4623 0.28064 -6.5789 2.6737 1.0348 -6.2599 -2.7493 -8.39 7.1215 -3.9677 
-9.5916 -1.6272 -8.18 -2.3966 9.7156 -2.2421 1.6887 4.2614 -4.3148 7.51 
6.6728 5.5061 -8.3461 -8.1845 5.2604 -0.70661 1.9135 8.9107 4.9134 1.4711 
-0.53613 3.9443 -4.9103 -5.3694 4.5188 3.8858 -5.3844 0.085605 3.7178 6.1255 
-7.8271 9.8055 1.8194 -8.3181 8.4554 -5.0603 8.1899 -8.1687 -6.8602 7.1241 
-8.2189 1.8582 -4.4329 9.7568 7.4672 6.7114 2.9619 -8.4781 2.968 -3.6409 
-7.6974 -6.8733 -5.3369 -0.76228 -5.6594 -1.9853 -8.9374 -5.8933 7.734 7.1256 
-6.6405 -7.3842 -5.8852 5.3182 3.3855 1.5601 9.2935 9.4406 8.2106 5.6304 
9.4502 -6.5929 -3.6636 4.9458 -8.6087 -6.9189 9.1684 2.3405 -2.3863 4.12 
-4.2799 -8.6796 8.8168 -0.59936 -8.1567 -1.5661 6.873 -9.9881 -2.8213 -0.63688 
1.9805 -2.4944 -2.6563 -1.0352 8.6993 1.4123 -7.8598 5.463 -1.2079 9.1436 
7.0442 4.5272 -9.2764 6.0757 2.2931 0.11569 1.5309 -8.5723 3.4073 -3.0077 
-5.1043 -2.2179 -4.1502 1.9902 4.076 6.9673 5.2743 5.1745 0.98963 9.9103 
4.5434 -9.2797 6.9895 -1.4623 9.2466 5.436 4.919 -1.3492 9.152 -0.036081 
-1.9842 -9.8869 -0.53002 -3.7562 6.2234 8.287 -3.1977 8.2956 -8.0949 1.3906 
-3.788 3.1232 0.25447 -3.8063 3.6423 0.28596 -1.4251 1.5286 -5.3402 -6.2757 
3.076 5.0532 -5.7134 4.3792 -2.9992 -0.036713 -4.2331 -3.195 -5.3555 -5.1592 
-2.1635 -8.6477 8.4748 3.7448 5.7414 -2.715 0.01201 1.8276 7.6015 -6.629 
-7.6133 -3.2146 -6.6898 1.066 0.88577 3.5005 3.8772 9.6534 4.4691 -4.6473 
9.5708 -0.052162 -4.2781 7.5822 -5.234 -4.3005 -7.2958 -8.5045 3.306 -2.7703 
0.36504 -3.7635 -9.9198 -8.7072 -8.7821 -2.6062 2.6482 -0.21473 -3.178 1.1423 
0.15537 3.4404 -1.2751 7.8261 3.8131 -0.13241 3.5258 -6.8367 -1.014 6.1678 
-3.4996 6.1678 -2.3104 2.5069 8.4869 2.5736 -2.7147 5.2393 -4.8182 -3.7605 
-6.0546 3.5381 9.8408 -8.7913 -7.0438 -0.2547 2.3563 8.7162 8.7429 -2.5428 
7.2579 8.6145 -4.7412 9.6337 4.5398 0.18065 0.095943 -8.5251 7.6123 5.4717 
-4.6426 2.7784 -5.8887 7.9023 -0.79757 4.2599 3.6628 -9.9975 -4.6343 7.929 
0.77362 1.4582 -8.1046 -3.9387 -4.6232 0.27542 -1.4384 7.7595 -2.5918 -7.6452 
1.0293 9.8135 -7.2212 0.86394 5.5939 8.4698 0.55042 -2.7689 -7.2573 -7.9421 
9.2651 -8.909 8.5892 -3.0377 1.0278 -7.218 -2.3929 5.2388 6.032 -0.083301 
-4.6085 -8.2988 6.1876 -2.6968 3.5625 7.9706 -8.9702 1.4323 -1.0091 -7.7457 
-4.6856 9.225 7.4181 0.26238 4.6527 8.0393 9.8858 -3.1178 -1.3695 2.8375 
-3.8002 -1.8914 7.2395 6.0336 -3.2633 2.4963 2.4868 1.1645 -8.1836 -2.2541 
1.146 3.7056 -5.5138 -0.46735 -7.3744 7.8891 -3.0579 -6.1601 4.0967 -1.2471 
-2.4362 -1.8792 3.7475 9.8107 -8.3187 4.2798 5.9214 9.8512 8.9383 -9.4824 
-5.0847 9.8998 -4.0038 -2.5376 5.7231 9.4214 -0.031623 -6.0145 2.7286 -4.4558 
3.5236 6.7578 5.381 6.9413 0.3678 -2.3978 -3.6041 -5.4078 -9.8231 3.9006 
-4.7741 -5.0802 6.5906 -9.3193 5.7374 5.9025 6.9144 -3.5151 1.8614 5.8057 
9.2297 -1.6705 5.8525 5.5325 8.3104 -2.8202 5.1819 -8.1865 -7.5707 -1.9582 
-0.048465 -2.6005 2.2049 -3.3499 6.1195 6.1965 3.615 -7.3829 -2.6391 -8.8819 
-1.4446 5.836 -7.1325 -4.7946 -7.6644 5.7558 -2.1288 -1.8313 -3.4677 -3.7657 
1.3558 -9.3578 8.431 2.9874 9.2573 -9.4956 1.5861 2.0824 -9.5803 -4.8388 
2.2608 5.9295 -1.5371 9.325 -9.6636 -5.4434 7.4046 4.087 0.23373 -2.1017 
6.1399 -9.3189 -7.427 1.6835 -8.2007 9.3958 -3.8224 -1.8527 -7.1532 -6.5391 
7.6157 -9.6307 -8.5323 7.3366 8.0787 3.2774 2.0119 -2.0621 -4.7627 -3.4642 
-6.8004 -1.051 1.3998 0.43801 2.8346 -5.4322 7.6819 4.472 7.6102 -7.4685 
-8.2165 6.7503 -7.2385 -1.756 -3.6348 -7.4479 9.0871 -7.431 -9.2504 9.0861 
-3.7373 5.92 -7.5862 0.79956 3.0591 4.6761 7.8682 -6.1884 -8.6969 3.3846 
2.1471 8.7374 -2.3985 -4.2632 2.6688 3.0218 -4.1756 1.7932 -3.3496 -5.2122 
-2.4252 -5.9738 9.9046 3.6037 -6.5775 -3.1907 0.5356 -7.7052 -9.3681 8.6321 
8.5109 7.2536 -2.9838 -1.8608 4.3316 -5.9843 -4.6968 8.7401 2.9329 7.2304 
-8.8597 -4.8839 8.1505 -7.3054 3.6501 0.82071 6.8068 -3.8095 -0.034019 -6.1589 
9.8803 -8.8064 -0.60829 1.6387 -6.3977 1.001 1.9814 7.2571 3.7596 -6.3177 
3.3392 9.3736 -4.7125 -7.5249 -8.0599 -3.5664 6.9941 -8.1264 -3.2206 2.2842 
2.343 -8.6899 -4.9142 8.8385 -6.2845 -8.8768 -2.3043 7.9948 6.046 -9.9774 
-7.0423 -5.4092 -6.8082 -3.5401 7.6551 2.705 2.8418 -7.9811 -2.0013 9.8502 
-9.4201 -9.3384 1.2011 4.4202 -4.6256 3.8289 -1.2885 2.0208 0.63419 -1.588 
1.4494 -7.4436 -6.1242 6.6072 8.6496 -6.6249 -7.175 3.9697 1.1442 -8.1745 
-9.4004 3.6007 -8.0306 -8.7481 -4.0409 0.69351 1.2824 9.885 -0.10447 -8.7115 
4.2307 -9.4341 -3.9947 -5.2558 5.8103 9.5721 4.4911 -6.2421 0.76319 -5.1414 
-5.7192 7.0381 -5.3738 2.1355 -5.4353 -3.6105 -5.4078 0.81889 -2.0494 -3.2198 
-4.8963 -4.3556 2.1177 6.5881 6.5632 -8.0644 -9.1142 -3.7297 3.6489 -8.9163 
9.1719 -1.5602 -0.43574 3.7634 9.4511 -5.1683 -4.9885 -8.0673 2.274 -7.7881 
-6.3622 3.0663 8.5791 -9.0507 -5.2934 -1.5927 -9.0822 -2.0979 3.7741 -1.5696 
5.9691 8.4319 -1.3625 3.6828 9.097 -4.9928 3.4957 2.8911 6.8033 -5.886 
-9.1991 -4.153 2.2252 7.9617 -6.327 -5.2874 7.254 -1.8376 -1.0726 -3.8042 
-3.8168 9.336 -8.4767 -8.844 4.7879 5.954 -9.2952 -3.2953 9.9833 4.683 
9.3418 5.5883 -9.4974 -8.0504 -5.8375 6.5583 5.8368 -4.6141 -8.061 1.1839 
-4.6602 -8.2737 -7.3274 -2.0403 3.3143 1.9757 9.3593 -3.9491 -1.1748 -0.82105 
-7.5625 -6.4222 -7.041 7.8861 0.4216 -6.9817 7.0732 6.255 7.5354 7.5239 
2.1476 -6.1939 -0.47778 3.4121 5.9503 0.19114 9.3065 9.093 -2.3723 -0.49521 
2.907 -8.0164 -1.7828 6.4887 -1.9607 -6.4182 -4.6973 -2.1248 8.0527 -9.8297 
7.4885 8.198 5.5867 7.3708 9.2051 0.15071 -4.3454 -6.5151 3.8847 -7.7462 
7.9466 -9.0315 1.7857 2.608 -1.016 4.7628 1.554 7.4065 -8.5619 -9.6087 
-8.9364 8.2005 -5.6146 1.4494 3.9364 -3.5569 3.7457 1.7908 -5.6698 3.8572 
5.1903 -7.5592 7.7663 -0.83988 -8.9027 6.6205 0.40742 -2.7299 3.1794 -1.8575 
7.1781 -2.9267 8.3451 -1.1517 0.17144 3.063 -3.1617 -3.4985 7.6909 3.0542 
-0.36554 -5.3646 2.8939 -8.2879 2.6898 3.5558 -4.2757 -2.8892 -5.8261 -6.1207 
-8.4981 1.2145 -2.2266 -9.4163 -4.0516 9.5929 5.6829 -1.153 -4.5858 3.3473 
-8.1856 1.4662 8.858 6.144 -0.063865 -9.2746 9.5571 1.7592 7.2485 -8.9601 
-5.9957 -3.9446 2.239 3.4902 7.2568 -3.4062 -2.889 -5.0369 -5.4445 -6.762 
5.5657 5.469 6.9387 -4.4249 -1.8102 -7.2668 -7.2649 2.906 6.2604 -2.3256 
-1.8544 -9.7227 -6.4416 -6.1417 -0.35631 -3.1337 4.3803 -1.5618 7.2172 -8.1107 
6.5408 -4.6568 8.2528 -2.1234 5.9788 -9.1953 -5.3991 2.3559 1.7023 4.4477 
-7.0406 8.6416 -6.7488 2.6478 -8.9795 -4.9469 -9.1636 -0.85524 3.2648 -4.7921 
4.6583 6.7661 -7.3747 -5.477 0.29896 1.7134 5.9957 4.4338 6.7815 6.5981 
-7.0022 -9.5423 -4.4714 -9.2032 2.376 2.2872 6.4994 -0.31271 -6.9266 7.0769 
6.7686 9.3121 -3.073 -8.2176 2.5246 8.7527 -0.745 9.2912 0.75025 -3.8709 
0.90734 -2.0417 -8.2314 -3.5317 0.6729 1.5525 1.0552 -7.486 4.4392 2.0327 
9.2234 0.30458 -6.1591 2.1395 7.9224 -4.2399 -4.2718 9.1549 -4.6796 -9.6255 
-8.4901 4.6331 -3.4763 -1.4383 -2.4002 -9.9848 0.87883 -6.7774 4.2165 -0.52635 
8.6767 1.0646 5.4282 7.9722 -2.6488 4.7861 7.4906 -8.2094 0.73984 8.8481 
-2.8115 9.6648 8.1483 0.49442 -7.7177 -7.1811 -0.76406 3.2159 2.0785 -5.4582 
-8.6614 0.68707 -2.9671 6.6096 8.9696 7.2777 7.2051 8.2976 7.2434 -2.0043 
9.3187 2.8262 -2.2336 0.35018 8.4377 -8.1177 -8.8207 3.0759 9.9754 -3.7971 
2.9891 -3.2675 -6.8246 -2.0741 -0.96744 1.2373 3.9291 9.0683 -8.9986 -6.8654 
-1.5877 9.6467 6.9387 -5.8722 -5.154 -9.3394 1.8054 -1.1967 5.0905 3.7377 
1.9288 7.7206 -5.7382 4.4293 0.13641 4.4005 6.638 -4.7516 1.2218 2.9849 
-3.0582 -7.8658 -9.99 -2.6939 7.5808 -3.9723 5.8078 7.8965 9.9736 8.8688 
-5.6475 2.4064 9.2309 1.0892 -1.7023 9.3826 -5.3681 6.2362 -1.7126 -8.0459 
-9.2432 7.4225 9.5227 2.7881 4.3108 6.8599 3.1765 9.4121 3.3566 -2.6885 
-6.9315 1.7766 5.8562 5.0747 -1.2787 -8.3755 3.8936 9.0 -5.0402 9.7929 
-2.5324 5.3118 -6.3041 -0.97851 2.9483 1.6929 -8.0356 -2.1322 -6.0944 3.0604 
7.5363 4.9558 -7.0193 -9.5845 -2.8448 -2.4731 -5.8799 9.8515 -5.6055 -6.0889 
-1.177 -7.475 -4.8287 -6.0689 -7.2966 -5.8065 -2.0613 -2.4557 7.8874 3.0068 
2.7554 2.7348 2.3238 -4.8083 0.34785 -0.67205 7.7603 -8.2745 -9.5681 -7.5524 
-2.2439 8.0713 8.8873 0.32639 -2.2937 -4.1553 5.3568 -4.548 -2.1218 5.8747 
6.7439 -3.3249 -0.92657 -5.0269 4.2263 1.7985 4.0189 9.981 6.7882 -5.8655 
5.3263 -0.18224 -4.36 2.7429 6.8054 -0.32027 -1.8825 0.4637 1.1244 -9.7904 
-7.4883 -5.4923 -9.7643 3.8666 0.25946 8.0207 -8.4714 -4.3491 8.643 -8.0712 
-8.1468 5.2802 -7.9324 5.2127 -7.0254 -4.7471 -6.2978 -1.3155 0.48881 -8.7742 
3.2064 -1.9042 7.3639 -4.7789 -9.0563 3.7189 1.9934 -4.0205 -2.3554 0.70725 
-2.4466 9.2022 -7.0769 -6.0929 7.5231 9.0249 1.2319 3.6299 7.3415 -2.051 
-7.8442 2.2479 4.023 6.8033 2.5761 -3.8291 -4.6282 0.82951 9.7585 0.27671 
2.4762 -2.9283 2.9366 -5.7447 2.9783 -3.7601 -5.3353 -4.6761 4.597 -1.7297 
2.432 -5.8307 -5.8379 4.4082 3.3421 3.4933 3.9373 6.6099 -8.3392 -2.6874 
8.2325 -8.4657 -2.3284 1.9543 -8.6184 8.8564 2.4578 -6.7618 2.8209 6.8868 
2.1226 1.7058 5.876 -6.9961 -1.2051 -7.6434 -8.343 6.1106 -0.98822 9.824 
-0.29309 -4.7248 5.4586 1.4601 -2.9645 7.5951 4.4634 -6.5816 -9.2843 -6.4747 
1.5348 1.6743 5.6342 -1.9664 -4.812 4.0901 2.1711 -5.6753 6.0281 -7.5933 
9.642 -9.2619 0.19637 -3.2114 -9.072 8.6124 1.4803 -5.6005 5.334 7.6103 
0.37137 7.9303 -4.861 0.98702 7.5918 -1.728 5.4805 3.9246 -8.7617 7.6572 
-3.026 -6.4946 1.9966 7.1179 -3.1993 -7.6135 -3.2289 -0.15795 2.3496 -1.7436 
9.6575 4.4188 1.2912 -0.92501 -5.8817 -6.9503 -9.912 -7.6823 2.0319 -6.4106 
9.8402 -7.628 -2.9108 -2.9077 -8.3434 0.31093 7.9003 4.6473 4.8785 3.3694 
7.9231 -0.46419 -6.7788 -1.7113 -1.1762 3.6536 8.243 -7.058 4.7525 3.2311 
4.8316 4.8539 0.46687 -3.5659 -1.8595 -2.7257 -1.6702 8.3489 7.4771 2.7099 
3.2947 0.67102 -6.9032 8.1607 9.7887 7.2505 6.1417 5.7623 -1.2639 -4.1504 
4.6673 2.7021 8.101 8.9965 -7.0804 -2.9596 -0.38876 -7.3345 -5.7652 3.9913 
-1.2817 9.1481 4.0102 4.1025 6.8046 -7.0502 -8.8003 1.6691 -3.4993 -7.972 
-2.0074 -5.1393 8.6781 -8.1458 -3.5686 8.4022 -2.9001 9.6673 -2.0921 -2.0183 
-5.6422 2.5768 0.52475 6.1825 0.18431 9.4358 -5.3921 -9.8932 4.7643 -4.2285 
7.6326 4.923 -4.5052 -4.5818 -3.7044 -6.8469 -8.8517 -7.27 6.9131 -3.3186 
8.8414 7.0506 -5.3882 3.7364 -9.8421 9.7574 3.5822 -6.651 -7.5495 0.22979 
8.9791 3.4171 -3.7683 8.2672 4.6071 -7.9175 3.3369 -3.3608 3.9929 -2.5348 
-7.8711 9.3755 -2.6867 -8.1255 -7.3935 3.0695 -9.81 -2.1553 2.2438 -3.2921 
-8.8405 -9.9427 9.8909 -4.0607 -7.5295 0.6469 -3.1526 -5.4336 4.9678 -9.7605 
-6.7255 -8.4007 -6.9405 5.4023 8.539 -9.8109 8.9075 -8.6162 -3.6457 -0.98561 
0.54948 1.3541 6.6479 0.37946 0.29587 7.6116 -5.2071 -6.4755 2.2728 7.9349 
-8.605 -3.2519 -4.525 2.3421 -6.9512 -7.4474 -7.9668 -9.4584 1.3213 -5.8491 
-9.7971 2.14 8.2539 -7.6164 7.7717 -3.3448 -0.15939 7.748 4.5358 5.6259 
-8.1664 -7.5113 -0.56594 1.2109 -2.0444 -3.7941 -9.2235 -9.2727 -7.1911 3.1311 
2.1487 1.6323 9.7223 9.1295 -4.28 -7.3496 -6.5701 -5.6307 2.9028 8.7439 
-8.8783 7.3601 -8.2544 4.5485 -2.5046 8.4607 5.5084 -1.8677 6.048 6.6035 
3.162 -7.386 2.0741 8.4665 -3.8541 -3.5959 8.1084 1.9189 -9.6077 -4.6504 
1.5164 -2.7259 -9.2334 -8.9337 5.7237 5.3582 8.8006 -0.94485 2.9532 -8.4886 
-8.5233 -8.2189 -4.1229 4.5066 4.7709 -8.7375 3.0158 -7.0941 8.2081 6.0863 
-5.1686 -6.3453 -0.29355 -8.3556 -0.80977 -7.5875 3.009 3.9377 9.318 3.4236 
-2.9761 2.254 -6.6268 4.4748 6.038 -6.3367 5.8653 -4.626 -7.1031 -2.8172 
-7.4652 8.532 2.1786 -9.0797 0.33537 8.9426 3.7499 -4.9975 3.3375 -1.9088 
4.7882 4.7642 0.092976 1.7093 -8.7612 -6.1206 4.0988 -6.2137 -7.7772 9.3436 
-1.0864 -9.8951 5.713 -3.9763 7.5735 1.9162 -0.6945 5.4594 -3.1816 4.2456 
-9.6478 -0.93067 -7.1815 -1.7077 -4.7708 6.7051 3.4792 4.2638 -9.1275 -8.555 
3.6342 1.0585 -3.1151 9.1721 -5.1153 1.7582 -9.3677 -3.0119 8.3956 -3.8917 
7.6167 -2.787 -7.0935 -6.0306 -9.9719 -2.5056 6.4116 4.7839 0.94039 7.2642 
-7.2036 -9.4986 -0.23157 -0.12019 3.9438 8.5512 -0.48436 -8.3268 4.4782 -2.31 
6.2171 3.4423 -0.60299 -8.2112 -1.7084 7.328 0.60987 -0.99886 -1.4821 1.7516 
-4.9428 3.5473 6.8109 6.8162 6.3894 5.8399 1.1024 -3.9841 -4.7971 8.6659 
-9.5123 -2.4305 0.65202 2.889 -7.0182 -0.78541 -3.6621 -1.6924 -8.6831 -8.1407 
0.61447 -1.3112 6.3467 -9.8485 -8.7256 8.9275 2.1104 -8.1809 -6.2668 6.5722 
8.6971 0.65898 5.0906 9.1619 1.337 -0.0015293 0.71723 6.0644 6.6319 -7.6759 
5.3866 -8.9614 -9.2194 -5.5203 -2.9915 -9.602 2.6344 -2.8841 -5.0077 9.2126 
-1.905 -5.3717 -7.9126 -5.4044 4.9367 -3.9766 -4.7688 5.0507 -8.0853 -1.3752 
4.3562 -1.4786 -4.1979 5.5616 8.1078 8.5653 9.8198 5.2855 3.8949 5.0363 
-0.37355 -7.1443 0.89405 9.8459 -8.297 -5.2348 -7.5269 -4.8922 -1.0188 -3.4712 
-1.1765 9.7625 -7.5694 0.93694 -0.81807 -4.8211 -7.6351 6.1013 1.6138 -3.1805 
8.8472 6.9618 2.1133 -7.9486 5.0068 2.0308 -0.46105 -1.8767 -2.3641 -2.9593 
1.5756 8.5614 3.2014 -8.8768 -7.3223 -3.2762 8.7299 -6.7396 4.776 1.1295 
5.6722 7.4494 -2.7881 -5.4708 -8.179 -0.51869 -7.3317 -6.8044 -1.0299 -9.9223 
4.2961 -2.1079 -4.669 -3.8091 6.1563 0.60729 -8.5662 -1.6616 4.9747 9.9201 
-7.1567 -2.4597 7.7784 6.2442 5.8808 -7.118 9.2931 2.3818 4.104 -7.942 
3.8584 -9.4852 -2.4976 7.118 1.6858 5.4412 9.16 -0.58967 -4.6162 -3.3012 
-2.127 5.4949 3.4874 -7.1139 5.305 3.7777 -6.483 1.2516 1.0802 7.8205 
-7.4446 -2.9561 -3.5237 -5.7393 0.61393 7.4931 -9.9081 -1.2482 5.3655 6.8841 
2.8181 -6.0387 6.1844 -9.4663 3.7681 6.4024 -3.7829 -7.5643 -7.5224 9.6566 
-0.04983 3.7875 -8.2165 -3.2617 0.65603 -1.3848 -6.6663 -6.5241 -9.6123 3.4272 
-8.7205 -5.7591 -3.1851 3.5265 -8.4973 -7.2478 -1.0946 3.1683 -0.27668 5.2212 
0.47074 -7.7702 0.016312 9.1062 4.826 2.5667 -9.0273 5.942 -9.9455 9.6776 
-3.7092 8.8494 -7.3642 -8.9996 4.4605 7.9845 9.5874 0.77383 -0.29581 -2.9584 
7.0978 7.1033 9.3118 4.2332 5.3962 5.4507 0.41799 -6.4205 -2.7274 6.0177 
-9.8197 7.2556 -1.8284 -5.367 6.4149 7.9224 -0.10001 9.6659 1.9482 -2.3316 
-5.9483 -7.4825 9.4247 -6.7998 7.8181 9.4671 7.7296 -7.8667 -0.87661 -2.7668 
7.6121 -5.4102 2.7418 4.8756 -8.892 -5.3957 5.9254 7.6214 6.5386 8.8887 
-5.639 6.8878 -0.7876 9.4201 -9.4328 9.4575 -4.6085 -9.938 -2.2468 -3.5248 
-3.6462 6.1365 -4.9688 -2.595 -8.2954 -6.9758 8.9528 3.1618 1.148 2.5032 
-3.1207 -4.4705 -6.4408 3.1042 4.795 8.2817 3.4044 -0.21766 8.1259 -1.8871 
6.0015 -3.7752 1.7805 3.6313 6.4262 -3.9189 6.1226 -8.1404 8.1866 5.5627 
1.4217 -2.3879 -6.8096 -7.4665 -6.3803 7.7497 7.4124 -2.7221 0.93056 -4.3268 
6.2648 -1.6305 -1.9662 9.3506 6.6613 -8.2467 -7.7494 5.8378 -5.2025 -4.4865 
-8.2764 -8.6813 2.7635 -5.1507 -9.2369 6.5029 7.6761 -2.1732 -2.7096 5.1304 
-6.1573 8.943 4.0142 0.65514 -0.92778 -3.7266 5.5871 -0.89388 5.1097 -0.14137 
2.59 5.8051 -1.0416 6.6288 -2.5781 2.5798 3.0796 6.1621 9.58 -5.8141 
-8.7227 3.0429 -4.4954 3.6459 -1.4807 -0.6513 -6.8203 -6.5649 -0.70646 7.159 
4.8592 9.5056 -8.6588 0.34287 -8.1124 7.9754 8.7022 -1.4325 6.8477 -1.701 
2.0679 -7.3851 0.38275 -1.8046 -0.14899 7.1332 -5.0844 4.0628 -1.1992 -2.7161 
5.9689 0.31672 1.1188 -7.0979 -1.0093 -9.2369 2.6771 -5.8566 -8.1283 2.5899 
-6.7881 0.63644 6.1744 -5.0911 4.3496 5.4785 -4.7471 6.5397 -5.2208 1.2419 
4.7586 -7.3626 2.1669 3.9774 -1.5294 -0.54508 -0.0019249 8.4786 -2.4898 3.5627 
5.1408 2.8827 0.1454 -1.6333 3.7557 -6.7978 6.3081 6.3724 5.4694 1.4234 
7.6262 -1.8539 0.84183 -6.9536 0.58403 4.6656 8.3711 -8.1767 -8.3062 -0.097612 
-1.4152 3.8344 -0.9261 6.2677 -8.9793 -9.0384 -6.75 5.2702 7.2925 -4.1561 
-6.2503 3.9054 -4.5744 -8.0786 -0.66689 9.2834 -0.15531 -2.5332 -2.4874 5.1143 
-3.9394 -3.9648 6.5836 7.4656 9.2026 1.8714 9.946 0.38893 5.6626 3.3195 
-3.5849 6.6416 -0.54324 0.30934 3.4405 1.9094 2.471 9.0618 -5.7028 -1.8791 
-1.1599 5.4092 2.8713 -6.7258 6.9751 -8.6823 -1.2262 2.4235 2.9718 9.1837 
-2.7623 9.7374 1.9342 4.9168 6.2993 -1.9911 -3.2073 0.36477 4.6437 4.1863 
2.512 2.2435 -7.281 -1.3953 4.9427 5.7008 -4.4504 -0.2469 -1.4312 -3.4032 
8.7765 -2.6872 -5.0277 -6.8461 6.395 7.0816 -8.8516 1.1383 -5.085 5.5743 
-4.2619 -6.9852 -3.4234 -8.2998 3.7149 -3.0696 5.8697 8.2071 8.5662 9.8705 
-5.108 9.514 -8.9024 7.279 -8.4439 5.809 0.019577 -1.6281 -2.9125 0.25507 
8.4171 4.1253 4.4114 5.5427 -5.8778 7.8889 8.1206 8.3687 -7.7874 5.3026 
8.5243 5.3317 5.8285 -4.6597 5.6661 7.3329 4.5314 -6.3984 2.0456 -5.8404 
-3.8012 -6.4528 9.5648 -4.307 -2.7943 3.8085 3.8304 8.8158 1.1625 -1.8908 
-8.4705 -5.1896 -8.0163 2.1397 4.2265 -2.2703 -7.2374 -3.1033 -0.65246 8.4732 
5.6176 8.0898 3.9822 -9.0535 5.8376 -5.3397 -4.1352 4.426 -8.5669 6.5638 
-7.3851 4.676 -7.2837 6.711 -1.6846 5.2905 2.5494 7.3675 0.31784 -9.9745 
-0.77036 7.4935 -3.6878 9.3761 -9.9188 -4.9068 8.1393 -7.1281 -7.4688 -2.1401 
-1.1966 -4.6453 -1.7422 5.002 7.2196 -9.9797 -1.6733 -7.0244 -7.6287 6.1059 
2.1 7.0365 -9.4855 8.4847 9.648 -3.6172 -1.9149 -1.8129 0.37732 5.686 
-7.4596 6.5668 2.3807 -7.86 -0.95123 7.7495 6.6345 2.738 7.3915 -6.8995 
1.9809 7.591 0.017725 8.1835 6.5153 8.5344 -7.7567 -5.847 -3.8503 7.4886 
-7.3575 -8.925 -3.1043 6.3916 -1.5472 -0.7727 -2.7682 3.7295 -3.9968 -4.6956 
-7.6933 -4.9794 -9.8441 2.8722 -0.56049 2.1114 -2.0814 -5.5191 -4.771 -2.2267 
-1.1785 7.0754 3.7588 9.9767 -6.0768 -3.4828 0.66045 -4.2861 -8.1352 3.0359 
-4.578 9.0588 -2.9995 -5.7042 -4.4065 2.5152 9.9731 8.8951 -1.8573 9.1475 
8.8821 -7.3682 9.6415 9.8147 -5.3265 1.6712 1.6295 0.21098 1.7333 6.7644 
0.33286 -3.9824 6.331 -9.5494 -2.0233 -9.751 9.9668 8.1244 0.85875 -8.0163 
-1.0942 -8.9618 -1.2686 -2.0956 -9.182 -9.6398 1.581 5.002 1.0386 2.02 
-3.8282 0.92883 1.453 1.2605 -6.2939 1.4482 8.6472 -0.086959 -8.2448 -7.1006 
-0.60805 -1.2661 9.4266 1.2777 -6.857 -6.1055 -5.1697 -0.47629 -7.3838 -9.2315 
5.5889 -6.0646 8.7011 -0.61111 -8.4043 -1.4294 2.593 -8.457 9.8817 -3.6789 
-6.6237 -5.9073 0.76153 -1.1288 -4.4868 6.6085 -7.4389 9.4592 1.2752 3.6648 
-9.551 -8.197 8.3562 -5.9686 -8.4199 6.831 -5.0231 -2.386 -4.7405 -2.9883 
4.1746 -9.9096 5.224 -6.0765 4.3363 -0.49655 -4.8412 -4.5239 -6.6472 3.3406 
2.103 -6.2575 9.5737 7.0446 -6.6643 -4.3192 -6.8277 4.6421 1.5611 -4.994 
-1.7264 3.027 -1.6162 3.8228 1.7154 -0.63837 3.9893 7.897 -3.3281 7.8647 
8.2954 1.9145 -6.3056 -2.4229 6.9233 -9.213 8.2491 -4.0749 0.85838 8.9415 
-0.45638 8.8458 7.7461 -6.195 -5.1401 -9.617 -3.3054 6.4886 -3.6874 -2.554 
8.3244 2.8041 9.4724 -4.8875 -1.9254 -1.7886 -8.3266 8.7303 -2.6898 3.7112 
-0.061865 -1.0165 7.078 -4.0613 4.1707 6.1904 1.8648 -7.25 -3.0363 9.8257 
8.5511 -2.4635 -9.0374 7.9161 5.908 -4.3365 -7.8071 7.6692 -7.0029 -4.6044 
4.073 -9.8242 -5.9511 9.8192 -4.8207 -0.97984 0.28284 1.2545 8.2358 -7.5992 
3.8928 -5.6663 6.6104 -8.3201 2.5532 -4.3861 -8.594 4.2291 6.2611 3.7606 
-9.9081 -1.1362 -3.5327 -3.0592 1.9963 9.6166 6.4983 1.178 9.2053 0.63789 
0.80439 -3.2126 7.7652 -8.2302 7.4243 -3.9465 9.5993 -3.534 -1.3188 -5.3488 
-1.7406 -7.1972 -7.3589 2.6128 4.6375 6.3033 -2.6768 8.2271 -2.6368 -9.2323 
2.5626 -8.2318 9.077 -4.9632 -1.3265 -8.3688 0.57555 -2.1716 4.0698 5.0202 
0.87071 -9.9254 -5.3788 -1.4821 7.0505 7.9012 0.55228 -7.5312 4.945 6.8277 
-5.68 5.9533 -8.9204 0.18245 -1.8027 -4.9877 -5.4008 -0.12129 4.5858 2.8049 
1.0421 -4.1267 1.8755 -4.4307 6.2083 -4.9285 8.3683 -3.0631 -4.9003 0.99328 
7.255 4.227 8.113 0.76569 -7.6931 3.6963 -5.7078 -5.1639 -0.35774 -5.3053 
-9.9012 -1.1301 6.5766 6.0504 -3.4227 1.3798 -2.456 8.9765 1.7973 8.0016 
-7.4983 -4.0782 8.4923 -7.5546 3.0445 -5.7248 5.3211 9.697 -8.4707 -9.9593 
5.5014 -4.7588 -1.781 5.0094 5.5936 8.402 2.7137 -2.5575 1.7756 1.61 
-9.5923 -4.4952 1.2482 -0.40183 3.4715 -6.8726 6.0593 7.0632 2.1381 -3.9712 
-7.1473 -8.526 3.2346 9.9775 -4.1055 -3.0558 0.14003 9.5636 -1.4728 1.1166 
-3.5918 5.8438 -6.8358 -0.65974 -0.1145 6.7842 -8.6189 6.2697 0.74539 5.4153 
8.095 -3.9915 7.2509 0.82218 2.7757 -3.4317 -1.8815 -7.7261 -8.0526 9.6453 
2.2831 -8.9933 -1.8567 -8.2346 -1.0501 -0.43079 -3.8398 -5.2543 -9.7309 0.35135 
-9.682 -3.2782 6.0388 9.3979 2.4596 2.5275 7.8527 -2.8458 -8.4447 7.9219 
-3.7721 7.2473 -6.3362 2.4474 -4.3132 -2.5318 -2.0472 4.2403 -1.5602 6.814 
-6.1446 -6.9628 9.7544 -1.0046 -1.1473 4.9117 4.0087 0.10202 2.533 -3.5704 
-4.4906 -3.8091 7.199 8.2008 -2.2666 8.1259 -8.9653 9.8866 -7.6228 -9.7545 
-9.4658 0.61742 6.4767 8.1286 8.0544 9.6344 -8.3848 -3.7344 -7.2462 -2.5284 
6.6128 0.78646 -1.8879 -7.4703 7.7697 7.2821 -7.5765 4.55 -0.46343 -3.3502 
