-0.23777
-0.96674
0.8267
0.88741
-1.0595
-0.10255
-0.71557
1.074
0.86233
0.81112
0.76603
-0.6554
0.27437
-0.9324
-0.91293
-0.2271
-0.22921
-0.9841
0.50457
0.45273
0.50851
-0.67742
0.85628
0.77997
-0.73546
-0.92316
0.88876
0.98792
-0.99895
-0.17294
-0.8871
0.74018
0.82135
0.13916
-0.3032
0.74626
-0.057072
0.75414
0.94249
0.86552
0.49596
0.25913
-0.92704
0.83027
0.040685
-0.30434
-0.055669
-0.81928
0.42412
-0.94185
-1.0986
0.89806
-0.50059
0.63854
0.95167
0.51307
0.95869
-0.15372
-0.8578
0.022138
0.33422
0.39228
0.8345
0.86119
-0.51841
-0.88493
0.69011
-0.42234
-0.71527
0.82572
-0.081635
-0.20261
0.4782
-0.56644
0.61917
0.86975
-0.59928
-0.48357
1.0538
-0.41216
-0.54724
0.88192
0.78212
0.99207
0.35334
-0.1918
0.91754
1.0093
0.58192
-0.19198
0.092914
-0.15119
0.91872
-0.61508
-0.19695
0.027748
0.88649
-1.1031
-0.81828
0.82823
0.2253
-1.0014
0.037442
-1.0415
-0.17946
0.04524
-0.72822
1.0901
0.14252
-0.25284
0.75447
0.62635
-0.012373
-0.31312
0.76917
0.38304
0.12537
0.95676
-0.65478
1.0371
0.93652
0.69222
1.0073
0.97016
-0.40513
0.47465
0.87129
0.47903
0.96507
-1.0377
-0.89911
0.94754
-0.5749
0.24782
-0.28087
1.078
-0.93727
0.75373
0.84722
-0.68775
0.6898
0.20576
-0.66295
-0.16139
0.82904
-1.0232
0.79598
0.15498
-0.33711
0.022951
0.36049
1.045
0.84069
0.89968
0.92128
-0.18008
0.38905
-0.037554
-0.34504
0.77112
0.24681
-0.47651
-0.42718
0.71798
-1.1071
-0.81657
-0.39098
0.10923
-0.93214
0.8488
0.52467
-0.53809
0.78912
-0.0098138
-0.60776
-0.34715
0.91414
1.0588
-0.51632
-0.21863
-0.82178
0.91619
-0.99041
0.73606
-0.65685
0.161
-0.40908
0.57648
0.84057
-0.21842
0.91374
0.13805
-1.0289
-1.0733
-1.0137
-0.83656
0.89688
0.11711
-0.89212
-0.58645
-0.59712
0.52897
-0.85886
-1.0464
-0.97177
-0.13205
0.66685
-0.85363
-0.56448
-1.1438
0.7739
0.95149
0.99848
0.75206
0.67869
-0.26725
-0.7112
1.0118
-0.85351
-0.15072
-1.124
0.97714
-0.60011
0.25532
0.20069
-0.4341
-0.98977
0.94967
-0.088584
1.0518
1.1188
-0.18244
0.42979
-0.91937
-0.85374
-0.73545
-0.25029
-0.44307
1.164
-0.8659
0.81965
0.64462
-0.90703
0.47449
1.0214
-0.75485
-0.49849
0.82065
0.37146
-1.0049
-0.24399
-0.99535
0.36648
0.60602
0.39883
-0.077603
-0.49501
0.20644
-0.0222
0.65566
-0.28172
0.13477
-1.0603
-0.84775
0.77108
0.88366
-0.64125
1.01
-0.44869
1.0123
0.626
-0.48575
0.45396
-0.92333
-0.91741
-0.57222
0.8594
-0.35803
-0.88742
0.038146
-0.94563
1.0574
0.88345
-0.79699
-0.50661
-0.34159
0.27626
-0.58837
0.78293
0.14083
-0.65283
-0.63565
0.46547
0.21258
0.028399
0.98984
0.10657
0.36131
-1.055
0.56926
0.057941
-0.99655
-0.52585
-0.91271
0.68164
0.6728
0.2643
-0.19474
-0.81055
0.85123
-0.63637
-0.37628
0.72217
0.69644
0.91943
-0.62821
-0.85925
-0.15746
0.68385
0.63716
0.20057
-1.0913
1.0051
-0.88649
0.28012
-0.65722
-0.041153
0.8686
0.91138
1.0249
0.73338
0.77065
0.99946
-0.51006
-0.9902
-0.27013
-0.25225
-1.0473
0.31995
0.080946
-1.0341
-0.35432
-0.34452
0.67967
0.28583
0.83508
0.54206
-0.99301
0.23237
1.0411
0.073311
-0.43673
-0.034666
-0.4058
-0.93924
0.34365
-1.0264
0.36756
0.38951
0.79243
-0.51633
0.5596
-0.88339
-1.2396
-0.98392
0.6083
-0.11216
0.49108
-0.42781
-0.77548
0.82318
-1.0914
0.67964
-0.5524
-0.68635
-0.19747
-0.63348
0.99837
-0.05982
0.90255
0.011718
0.076796
-0.8985
0.39406
-0.1361
-0.072195
1.0951
-0.40547
-0.28884
1.0311
-0.48439
-0.25489
1.1037
-0.13685
-0.81989
-0.52687
-0.61124
-0.62157
-0.57845
-1.1302
0.043118
0.22855
0.31737
0.14966
0.27971
-0.9679
-0.99189
-1.1118
-0.56521
0.32354
0.71612
0.049767
-0.62461
0.12886
0.44751
1.064
-0.31427
-0.96882
-0.71213
0.40329
0.98621
-0.85768
-0.75461
0.4832
0.089709
-0.84675
0.55246
0.56832
0.65704
-0.10141
0.094289
0.57828
-0.96036
1.059
1.0244
0.37145
-0.76062
0.1368
-0.16324
0.91219
0.50922
-0.017707
0.18267
0.50955
-0.9377
-0.91082
-0.97123
1.0215
0.8151
0.34733
-1.0629
0.23233
-0.24788
-0.96539
0.61014
-0.72496
0.55479
0.39009
0.97334
-0.10909
-0.7709
-0.32186
-0.39199
0.64426
0.31458
-0.33622
0.29132
0.24004
0.54986
0.29725
0.75476
1.0275
0.98373
-1.0042
0.047406
-0.70716
-0.68135
0.38181
-0.55883
-0.45276
-1.0454
0.35091
-0.7253
-0.082882
-0.11644
-0.36927
-0.10034
-0.74296
-0.29501
-0.25042
0.074506
0.68347
-0.89487
1.0045
0.93429
-0.8571
-1.0309
0.043532
-0.96242
0.22592
-0.44855
-0.37823
-0.037313
-1.0271
-0.79858
0.91444
0.86935
-0.67589
0.69373
0.58386
0.55713
-0.592
0.91477
0.26387
-0.32417
-0.036266
0.1985
-0.11073
0.8455
0.019227
-0.80124
0.81611
-0.53601
-1.013
0.95429
0.25121
0.81704
0.2891
0.10064
0.067633
-0.088804
0.64208
-0.28991
-0.31243
-0.74063
0.02736
-0.91693
0.8655
0.91481
0.31171
1.0417
0.82431
0.9316
-0.7499
-0.74843
0.20634
-0.15355
1.0551
-0.36773
0.54404
0.88166
-0.67736
-0.78917
-0.071906
0.72936
0.10457
0.79383
-0.75844
0.65431
0.93361
1.0045
-1.0566
-0.52425
-0.85037
0.11396
0.63166
-1.0293
0.39218
-0.58356
1.0168
-0.0069857
-0.19472
-0.28526
0.13004
0.22975
-0.76085
0.92886
-0.10194
0.60436
-0.93963
0.96118
-0.25409
-1.1132
-0.77505
-0.83147
0.34181
0.20655
-0.54835
-0.52973
0.46844
-0.44394
0.53658
0.39363
-0.439
-0.14031
-0.913
0.67674
0.94851
0.81548
0.85113
1.0378
-0.34842
0.29618
-0.59867
0.45278
-1.0034
0.2995
0.92656
0.92727
-0.94793
0.83189
0.70119
0.17085
0.4672
-1.0068
-0.88056
0.51244
0.083553
-0.17855
-0.80291
0.21601
-0.39938
-0.59404
0.77492
0.080166
-0.2836
1.042
0.10719
0.29944
0.65562
-0.19104
-0.196
0.83121
-1.0165
0.14545
0.20636
0.4931
0.29619
0.87083
0.41814
1.1287
0.43709
-0.81251
-0.4306
-0.60948
-0.68631
-0.23481
0.39641
1.0074
-0.96494
-1.0366
-0.52251
-1.0589
-0.7188
-0.20077
0.56801
-0.23617
-0.79523
1.1114
0.50182
0.77718
-0.34029
-0.31638
-0.42522
-0.82859
1.0024
0.23823
-1.0902
0.56487
0.63361
0.1224
-0.38228
-0.12581
0.32141
-0.92904
-0.87942
0.53773
-0.9079
0.47858
-1.0662
1.1062
-0.48192
0.47955
-0.61897
-0.67438
-0.98226
1.0058
0.34636
-0.54541
-0.65944
0.35626
0.79766
0.010234
-0.14057
0.866
0.86201
-0.62512
1.0395
0.13357
-0.76559
0.14305
-0.47951
1.1103
-0.96484
0.58238
1.0677
0.9088
-0.60734
0.92774
0.93915
0.72492
0.64956
0.034723
0.86546
0.85418
-0.89003
-0.99775
-0.91692
0.57486
0.10643
0.38808
0.66994
-0.10218
0.46209
0.51786
0.40776
-0.14646
0.89078
0.87274
0.43272
1.172
-0.83752
-0.15847
0.38775
0.21967
0.16077
0.061499
0.94608
0.83915
-0.75901
1.045
0.096275
-0.043127
-1.0908
-0.78019
-0.86952
-0.87729
1.0838
-0.040725
-0.85219
0.43449
0.81856
-0.33193
-0.28705
0.85524
-0.39437
0.34227
0.94714
0.017797
0.055303
-0.68302
0.78775
0.47869
0.06205
-0.6088
0.76402
-0.99432
-0.34199
-0.89286
-0.76548
-0.15261
-0.16318
-1.0329
0.39808
-0.9248
-0.19012
1.0403
-0.89429
-0.98059
0.73468
-0.67092
0.68741
-0.88539
0.81497
-0.62124
-0.53565
0.016234
1.0358
0.8672
0.68716
-0.26844
0.38372
0.22358
0.2366
-0.14299
-0.79581
-0.57733
-0.1663
-0.46178
0.55376
-0.2922
0.38472
-0.19743
-0.46069
0.80719
0.73407
-0.77052
1.0747
1.0006
0.85558
-0.33784
0.18938
-0.38826
0.069841
1.0065
-0.84707
0.81659
-0.85085
-0.53105
-0.034488
0.15481
0.88513
-0.59597
0.30637
-0.44752
-0.98592
-0.7284
1.1532
0.60044
0.82325
-0.71637
0.38616
-1.0055
1.1975
1.0587
-0.67895
-0.80913
0.69485
-1.1609
-0.34539
0.56238
-0.059441
1.0407
0.38097
-0.018791
-0.88012
0.04602
-1.1473
-0.46086
0.90795
0.90332
0.49805
0.86051
-0.96874
0.41599
-0.7021
-1.0166
1.0756
0.11872
0.93758
0.8879
-0.25614
-0.44916
-0.21457
0.06714
1.0188
0.10321
-0.79867
-0.47889
0.45257
0.67448
-0.86202
0.95648
0.70303
0.86989
0.14015
0.81805
-1.0401
-0.46422
0.57227
-0.54244
0.82937
-1.2121
-0.60269
-0.70415
-0.78901
-0.97929
-0.37809
0.72568
0.79325
0.40537
-0.9013
0.83416
1.0315
-0.80719
0.28115
-0.66663
-0.87765
0.31939
-0.98125
-0.17951
-0.6551
-0.74398
-0.24898
-0.77829
-0.84197
-0.28098
-0.83421
-0.65672
-0.72682
0.87574
-0.97059
-0.81271
0.77938
0.27101
0.49137
0.014283
0.25139
-0.042514
-0.66531
0.88406
0.8642
0.97635
0.29912
-0.50048
-0.12382
-0.084577
0.49834
-0.77341
0.54513
0.24238
0.36894
0.67696
-0.98771
0.78347
0.77202
0.25072
-0.45633
0.53958
0.68629
-0.34802
0.97488
-0.40941
0.9354
0.79121
0.99826
0.69419
-0.56579
0.65328
0.51189
0.45524
0.27818
1.1817
0.49415
0.9098
0.51991
0.13313
-0.86727
-1.0714
0.90827
-0.6811
0.11167
0.86293
-0.87554
0.8002
0.17498
0.59868
0.19466
0.93401
-0.69716
0.97826
0.56455
-0.88358
0.55628
0.8308
-0.67681
-0.88254
0.8646
0.93524
-1.059
-0.64612
-1.059
-0.66788
-0.081972
-0.82902
0.65761
-0.14882
0.20127
0.31009
-0.70377
-1.0139
-0.66109
-0.8331
-0.3507
-0.018524
0.79822
0.98101
0.60011
1.1335
-0.94502
-0.78619
0.72245
0.070332
-0.88955
-0.85141
-0.16253
0.66044
0.039913
0.3357
0.20862
0.9898
1.0981
0.59678
0.80782
0.25731
0.85947
0.96627
0.55067
0.79085
-0.66658
0.8786
-0.42586
0.95034
0.20054
-0.096484
-0.98908
0.9142
0.81836
-0.10588
0.77763
-0.43242
-0.84627
0.39263
0.83074
-0.71381
0.73762
-0.56643
-0.29978
-0.040379
0.66619
-0.7709
-0.029264
1.1089
0.043968
-0.82248
0.58876
0.89893
0.18551
0.15227
-0.35335
-0.004303
0.64571
-0.02502
0.84685
-0.91439
0.69254
0.29317
0.91771
0.97961
-0.4531
-0.73469
0.72238
-0.38975
-0.79117
-0.92826
0.30078
-0.68923
-0.95266
0.26799
-0.62162
-1.0844
-0.52319
0.57567
0.91753
0.3374
-0.77279
0.63176
-0.44403
-0.76087
0.048796
0.25795
-0.95301
0.75639
-0.15757
0.58463
-0.076222
-0.5394
-0.48907
0.87185
-1.1136
0.35828
-0.8092
0.35906
-0.80984
-0.97745
-1.1415
-0.14339
-0.4484
-0.88938
0.55842
0.59019
0.95666
0.83519
-0.30448
0.94263
-0.11838
0.4446
-0.2417
-0.2259
-0.31717
1.032
-0.98243
-0.28697
-0.88746
-0.85227
-0.97721
0.55613
1.0162
0.41288
0.55522
-0.89354
-0.44096
-0.44605
0.39262
-0.58301
0.40715
-1.1168
0.90859
-0.51096
0.021586
1.0879
-0.82299
0.71856
-0.2074
-0.93662
-1.0608
-0.9721
0.29179
-0.51387
0.94334
-0.77227
0.058529
0.98905
0.048937
0.57575
0.60697
-0.82058
-1.0391
-0.96537
-0.33821
-0.97398
0.62576
0.88313
-0.7277
-0.97823
-0.8223
-0.92144
-0.86537
-0.78494
0.28845
-0.064906
-0.63629
0.49621
0.47835
0.81018
0.59293
0.27005
0.9941
0.62758
0.44702
0.051926
-0.36182
1.143
-0.098571
-0.91695
0.10633
0.42155
-0.58428
-1.0641
1.1052
-0.18203
-0.61941
-1.0675
-1.0266
1.0594
-0.92423
0.12522
0.73097
0.64809
-0.79705
-0.43297
0.55873
0.62497
0.93227
0.79771
0.91392
0.71889
0.54917
-0.70976
-0.68105
-0.98358
-0.77617
-0.97991
0.87402
-0.88744
0.97171
-0.90457
-0.99751
-0.94627
1.0158
0.60839
0.4742
-0.93226
0.61938
-0.70857
-0.54601
-0.39186
0.067044
-0.83565
0.88966
-0.94645
1.0018
-0.58731
0.86414
0.018963
0.82913
-0.91204
-0.5141
0.36334
0.6888
-0.93131
0.42469
0.67476
0.49147
0.80923
0.78669
0.35153
-1.0109
-0.65805
0.14033
-0.7255
0.49631
0.86392
0.95327
0.52076
0.65585
0.1621
0.96865
-0.052251
0.50453
-0.78212
-0.9273
0.20458
-0.69384
-0.94111
-0.8233
0.084496
0.50546
0.5294
-0.34414
-0.58885
0.25613
-1.1782
1.1172
1.0534
1.0634
0.70456
-0.87176
-0.70575
-0.091426
-0.36417
0.54759
0.37244
0.6806
0.27553
-0.6026
0.29361
0.8491
0.49941
0.26976
0.77292
-0.96247
-0.14025
0.2537
-1.1043
-0.32144
0.24725
0.96114
0.90601
-0.12711
-0.82935
1.1215
0.72747
-0.91482
-0.54486
-0.91811
0.62178
0.049305
-0.93398
-0.3649
0.59113
0.88664
-0.83413
-0.036768
-0.19652
-0.64321
-0.0086108
0.32283
0.69066
0.93181
-0.11832
-0.81666
1.0467
0.096323
-0.2855
-0.8686
0.25929
1.1401
0.60177
-0.92407
-0.35923
-0.68994
-0.44609
1.2014
0.63357
0.30452
0.16939
-1.1852
-0.85937
0.21079
0.99374
0.933
0.89196
-0.71198
0.92818
0.4009
0.078741
-1.1081
0.84765
-0.3663
-0.033536
1.1896
0.84748
-0.98683
-0.60136
1.0601
-0.92591
-0.78638
-1.0472
0.86427
-0.96939
0.42763
0.05391
-0.90899
-0.17854
0.84905
0.66392
0.35438
0.81035
0.8855
-0.47894
-0.95929
0.7804
-0.83945
-0.66995
-0.98814
-0.57098
-0.66031
-0.86905
-1.0488
-0.89335
0.024468
0.95715
0.90158
0.59009
0.12389
-0.56005
-0.10878
0.67153
0.85465
-0.78565
-0.026718
0.36602
0.61809
0.90096
-0.065485
0.52062
-0.76912
0.5527
0.62111
-0.66146
-0.71692
0.83531
0.92343
1.0399
0.73881
0.788
-0.92033
-0.87749
1.1034
0.77894
-1.0528
-0.47605
0.76094
0.25051
-0.82546
-0.77976
0.51611
0.97868
-0.60963
0.59109
0.18623
-0.83101
-0.54327
-0.66415
0.62983
-0.91068
0.42585
-1.0786
0.99802
-0.363
0.24116
0.92868
-0.55889
0.035399
-0.93349
0.92922
-0.28543
0.42317
0.59272
0.54553
0.66336
0.72801
0.55488
-0.9151
0.79014
-0.47166
-0.69855
0.54612
0.438
-0.12251
-0.95554
0.38549
-0.76515
-0.80478
0.10724
-0.41486
-0.8922
-0.69669
0.61602
0.56555
-0.81494
-0.98382
0.54191
0.059344
-0.64918
0.67212
-0.05756
-0.19066
-1.0689
0.72503
-0.94636
-1.0062
-0.083673
0.203
0.31289
0.86103
-0.89845
-0.82842
-0.74963
-0.72189
1.0153
-0.27109
0.78303
0.52997
0.23455
0.88851
0.73393
-0.62389
0.84429
-1.1308
-0.84304
0.954
-0.97681
-0.92608
-0.24885
0.8162
-0.90417
-0.8736
0.79887
-0.16698
-0.78665
-0.20117
-0.7327
-0.79998
-0.016788
0.21787
-0.1707
-0.99321
0.1204
0.99805
0.16431
-0.43054
1.1218
0.87813
-0.46943
-0.11943
1.1123
-0.38004
1.2812
0.74827
0.34965
0.73492
-0.32074
-0.45226
0.84609
0.80948
-0.10799
-0.25407
0.76936
0.84755
0.87023
-1.1665
0.87576
-0.6588
1.0006
0.34205
-0.063349
-1.0155
0.013202
0.9137
0.17217
-0.62282
0.81556
0.75344
-0.1106
0.96401
0.50094
-0.91502
-1.0237
0.99225
-0.48046
-0.42652
-1.0592
-0.69082
-0.87018
0.77809
0.12378
-0.21763
0.14984
1.0122
0.39677
0.43647
-0.062369
-1.0014
-0.90956
0.21492
0.97981
0.31873
0.78502
-0.37427
0.95192
-0.80523
-0.29795
0.82922
0.33148
-0.7339
-0.26317
-0.79372
-0.58392
0.65265
1.1261
-1.1626
0.77818
0.94113
0.93573
-0.47221
0.88767
0.31553
-0.53873
-0.77492
0.9432
0.6464
0.68274
-0.73197
0.77502
0.9666
-0.86335
0.37614
0.033598
-0.34766
0.82814
-0.88445
-0.7879
0.56065
-0.89827
-0.90627
0.76761
0.52259
0.52175
0.17626
0.19642
-1.0751
0.98571
0.86532
-0.95088
-1.0031
0.68836
-1.0034
0.89796
-0.82748
0.2563
-0.21881
0.74712
1.0928
-0.5347
-0.92456
-0.78415
-0.58726
-0.97072
0.081723
0.85553
-0.97949
-0.19586
-0.3376
0.40801
-0.20188
0.22632
-0.7745
0.66039
-0.26596
1.0749
0.089267
0.96074
0.26732
-0.18368
-0.88768
-0.51601
0.15009
0.78141
-0.20792
-0.84834
0.64197
-0.60658
1.0001
-1.0321
0.90863
0.56851
-0.32014
0.65129
-1.0101
1.0807
-0.89448
0.94226
0.93677
0.21104
0.81552
-0.22965
0.080246
0.46852
-0.89121
-0.27568
-0.81578
0.47189
-0.64922
0.79213
-0.43895
-0.70451
0.92173
-0.87906
0.092153
-0.52335
0.75503
-0.92202
0.59309
-0.36516
-0.84473
-0.92972
1.1035
1.1036
-1.1204
-0.32706
1.0576
0.10801
0.58961
0.98719
-0.85666
0.77118
-0.90983
-0.94388
0.32359
-0.15526
0.95835
0.82677
-0.39589
0.56086
0.022796
0.18908
-0.9654
-0.66539
-1.0915
0.19291
1.0452
-0.7952
1.0693
0.80835
0.95572
-0.50364
-0.54098
0.64037
0.45588
0.40386
-1.0364
0.71816
-0.81821
0.15403
1.205
-0.69436
-0.18386
0.20396
-0.66877
0.02081
0.5841
1.0692
-0.92153
-0.96671
1.0262
-0.43784
-1.1879
0.34916
0.0039134
0.88285
-0.054391
0.32905
0.73508
-0.89215
0.92351
0.35429
-0.85008
0.70083
1.0419
-0.10067
0.66313
-1.0017
0.37362
0.19747
-0.32416
-0.90367
-0.062842
-1.0163
-0.19936
0.83624
-0.91411
0.69191
-0.87917
-0.81109
0.86519
-0.69978
0.80116
-0.30101
0.85333
0.4603
-0.37707
-0.45539
-1.0065
-0.38917
0.7208
-0.13353
0.75088
-0.0039669
-0.18428
-0.71801
0.15424
-0.17584
1.1433
0.92323
0.40229
-0.8856
1.0037
1.0885
0.54673
-0.35146
0.27469
-0.13972
-0.93543
-0.51485
-0.81325
-0.8995
-0.43102
0.70803
-0.3915
0.4374
0.94841
-0.17925
-0.98787
-0.7516
-0.588
-1.0817
1.1053
-0.67664
-0.069633
-0.83354
0.84345
1.0373
-0.54011
-0.31971
-0.82505
-0.47931
-0.66267
0.32506
1.0541
1.0154
-0.78612
1.0473
-0.68646
-0.74895
-1.0111
-0.48343
0.92493
0.51808
-0.6317
0.14055
-0.96222
-0.32006
-0.74575
-0.97706
-0.063238
-0.99218
-1.0116
-0.2638
0.88364
1.0459
-0.99219
1.0433
-1.1493
-0.8714
0.038919
1.028
-0.68468
-0.073147
-0.72824
-0.26355
-0.13685
-1.0113
0.76377
0.9013
-0.76891
-0.2208
0.53853
-0.64335
0.95023
-1.0025
0.49852
0.99522
-0.6934
-0.88813
-0.14076
-0.9807
0.50645
0.9086
0.7937
-0.81033
0.19898
0.7415
-0.69315
0.76294
-0.59866
0.12152
-0.81861
-0.1179
-0.90118
-0.8498
1.0443
-0.93738
-0.56497
0.7087
-0.67639
0.94211
-0.40278
-1.0038
1.0523
0.71563
0.45273
-0.64741
0.99081
-0.1129
0.66668
0.88892
-0.69262
0.88879
-0.47968
-0.92013
0.58029
-0.77878
-0.47111
-0.88478
0.8367
-0.83016
0.54642
-1.1779
-1.0858
0.76733
0.56021
0.99999
-0.74959
0.79576
0.4749
-0.037998
-1.1765
1.0696
-1.0267
-0.37833
-0.74068
0.55473
-0.34934
0.73575
-0.52528
-0.80981
0.92697
0.91523
0.29255
0.40551
0.04207
0.9251
0.91436
0.30683
-0.90381
0.032214
0.17936
0.26357
0.042774
-0.044787
-0.15237
-0.84135
-0.80992
-0.68156
-0.42599
-0.88091
0.34299
0.77694
-0.51496
0.83938
-0.20804
0.6195
0.63701
-0.17614
-0.46981
0.6609
0.30136
-0.18218
-0.32676
1.1022
0.61938
-0.63269
0.85383
0.4332
-0.89781
0.61569
0.58548
1.0857
0.45785
0.89271
-0.24316
0.0034196
-0.097629
-0.97283
0.19903
0.32683
-0.10449
1.0283
-0.27049
-0.12591
-0.10812
0.71416
-0.88389
-0.30557
-0.8156
0.94321
-0.87983
0.96905
0.5165
0.21311
-0.81259
0.12171
0.91144
0.16484
0.45778
-0.023223
0.45588
0.89833
1.0057
-0.50513
-0.56705
0.15615
-0.7049
-1.1287
-0.90723
-0.55993
0.83941
0.58797
-0.87811
0.14949
-0.11252
0.57325
0.35336
0.60028
0.46083
-0.27814
-0.68991
0.22667
0.2092
-0.4786
0.74623
-0.34224
0.24243
-0.9708
-0.046256
0.13957
0.12672
-0.98667
0.50698
-0.1539
-0.79769
-1.0335
0.72149
-0.72729
-0.83462
-0.16807
-0.20766
0.88215
0.34961
-0.82902
-0.54306
0.20043
-0.43301
-0.92007
-0.10203
1.1197
1.1459
1.0282
-0.24549
0.81288
-0.78622
-0.78683
0.93959
0.16397
-0.76832
-0.69754
0.70203
0.7045
-0.64189
0.088994
0.94526
0.59393
-0.48335
-0.77526
0.62622
0.91843
-0.63594
-0.005256
-0.027506
0.8722
0.82712
-0.56107
0.96792
-0.46301
-0.057254
-0.34405
0.23695
0.31366
0.5589
1.0592
0.44139
-0.61315
-0.20702
0.24226
0.254
0.60065
-0.59687
-0.69564
0.88844
-0.25353
-0.36516
-0.57522
-0.15839
-1.0313
-0.95884
-0.86839
0.19377
0.94156
1.081
-0.82866
0.81474
-0.59544
-0.70281
-0.69998
0.01079
-0.91883
0.87948
0.35915
0.52506
0.84762
-0.95726
-0.32089
-0.71826
0.63958
0.72565
-0.86149
0.36155
-0.7415
0.89955
0.95564
0.71681
-0.04848
0.96508
0.91309
-0.32687
-1.0832
0.31463
1.1026
0.37533
-0.8754
0.85607
0.06495
0.35573
0.11555
0.20477
-0.013189
-0.32922
-1.0483
0.19435
-0.48244
0.2398
-0.18602
-1.1079
0.84768
0.4122
0.9149
-0.94631
-0.17747
-0.28944
0.72203
0.69414
-0.082377
1.0641
-0.57832
-0.25668
-0.50688
-0.84739
-1.0318
0.25762
1.033
-0.16997
-0.98562
0.066399
0.31467
0.8401
-0.92056
-0.9993
-0.64252
0.87973
-0.039274
-0.89037
0.11818
-1.0503
-0.88862
-0.081141
-1.0491
-1.0399
0.00052593
0.68146
0.61015
-0.25468
-0.56912
-0.58779
-0.54967
-0.67939
-0.979
0.90548
0.67121
-0.46552
0.94449
0.56768
0.44894
1.1021
-1.0337
0.16002
-0.17066
0.67005
0.82175
-0.39072
-1.1795
-0.43319
-0.40111
0.52508
-0.91791
0.040019
1.0022
-0.72408
0.70064
-0.22542
-0.77406
-0.76619
0.9268
-0.65369
-0.89745
-0.73048
0.31633
0.87289
0.90956
0.11645
0.44753
-0.57005
0.97193
0.67957
-1.0118
0.22167
-0.9243
-0.8881
0.57382
0.81935
0.63421
0.68417
0.84269
0.28381
0.99952
-0.33338
-1.0305
-0.64
-0.82767
0.76823
-0.29026
0.7651
-0.42152
-0.80798
0.77658
-0.52
-0.25561
0.13554
0.84214
-0.69443
0.48923
-0.6161
-0.28673
0.79859
0.9912
-0.26567
0.13704
-0.045151
0.61598
-1.1744
-0.18524
-0.62976
0.91413
0.31543
0.98262
-0.83704
-1.0288
0.8804
-0.26678
-0.84141
1.0887
1.0137
-0.75299
-1.1017
0.90092
1.0153
-0.84638
-0.056954
0.83384
0.50383
0.26516
0.03299
-0.45891
0.18522
0.40799
-0.76893
-0.032207
-0.90298
0.60479
-0.47589
0.91668
1.1927
1.0246
0.64879
-0.19537
-0.1969
-0.61216
-0.76296
0.93641
-0.88616
0.018448
0.85922
0.75328
-0.91951
-1.008
-0.57114
1.0109
1.0559
-0.89548
0.011176
-1.0606
-0.75211
-0.75146
-0.97806
0.80959
0.432
-0.93518
0.93358
-0.55235
-0.02659
1.0316
-0.88244
-1.0026
0.32704
-0.37372
-0.88948
-0.5607
-0.68544
0.98693
0.38335
0.46145
-0.74158
0.51091
-0.24092
-0.25897
0.90155
1.1583
1.0297
0.09204
0.90093
0.42428
0.47669
-0.43668
-1.0025
1.0584
-0.33192
0.9521
-0.39349
0.6912
0.30429
0.32578
-0.95518
-0.92395
-0.36428
-0.58678
0.20282
0.094061
-0.74552
-1.1037
0.63096
-0.89106
1.0281
-1.1771
-0.95836
1.0048
-0.31204
-0.38937
0.57353
-0.61532
0.35984
0.50009
-0.071692
-0.012782
-0.87914
0.73263
-0.94771
-0.52925
-1.0554
-0.25969
0.27009
-0.2495
0.35863
1.1474
-0.86753
-0.30456
0.96527
0.16632
0.28778
-0.26373
0.023452
-0.32586
0.57576
0.62175
0.79332
0.99793
0.36067
0.73015
0.595
1.0446
-0.32247
-0.054598
-0.11248
-0.92233
0.90493
0.22054
-0.39204
0.52795
-0.18875
0.89113
0.73066
-0.14254
0.53422
0.96535
-0.53777
-0.015459
0.90849
0.94299
0.8081
1.05
1.0975
0.56811
-0.94736
0.46818
0.20216
-0.79415
0.40505
0.95651
0.73181
-0.87072
0.18965
0.92388
0.076698
-0.6668
-0.1252
0.40987
1.0887
-0.91661
-0.88955
0.66069
-0.63951
-0.69869
-0.089043
0.87242
-1.0919
-1.0193
-0.85576
-0.53461
-0.70639
-0.72579
-0.87427
-0.93655
0.78215
0.66393
-0.97672
-0.80016
-0.55868
0.72066
0.35311
0.91789
0.35789
-0.50979
-0.649
-0.22635
-0.034079
1.0453
-1.0632
-0.17628
0.64824
-0.084133
0.4719
-0.25001
1.0338
0.97004
-0.24569
0.97904
-0.83334
0.4238
0.73
0.013491
-0.97006
0.86472
-0.46375
-0.67119
0.43686
0.30012
-0.04179
-0.63794
1.0235
0.74061
-0.66508
-0.23195
-0.80268
0.59513
-0.23877
0.81809
-1.1212
-1.1061
0.16633
0.99364
0.074867
0.0049722
0.14674
0.55887
0.64882
-0.60016
-0.89606
0.85323
-0.56093
-0.68659
