0.77534
-0.26645
0.52882
0.77473
-0.79186
-0.68678
0.80759
0.95314
0.54912
1.1924
0.60041
0.036349
0.40831
0.63131
-0.8665
1.0565
0.12984
-0.94302
0.16327
0.76591
0.75732
0.79248
0.097857
0.74519
0.13964
-0.93444
-0.032402
0.7729
-0.68972
-0.51714
0.78885
-0.82188
-0.50551
0.20785
-0.84037
1.0974
-0.71637
0.95362
1.1219
-0.51331
-0.94878
-0.88589
-0.75601
0.88897
-0.64045
0.027807
-0.11254
0.77483
-1.027
-0.77742
1.03
0.71979
0.77801
-0.8152
0.65267
0.65756
-0.92088
-0.61603
-0.15789
0.096601
0.99009
-0.32781
0.19895
0.65605
0.78426
0.43825
-1.0904
0.87618
0.98561
-1.1284
0.90562
-1.1423
0.24674
0.92957
0.17928
-0.92357
-0.087556
1.1439
0.87903
0.3755
-0.00084145
-0.88359
1.0825
-1.2462
-0.33351
1.0351
0.9718
-0.39472
0.1254
-0.79457
-0.73053
-0.84543
0.8969
-0.047506
0.78624
-0.78705
-0.013204
-0.13941
0.27244
0.3102
-0.53826
0.85464
0.58772
0.40844
-0.13685
0.86385
-0.56172
-0.25884
-0.43831
1.097
-0.028978
-0.25491
-0.18786
-0.97068
0.90834
0.73515
0.91748
0.7999
-0.91772
-0.010441
-1.0447
0.73431
-0.18614
1.1326
0.9632
0.36112
-1.0536
0.039907
-0.90037
0.25882
-0.27021
-0.91511
0.061185
0.021356
0.47063
0.028897
0.50901
-0.63151
-0.74061
1.0295
0.89888
-0.93153
-1.0281
0.18749
-0.21564
1.0517
-0.015245
0.82995
-0.21696
-1.0144
-0.73735
0.1832
-0.050343
-1.0337
-1.2011
-0.31926
0.17624
0.85232
1.0254
0.95881
0.64388
-0.78629
-0.40181
0.3122
-0.58204
0.82741
0.44341
-0.60643
0.94844
-0.21962
-0.8254
-0.43717
-0.44328
-1.0565
-0.75767
0.30854
-0.77873
-0.11489
-0.53531
0.18022
-0.24981
0.83448
0.699
-1.0557
-0.47711
0.1502
-0.35801
0.52182
0.5908
-1.1821
1.0521
-0.067856
0.14349
0.2178
0.19426
-0.58896
-0.46564
0.83805
0.34158
-0.60736
-0.55645
0.84688
-0.70101
0.087748
1.1072
-1.0894
-0.97629
0.96845
-0.40403
0.8807
1.0851
-0.72095
0.68586
0.44721
0.3232
0.39785
0.39088
0.74156
0.75019
-0.87994
0.68108
0.86674
0.53845
-0.90534
-0.55702
0.3453
-0.59691
-0.81135
0.023239
-1.0928
-0.68584
0.92388
0.94284
0.94042
0.79315
-0.45746
-0.88043
-1.0953
-0.026453
-0.90172
0.50749
1.0127
-0.5539
-0.72492
1.0078
-0.75514
0.88529
-0.94956
0.93564
0.96912
-0.42115
0.83997
0.73118
0.10737
-0.7435
-0.95761
1.1888
-0.75905
0.14516
0.34237
0.22641
0.21249
-0.47966
0.66808
0.77354
0.91373
-0.74073
-0.68465
-0.74879
-0.9213
-0.97587
-0.87207
1.0637
-0.25025
-1.0292
1.131
0.93977
-0.20855
-0.25949
-0.86161
-0.87456
-1.0308
-0.61849
-0.20029
-0.71526
1.1063
0.51096
0.75487
-0.19042
1.0736
-0.53394
-0.78972
-0.65885
-0.94853
0.53403
-0.26012
0.15469
0.48417
-1.0471
0.05786
-0.42825
-0.18701
0.66594
-0.93196
-1.0619
0.80887
-0.8034
0.35484
-0.0052301
0.45754
-0.95204
1.0172
-0.81258
0.29753
-0.12997
0.17975
-1.1623
0.69742
-0.94918
0.017516
-0.93255
-0.91441
-0.024593
-0.88384
1.1274
0.91053
-0.53575
0.9549
-0.14956
0.98537
-0.48676
0.35289
0.96085
-0.67439
-0.19025
0.96581
0.9213
-0.87118
0.10344
-0.98159
0.11025
-0.4997
0.8446
0.8844
-0.43845
-0.105
0.53752
0.43639
-0.19916
0.40225
-0.38747
-0.7245
-1.0805
0.41396
0.1702
0.36712
-1.2025
0.63284
0.18634
0.22933
0.70544
0.51659
0.89673
-0.76522
-0.44394
-0.62053
0.86279
0.62123
-0.7748
0.43569
0.86752
-0.96721
-0.37208
0.65742
-0.88962
-0.23324
-0.6358
-0.15538
0.14021
-0.97218
0.36698
0.035002
0.062224
-0.23366
0.62642
0.89501
0.26685
0.037516
0.6058
0.44478
-0.55222
0.95432
-0.2766
-0.66607
0.57294
0.99345
1.1013
-0.16393
0.63277
0.98583
-0.51624
-0.12029
-0.36105
-0.99355
0.98792
-0.18415
-0.78412
0.48858
-0.14886
-1.0751
-0.90132
-0.89423
-0.24723
-0.47683
0.8892
-0.81671
0.83841
0.28091
-0.32127
1.0209
0.78314
-0.58398
-0.28982
-0.69423
1.1212
1.018
0.93369
0.5852
0.82762
0.93481
-0.65286
0.80197
-0.11244
0.48598
0.69242
0.92454
-0.15372
-0.72282
-1.0063
0.10654
0.71176
-0.98139
0.88586
-0.44657
0.62249
-1.1152
-0.76184
-0.043419
0.71947
1.021
-1.0084
-0.51203
0.98573
0.88762
-0.72
-0.4993
-0.66374
0.65618
-0.74846
-0.067597
-0.82105
0.86892
0.88856
-0.11455
-0.6887
-1.0389
0.84224
0.16191
0.44499
-0.32262
0.52418
-1.056
0.25839
-0.30695
0.24002
-0.43106
-0.65266
-0.21566
-0.37182
0.60868
-1.0055
0.90456
0.11266
0.72458
0.46933
-0.908
0.63256
-0.74945
-0.65682
0.56894
-0.69966
0.55548
-0.29574
0.64433
-0.95579
-0.57436
-0.88906
-1.0285
-1.086
0.0097836
-0.51861
0.38215
-0.06704
-0.92021
-0.99927
-0.95758
-1.0327
0.37083
-0.6689
-0.939
-0.2074
-0.18232
0.12794
-0.38927
-0.65099
1.0808
-0.78756
0.76222
-0.11646
-0.57993
0.85256
1.1176
0.90773
0.98928
-0.34194
-0.49135
0.085583
0.73128
0.65128
0.92119
0.43223
-0.85425
-0.048579
1.0163
0.77896
0.48511
0.54875
-0.64521
0.66326
-0.92093
0.93063
0.83162
-0.54116
-0.46685
-0.71565
-0.64681
-0.4131
-1.0751
-0.2744
0.48096
-0.98655
0.66806
0.30481
1.0244
0.85887
-0.77596
-0.45212
-0.23373
-1.0375
-0.86097
0.92229
-1.0721
-0.99288
0.85721
-0.94261
-0.91311
0.3113
-0.96105
-0.73654
0.029065
0.11014
0.66845
-1.1829
1.1256
-0.79861
0.88023
-0.89633
0.96977
1.0467
0.44851
-0.76297
-0.9914
0.62752
0.76804
0.98199
0.58139
0.65467
-0.88763
-0.37296
1.1054
-0.16715
1.0584
-0.38082
-0.082123
0.77549
-0.18331
0.062886
-0.95755
0.068045
-0.43011
0.51224
0.93015
0.95612
0.84271
0.90244
1.0858
-0.30821
-0.92066
0.42812
-0.48165
-0.93461
-0.93622
-0.065834
-0.9461
1.079
0.1664
0.53589
0.91785
0.90051
-0.37403
-1.1508
0.20934
0.68736
-0.013768
0.90395
0.71232
0.066885
1.0019
0.056227
0.607
-0.99908
0.85854
-1.0146
-0.25906
1.0449
1.0838
0.42362
0.41506
-0.64046
0.52578
0.99985
-0.88599
-0.13586
1.0467
1.0855
0.66552
0.61705
-0.079742
-0.34963
-0.72661
-0.11956
-0.44263
-0.89832
-0.45128
-0.49121
-1.0672
0.80657
-0.38343
0.52844
-0.33865
-0.15046
1.0734
-0.42917
0.72536
-0.85688
0.25279
-0.087971
-0.31361
0.039844
0.34042
-0.28523
0.49192
1.047
-0.98093
-0.68459
-0.34618
-0.87526
0.64044
0.017423
1.0929
0.28776
-0.486
0.17043
0.62283
1.0727
-0.93373
-0.20377
-0.27824
0.8018
0.16875
0.8626
-0.20357
-0.34457
1.0526
0.6428
-0.158
-0.90653
0.3081
-0.65224
0.49287
0.94036
-0.88557
-1.0453
0.31719
0.16981
-0.87918
-0.74998
0.86597
-1.1268
-1.0305
0.4687
0.13355
-0.29589
-0.77738
0.48423
-0.8472
-1.0128
-0.21281
0.46755
-1.0335
0.4451
0.55842
-0.86832
-0.51255
0.11015
-0.05788
0.1628
0.54912
0.42697
-0.78062
-0.87566
0.64664
-0.066745
0.14114
0.97009
0.67606
0.41294
-0.33326
0.95452
0.19401
0.85398
0.10641
1.0424
-0.094509
1.0505
0.71025
0.92688
-1.0864
0.37607
-0.9483
0.32085
-0.77379
-0.74697
-0.15089
0.81616
0.37632
0.032073
-0.84765
-0.49913
-0.39432
-0.83781
-0.51696
0.75549
0.54497
0.2969
0.46712
-0.81504
-0.6021
0.37321
-0.30695
0.84305
-0.40885
-0.92292
0.27467
-0.76849
0.77299
-0.80064
-1.1434
-1.0823
1.0111
0.37803
0.65439
0.53602
0.050755
0.10966
-0.3988
-0.50964
0.66901
-0.68214
-0.35286
-0.74108
0.38342
-0.80596
0.79454
-0.90567
0.056287
0.91164
-0.81616
-0.025096
-1.0058
0.82769
-0.75246
-0.97753
-0.90065
0.76703
-0.50734
0.94028
-0.033545
0.89197
0.57941
1.0989
0.33764
-0.23571
-0.36651
0.17009
0.48115
0.092567
0.84896
-0.74111
-1.0632
0.27208
0.75142
0.40562
-0.15755
0.70809
-0.7205
0.19752
0.55619
-0.8769
-0.93305
0.73919
-0.77152
0.86768
0.46654
-0.57682
0.22749
-0.87667
0.75875
-0.47495
0.9601
-0.86754
0.36528
-0.27721
-0.9517
-0.54685
-0.60994
0.0034187
0.90287
0.34941
0.111
0.86052
-0.46529
1.1727
1.0442
0.95438
-0.64123
-0.85174
-0.94393
1.032
0.78387
-0.79879
0.78276
0.80896
-0.71179
0.74375
-0.072278
-0.31879
-0.097661
1.1066
0.3183
0.74137
-0.42026
-0.24164
-0.97098
-0.80939
-0.99058
0.42145
-0.35194
1.06
0.67183
1.0785
0.76535
-1.1205
-0.74025
0.096931
-0.079578
0.79297
-0.89441
0.19057
0.76147
0.60841
-0.16458
0.76922
-0.79243
0.62049
-0.34466
1.0435
-0.96058
-0.99036
-0.91532
-0.87003
-0.88823
-0.76424
0.31404
0.50638
0.66753
-0.48032
-0.23904
0.38419
0.28889
-0.6555
0.67917
1.1019
-0.42823
-0.55066
0.50637
0.90865
0.41882
1.0016
-0.77257
-1.0447
0.44123
-0.50775
-0.75964
-0.55826
-0.91082
-0.7305
0.058538
0.29407
-0.54959
-0.93709
-0.59371
-0.8814
0.22697
-0.080832
0.88244
-0.41406
0.88497
0.70817
-0.63336
0.78463
0.76442
-1.1146
-0.81604
0.922
-1.0945
-0.9924
0.26566
0.60686
-0.85621
-0.45964
0.97458
-0.86514
0.48135
-0.11951
0.47601
0.53614
-0.4632
0.64361
0.84573
-0.98876
-0.75132
0.19633
-0.55746
0.03044
1.2065
-0.56815
0.057134
-0.29942
-0.052255
-0.92534
-0.041046
0.95256
-0.94606
0.17499
-0.42134
0.87168
-0.95983
-0.079991
0.76008
0.4263
0.18849
-0.69357
-0.91703
-0.65466
0.91373
1.0208
0.70572
0.48606
-0.88918
0.73524
0.76963
0.79164
0.96829
0.86254
-0.68717
0.37558
0.89564
-0.79636
-0.5674
-0.22986
-1.0499
-0.44334
-0.39923
0.72706
0.92501
1.0487
0.60152
1.1616
0.23392
-0.29285
0.65486
-0.3449
1.0055
0.82714
-0.22538
0.64428
-0.39082
-0.40751
1.0206
0.12494
0.97143
0.30632
-0.017342
-0.082764
-0.89262
0.80515
-0.43965
0.20608
-0.44056
-0.92244
0.14947
0.56001
0.99157
0.20783
0.34164
0.17288
0.41369
-0.78437
0.90913
0.93681
-0.94408
-0.83264
0.77743
0.8629
-0.98182
0.9562
-0.30765
-0.71421
0.04875
0.90462
-0.71656
-0.93192
-0.98198
0.94806
-0.4666
-0.75321
0.94182
-1.0684
-1.0097
0.1668
-1.0216
-0.19205
0.73632
-0.94311
-0.74426
0.019034
0.90821
-0.066603
-0.076826
-0.73882
-0.38504
1.0171
-0.054124
0.27972
-0.37232
0.6545
0.51731
0.54176
1.0499
-0.97664
0.72147
0.47858
-0.57435
0.97793
-0.97639
1.0952
-0.58109
-0.80419
1.2222
0.84046
-0.34742
-0.96772
0.82959
-0.24973
0.23135
0.34256
0.52066
-0.76098
0.76651
0.88593
0.83912
-0.66178
-0.84325
-0.67877
0.91425
0.0030105
-0.86202
0.31478
0.96706
0.24298
0.84038
0.7673
0.046809
1.15
0.98346
0.30359
-0.93902
0.89903
1.0258
0.0054294
0.68633
-0.49673
0.23785
-0.11721
0.70748
1.0051
-0.28654
0.8091
-0.30286
0.57624
-0.48281
0.48882
-1.1205
0.98418
-0.44137
-0.48923
-0.1186
-0.5004
-1.0067
0.86615
0.33259
-1.0823
1.0192
-0.1433
-0.251
-0.28903
-0.44815
-0.6436
0.16253
-0.96298
-0.42865
-1.1726
-0.74548
-0.69573
1.0976
0.12464
-0.61452
-0.89732
0.92129
0.76121
-0.31114
0.26746
-0.95645
0.32067
0.37353
1.1073
-0.78482
-0.8444
0.77141
-0.79315
1.0437
0.87423
-0.97483
-0.25159
-0.95136
0.98937
1.2426
0.18894
-0.97424
0.76915
0.70536
-0.68218
-0.71883
0.42491
-0.46242
-1.0838
0.14283
0.46112
0.58839
-0.25014
0.9985
0.023968
-0.30505
-0.22027
-0.39144
-0.30486
-0.148
-0.61093
0.93927
0.50745
0.027504
0.5353
-0.40442
-0.75193
0.67613
-0.63375
1.0281
-0.46729
0.28208
0.87646
0.53378
0.93152
0.86811
0.70252
-0.33089
-0.07248
0.76831
-1.0295
0.20831
-0.25774
-0.79863
-0.48259
0.72062
1.0633
0.098221
0.91612
0.83785
-0.19393
0.4523
0.74033
-0.39073
-0.2207
0.52788
0.25149
0.42351
0.063539
0.47462
0.67107
0.14354
0.89334
-0.35644
-0.76223
1.0243
0.39161
0.1061
-0.34901
-0.88326
0.3947
0.29885
-0.73478
-0.60555
0.13717
-0.287
0.26826
-0.00069733
-0.23894
0.53355
-0.51802
-0.63142
-1.033
-1.0697
-0.98646
-0.89091
-1.1467
0.72917
-0.38662
0.50648
-0.23717
1.0688
0.78745
0.09428
0.11467
-0.82017
0.78653
0.85605
0.51144
0.86724
-0.023581
0.98633
-1.0395
0.91985
0.90502
1.135
-1.0462
0.95155
-0.6637
0.86722
0.29958
-0.8945
-0.83158
-0.93864
-1.1046
0.50793
0.90512
0.78924
-0.88961
-0.85625
0.99991
0.83102
0.44921
-0.3218
0.51234
1.0025
1.0519
0.96363
0.23047
0.42787
-0.97045
0.92032
-1.0453
-0.43646
0.61638
-0.9837
0.93125
0.9448
0.95906
-0.70856
-0.90247
-0.7935
0.28445
0.069941
-0.37299
-0.87132
-0.025757
-0.57769
-0.56599
-0.14516
-0.70422
-0.69256
-1.0867
-0.36085
-1.1023
0.71639
0.46975
1.1688
0.57026
0.93448
-1.0834
-0.59454
-0.0083019
-0.31027
-0.24172
-0.39775
-0.022911
-0.66283
0.63369
0.94791
-0.98274
-0.15141
0.92462
-0.60408
-0.81557
0.94569
1.1729
0.29237
-0.85913
0.73746
0.39247
0.29885
-0.97842
-0.90857
-0.7369
-0.03526
-0.65934
0.018192
-0.11755
0.3985
-0.63497
0.35473
-1.0444
0.74727
0.49329
-0.22722
1.1064
-0.35334
1.0048
-0.85969
-0.12331
0.86453
-0.65125
-0.15216
0.5612
0.75453
-0.80314
-0.63762
0.051268
0.57194
0.76177
0.035363
-0.36216
-0.74328
0.49197
0.44849
0.32676
0.2846
-0.18986
0.043493
0.87498
0.46296
0.95816
1.0275
0.13357
0.003413
0.52441
0.056458
-1.0876
-0.081492
-0.88347
-0.33851
-0.66906
-0.22817
0.55548
-0.34598
0.27867
0.72361
0.64917
0.84698
0.66766
0.86893
-1.034
-0.91273
0.24603
-0.35224
0.36732
0.73481
-0.51725
0.98174
-0.6342
-0.75374
0.90594
0.84376
-0.96645
-0.9943
-0.8899
0.56311
-0.21952
0.99121
0.43049
-0.19271
0.77683
-0.87535
-1.0726
-0.74378
-0.44058
0.34947
0.56834
-0.2445
-0.01609
0.074859
-0.68059
0.97083
-0.23264
0.3075
-0.9422
-0.72205
0.90474
0.45218
0.98787
0.66833
0.38816
-0.96224
-0.47799
-0.44772
0.64654
0.44373
-0.48924
-0.90152
-0.7555
-0.93073
-0.81881
-0.32133
-0.92881
-0.33661
0.078567
0.09262
0.7767
-1.0721
-1.127
0.63491
-0.22205
-0.94361
1.0492
0.81918
0.41521
-0.44733
-0.44672
0.67707
-0.99254
-0.017379
0.61409
-0.12036
-0.56902
0.27923
-0.79758
0.23333
0.013283
-0.56757
-0.69661
-0.37819
-0.90119
0.2567
-0.80742
0.75393
0.67179
-0.70537
0.38319
-0.66023
0.73057
0.35145
0.3541
-0.94372
-0.30619
0.71557
0.94963
0.39495
-1.0219
1.0315
-0.95495
-0.02624
-1.0899
-0.56581
0.59455
0.61521
0.38634
0.70739
1.0641
0.94119
0.047948
-0.73323
-0.19373
0.35385
1.0867
-0.5943
0.67133
-0.37101
-0.74421
-0.23294
0.32673
-0.084361
-0.25142
0.51183
-0.68677
-1.0193
-0.65524
-0.038333
-0.1803
-0.042745
-0.91252
-1.2141
0.25229
0.7537
0.071009
0.95344
-0.99974
-0.90187
0.85514
0.90678
0.49108
0.82715
-0.036464
-0.97388
-0.18425
0.68126
-0.49793
-0.29869
-0.35575
-0.27086
0.2171
-0.95595
-0.24873
0.99059
0.9996
-0.86987
0.96008
-0.4433
-0.043501
-0.86261
0.9472
0.61551
0.25818
-0.74068
-0.85076
0.17926
-0.65289
1.0448
0.16536
0.39019
-0.93427
0.7163
-0.79283
-0.35016
0.98926
-0.85636
0.59699
-0.067159
-0.41098
-0.38912
-0.091128
-0.35851
1.0559
0.53392
-0.98066
-0.96482
-0.99824
1.0562
0.51398
1.0522
-0.2666
-0.14725
0.67036
-0.04226
-0.067358
0.66975
-0.69425
-0.68317
-0.1981
0.7483
-0.27441
0.89106
-0.46159
-0.67638
0.49482
-0.9088
0.55959
-0.83303
-0.36288
-1.0335
0.043994
0.82877
-0.79655
0.2962
0.27455
0.037374
-1.1158
-0.59029
0.98735
-0.060117
0.89997
-0.50574
1.0883
0.53474
0.24709
-1.0578
-0.63664
0.01135
-1.1261
-0.57111
0.81943
-0.97682
-0.81371
0.067447
0.66958
-0.23776
0.26494
0.70737
-1.0434
0.12405
-0.30686
-0.66621
0.92576
0.11895
-0.83744
-0.44676
1.0737
0.062782
-0.9153
0.22051
-0.66555
-0.81951
0.056204
-0.67347
0.74141
0.069504
0.67736
-0.71773
-0.8949
-0.69047
0.50204
0.5864
0.90406
0.19724
0.050606
-0.65072
0.16389
0.63432
-0.93469
0.47043
0.95878
0.99387
0.22088
0.1457
-0.14996
-0.84332
0.98463
-0.45709
-0.83096
0.19686
-0.85565
-0.30391
-1.0377
-0.23304
-0.40105
-0.45752
0.83971
0.87708
-1.0104
-0.28514
0.22918
0.86806
-0.89024
-0.87518
0.50961
-0.75603
0.88511
0.78239
0.82734
0.37663
0.80756
-0.83876
1.1134
0.80079
-0.048988
0.55446
-0.94244
0.18134
0.85553
-0.50517
-0.93681
-0.60776
0.21886
-0.73374
0.67238
0.66762
-0.48523
-0.31365
-0.70036
-0.67756
-0.16695
0.1916
-0.40095
-0.3243
-0.78024
-0.89517
0.96213
-0.27026
0.35379
0.047112
-0.1644
-0.079706
0.89665
0.55389
-1.267
-0.11763
0.63851
0.25502
-1.0208
0.50254
-0.65399
0.56345
-0.036066
-0.77718
0.53921
0.63643
0.033347
0.35516
-0.82356
1.0925
-0.29168
0.18507
0.87283
-0.59972
0.14749
0.62513
-0.75613
0.89928
0.10919
-1.0132
-0.6425
0.31092
0.10127
-0.67964
1.0933
0.98893
-0.10674
-0.36442
0.3712
0.69779
0.88026
-0.62678
-0.66942
-0.27103
0.47929
-0.12982
-0.8321
-0.070116
-0.66507
-0.36575
-0.76768
0.33311
0.49372
-0.85892
0.53534
0.89727
0.47897
0.4211
0.36725
-0.31031
0.73877
-0.65153
0.87365
-1.001
-0.27229
-1.0558
-0.83494
0.98271
-0.78651
0.96883
-0.29189
0.56106
0.91098
-0.016985
-0.89582
0.40612
0.81651
-1.0479
0.87409
-0.030272
0.42152
-0.87195
0.57062
-0.44417
1.0465
-0.11209
0.60456
-0.96651
-0.055584
0.48199
-0.86886
-0.56184
0.35987
0.66095
1.0143
-0.50478
-0.059459
-0.99003
0.92195
0.37083
-0.2051
1.1177
0.65629
-0.546
0.85748
-0.18893
0.55976
0.27319
0.68182
-0.34222
-0.34135
-1.0655
0.95057
0.55709
0.078548
-0.50053
0.94656
-0.39272
0.44739
1.0822
0.90181
-0.5046
0.63169
-0.95885
0.14448
-0.91359
0.72168
-0.53419
-0.75132
-0.86737
-0.89194
1.0042
0.58644
-0.55265
0.59976
-0.92149
0.42858
0.19891
-0.9602
0.27651
0.44706
0.081203
0.31177
0.34086
1.0655
0.25995
-0.96296
-0.43841
0.52381
0.92626
-0.19398
0.63468
-0.89953
0.4163
0.98732
0.38675
-0.87144
0.13331
0.33084
-0.12086
0.52057
-0.16046
-1.167
0.91541
0.38425
1.1099
0.70121
-0.11335
-0.3215
-0.55739
0.039711
1.0821
-0.87798
1.0038
0.67299
-0.75959
-0.36739
-1.0439
-1.0015
-0.92003
-1.1011
0.47127
1.0024
0.45315
-0.041644
0.7629
1.0119
0.31786
-0.92535
0.54984
1.0342
-0.9683
0.6785
-0.78643
0.59204
0.90247
-0.79004
-0.25985
-0.29327
0.15344
-0.56002
0.36714
0.38424
-0.7362
-0.36428
-0.97506
0.32254
0.80072
0.60374
0.60544
-0.45275
0.85908
-0.65636
-0.78408
0.43701
-0.64407
1.0395
-0.23338
-0.20174
0.28078
0.88287
-0.59527
0.80789
-0.4467
0.15149
-1.1324
0.99305
-0.80984
0.67461
-0.23394
-0.94928
0.76314
1.0558
0.86207
-0.45647
-0.15827
-0.093009
-0.012279
0.88881
-0.27397
1.0398
-0.034033
0.26102
-0.020116
0.1502
-0.78999
-0.80718
0.0024067
-0.89056
-0.91894
0.75362
-0.30438
-0.27912
0.88929
0.84844
-0.20768
0.82231
-0.96246
-0.98753
0.22217
0.7928
1.1168
0.50098
-0.70159
-0.59013
1.1102
-0.51384
0.39678
0.38415
0.21097
-0.09229
-1.1088
0.34012
0.78475
0.98687
0.03871
-0.020897
1.0333
0.8257
-0.65705
0.10445
-0.57803
-0.7184
-0.73623
0.81941
-1.0333
-1.0003
-0.32771
-0.51322
0.5915
0.91495
-0.87915
0.58643
0.28174
-0.70176
-0.84529
-0.94266
-0.47498
0.90338
0.018546
-0.49364
0.64142
0.2183
-0.67696
0.7886
0.10691
0.090862
0.98375
0.7776
0.19627
-1.0345
-0.42374
0.14134
-0.51033
-0.38441
-0.6834
0.79232
0.2116
-0.23226
-0.79093
-0.5448
-0.8448
-0.89451
0.087687
-0.66081
-0.94365
-1.0154
-0.81263
0.50038
-0.65309
-0.23691
-0.91456
-0.85851
-0.29199
0.83188
-0.11063
-0.099029
-0.90031
-0.78584
-0.64758
-0.76132
-0.7771
-0.72457
-0.95911
-0.76673
-0.36324
0.76693
0.45824
0.18285
-0.42837
0.8018
0.44551
0.898
0.053796
-1.0767
-0.3535
-0.847
-0.67944
0.66208
0.19604
-0.14311
-1.0087
0.96354
-0.2387
1.0425
0.85186
0.82538
-0.12066
-0.5756
0.38531
0.13161
0.37093
0.14893
-0.30616
-0.48298
-1.0038
-0.06031
0.39612
0.77447
-0.63269
-1.3487
0.11467
-0.92744
-0.90554
-1.0297
-0.034565
0.42244
-0.83428
0.2661
0.9458
0.72935
-0.87536
-0.39707
0.79017
0.49724
-0.99399
1.0071
0.86571
-1.0047
-0.50164
0.86246
-0.81198
0.66208
-0.52523
-0.47319
0.85115
-1.0014
-0.9323
0.81641
0.32986
-0.87775
-0.026606
0.56821
0.9394
0.6288
-0.92246
0.11433
0.66682
0.78049
-0.43362
0.8732
-0.57831
0.21356
0.95307
-0.445
-0.90298
0.93597
0.49792
-1.0497
0.61406
0.97851
0.44187
0.4483
0.086891
-0.92853
-0.034399
-0.72769
0.96377
0.4208
0.82052
0.66991
-1.0511
0.56368
0.36223
1.0618
-1.0417
0.99365
-1.0802
-0.98974
-0.92597
-0.22288
-0.82489
-0.22699
-0.1147
0.41223
0.9903
-0.57469
0.89991
0.91891
0.93908
0.98532
-0.83988
0.48797
0.90567
1.1098
0.5185
0.43816
0.8078
0.5068
1.0385
0.4908
0.67112
0.34245
1.0801
0.36286
-0.79639
-0.27693
-0.39919
0.64701
-0.67468
-0.91453
0.60232
1.1104
0.93509
0.93388
0.45372
-0.0032296
-0.63313
0.85076
0.066449
0.91177
0.9534
0.7068
-0.90891
0.96345
-0.81161
-0.45903
-0.61085
-0.74991
0.76956
0.9619
0.038218
-0.63779
-0.45551
-0.60818
-0.51305
-0.92965
0.67946
1.1176
0.1955
-0.62626
-0.11052
-1.0495
-0.97023
0.13818
-0.34505
-0.053472
-1.063
0.13688
0.44485
-1.0275
-0.77045
1.0069
-0.52488
-1.0041
0.71337
0.69718
1.0245
0.76974
0.92253
-0.62689
-0.25459
0.073329
0.69725
-0.0095169
-0.16886
-0.41173
-0.0066531
0.23188
-0.47016
0.70204
0.64823
-0.37924
0.97855
1.1027
1.0253
0.81686
0.70548
-0.78489
-0.88525
-0.8217
-0.91896
-0.9648
0.060306
-0.36061
0.65399
0.56464
0.36401
-0.63191
0.79105
-0.99445
-0.89325
-0.16519
0.95695
0.54366
-0.68827
0.50959
0.83651
0.92772
0.91346
-1.0335
1.0917
0.58609
-1.0312
0.1086
-0.6849
0.014372
0.46801
1.117
0.79704
0.79111
-0.93417
0.68475
-0.055774
1.0795
-1.1642
-0.88809
-0.90106
-0.10425
-0.99061
0.2517
0.8625
-0.63744
-0.94519
0.21875
-0.70148
1.023
0.12005
-0.018651
0.84
-1.0406
0.7639
0.28671
-0.74157
-0.18229
0.46249
0.73995
-0.70874
0.70101
0.57759
0.53742
1.0064
-0.49468
0.31419
0.50429
-0.98874
-0.47303
-0.43253
0.47673
-0.73627
0.37919
0.85587
0.13303
0.87983
-0.077871
0.60169
-0.41801
0.55267
-0.70649
-0.053153
1.014
-0.70527
-0.86662
0.21013
-0.14254
0.50802
0.67352
-0.84646
-0.30809
-0.94356
-0.86315
-0.88098
0.74378
-0.97558
-0.83672
-0.73725
0.43806
-0.15537
-0.89362
1.1139
-0.67098
0.48046
-0.57734
-0.4896
0.66801
-0.7412
0.53034
-0.51517
-0.062908
0.92771
0.9417
-0.68584
0.79681
-0.090096
-0.81189
-0.29138
-0.75392
-0.55698
-0.67126
-0.88941
-0.95373
0.75172
-0.32016
0.038956
0.1793
0.92836
0.16953
0.12185
0.6969
0.43832
0.46362
0.50318
-0.91918
-1.1719
-0.44893
0.80897
-0.073075
0.96432
-0.79358
-0.99769
0.22293
-0.51086
0.97445
0.57463
-1.0097
0.31349
-0.14275
-0.6218
0.72887
-0.87523
-1.1314
-1.0366
0.74145
-0.076788
0.089593
-0.91279
-0.9618
0.81027
-0.5541
-0.84666
0.79481
-1.1649
-0.2921
-1.0991
0.67576
0.30797
0.31414
-0.9279
0.32713
-1.0123
-0.36307
1.0809
0.79121
0.021784
0.34264
-0.28871
-0.69237
0.96846
0.91883
0.53389
0.80566
-0.58515
0.24364
-1.0832
-0.47851
0.9585
0.9952
-0.97161
0.8531
0.79812
-0.48586
0.91235
-0.99259
-0.71268
0.13507
1.0735
-0.45077
0.4996
-0.1968
0.88989
0.58543
0.93757
