1250 10
5.0823 6.3782 -2.8383 1.8876 -0.43059 2.2604 4.7715 -6.6865 4.5505 -6.3264 
0.3903 5.6775 -6.1877 -2.8081 7.7119 -7.2124 -9.4051 1.474 -5.0058 3.9806 
1.7181 -6.1258 1.4878 9.4447 4.899 3.0731 3.5856 -3.0889 5.0244 -4.0709 
-6.1853 8.2569 -4.753 -4.7395 -3.2056 4.5748 7.0349 -8.8144 -6.4967 9.1526 
0.068829 3.6738 -2.1654 9.4535 -8.7352 -0.83421 -6.1532 -9.5807 1.6563 0.41943 
-8.9817 7.7679 -3.5792 1.0123 2.7517 -4.8874 -9.2228 2.1813 -7.4618 -1.5734 
-8.8781 4.2574 -4.5971 -1.0934 8.7406 7.5453 -6.2074 9.9463 -0.16446 3.2458 
-3.2961 -0.30216 -9.9061 7.9688 5.4161 3.825 0.19972 -6.6849 4.3066 -1.8148 
2.6181 6.6644 -3.7429 0.04735 7.9558 -4.246 4.2889 3.3724 7.9668 4.5421 
7.8396 -8.1851 3.2218 8.3783 4.1349 3.9128 1.5747 6.963 3.9958 6.1554 
3.4679 -9.4902 0.13846 8.6542 -7.9194 1.3983 -3.087 -0.69312 3.4754 5.623 
3.7053 -3.2854 7.5626 -7.7011 -3.4384 8.0825 -6.7613 -6.4318 2.5912 3.4459 
3.9149 -0.26155 -8.4778 4.756 1.3002 -8.3776 3.5747 -0.88879 2.6387 -7.3017 
5.9966 -5.4927 9.2879 3.2365 -5.4921 -6.9554 7.5567 -2.7629 6.3597 -7.237 
3.2121 1.0942 -7.3418 5.3162 0.96635 5.0889 -4.9342 -1.1209 9.0045 5.7533 
0.39873 3.623 1.9389 -7.3873 -6.5283 2.8126 2.7434 -0.71803 -5.551 2.717 
-3.3653 6.6989 -2.427 9.5893 3.962 9.464 1.1235 -2.607 -8.2003 0.61962 
8.6835 7.9175 -2.0374 3.4353 6.1319 4.7125 -8.4294 -7.5855 -4.5816 -5.0443 
-5.0705 -1.248 5.7651 7.5405 -6.9898 -8.893 1.6515 -6.863 3.2173 7.4875 
0.22413 -2.0069 0.76659 -8.9176 3.7966 1.8602 1.2984 8.2115 4.0674 9.7801 
4.8064 -1.1976 -0.93206 -0.1726 3.8834 7.3719 8.3289 -5.5032 -7.1896 -2.2321 
-4.9166 -3.8075 -9.7154 -0.24058 -1.5591 -1.8296 -7.4282 3.1229 9.3755 -0.20169 
6.9117 -1.0609 -3.6351 1.6361 -4.0165 8.4661 -1.3269 7.6929 6.1171 -3.8824 
0.76309 9.2878 -4.5397 8.2325 -7.0858 3.2458 0.55178 -3.3331 7.3015 -2.5696 
8.2027 -0.75304 -1.9617 5.0731 -0.56369 1.5324 3.7493 -0.80843 -1.031 -9.4204 
-2.9859 -0.08016 -5.4002 7.7185 -3.9638 6.7301 2.277 7.0333 -3.1842 -5.3008 
8.7065 -9.5692 3.6687 -6.5083 2.6118 -8.4674 3.6335 7.6942 5.7802 3.4698 
8.5544 -6.1543 -2.71 -8.521 -8.9083 -6.6103 6.5142 1.0495 -7.2735 0.15514 
1.754 7.9627 -6.1467 -4.6143 -9.7079 -6.1297 0.15943 6.2368 2.7396 3.594 
-7.9648 -2.2142 -7.5886 -5.7459 8.2316 -0.096419 -7.0135 4.1426 -4.2847 -0.24138 
-2.6625 -7.9591 3.0347 -3.4265 -3.8318 -3.9059 8.0777 -1.5238 4.9995 3.4274 
-4.4831 -3.006 -3.7585 3.2164 -1.0708 -2.3802 9.1681 -8.574 8.4907 -9.8853 
-4.678 -6.4291 -8.5944 -0.39675 -2.1652 2.3792 0.25692 -7.6763 1.2871 -1.7182 
-5.4692 -5.0182 2.9992 -5.7676 -5.2248 -7.1719 3.6528 -1.9273 4.6872 -3.6408 
-9.9736 2.8197 6.978 6.6226 8.2355 -4.4223 7.3917 -9.58 -0.87772 9.4807 
7.8601 9.5151 -7.9734 -5.5818 4.1837 -4.2069 -4.881 -4.2607 -8.9027 -8.8411 
-0.93005 8.4133 -3.1528 4.4659 -7.3847 -1.4197 5.0151 3.5141 -0.11145 -3.3992 
1.5684 -8.9239 -5.7674 3.2303 4.801 8.223 9.3538 1.0991 7.6121 9.2806 
-3.6879 8.0617 -8.1759 -5.4803 6.8533 1.7736 3.848 -2.824 -6.4438 7.2894 
9.8803 -6.2 -4.9477 4.8368 -9.8111 2.3985 5.7564 -9.7456 -4.3953 -0.18651 
9.6779 9.8523 -5.8595 7.8444 7.8368 1.9379 4.0565 4.1386 -7.1541 6.3616 
9.291 -3.47 2.3211 4.431 3.4731 -9.7002 8.2456 6.3904 1.1234 -6.3966 
3.3253 -5.4491 7.837 -1.7794 7.6096 -5.4128 -5.0646 -9.0067 4.9102 3.4455 
4.5232 8.8742 4.3282 4.3111 1.1773 -9.679 -1.7649 -2.6496 -9.248 5.9867 
-3.3191 6.2169 7.3044 8.8317 5.0542 -8.2114 -1.5611 -9.8933 7.512 -6.0197 
0.45546 8.4889 6.765 8.7082 -6.0651 3.897 -6.4783 7.8785 3.1698 5.8452 
-4.5329 4.37 -9.6087 1.3329 9.1272 1.2028 -7.686 6.7715 -2.3781 3.2969 
4.3676 7.5851 -3.3751 -9.2932 -9.5708 1.2867 6.8244 -9.2227 -4.64 0.70379 
5.5604 7.3012 -8.8749 -8.7956 -8.2803 -9.9111 4.1925 5.52 -2.6784 6.5991 
-8.3787 -2.8515 3.4529 -6.2303 1.2602 2.818 -8.0195 8.7001 4.2017 -1.2791 
-5.5684 -7.2745 -5.2384 -2.4771 -9.4376 2.5482 -0.24078 -7.2417 -4.4763 -3.7406 
-5.9208 6.1156 -0.50131 1.3735 1.7514 1.6248 9.9469 -9.0872 -6.2087 -6.6364 
2.482 3.6225 -8.8983 3.3806 7.4455 5.1449 -6.0352 -3.0145 4.4422 9.019 
4.5041 -1.3723 6.8096 8.0997 7.9983 -7.3358 1.6614 -9.518 3.2164 -7.0888 
6.6873 8.9423 1.9975 5.5886 1.9989 -0.85841 -1.8764 -3.0853 1.0004 8.4136 
-9.6221 9.0235 -4.4109 7.7222 8.1541 -8.8277 -5.2914 1.1909 1.6038 -7.3997 
-5.9576 -9.3584 9.3009 3.0809 4.7753 5.082 -1.8243 9.6535 7.3583 -9.4879 
-0.61814 -4.4767 -8.2453 -7.4737 3.7745 5.1351 9.4228 6.0076 -7.2004 3.4547 
-2.4321 -8.6449 -9.062 -9.9679 5.1051 -4.3522 6.1663 2.9479 -0.33081 -9.2024 
-3.1921 6.539 2.3525 -6.5211 5.7893 1.5496 3.0458 6.3984 -1.8198 6.1981 
-8.723 -2.0735 9.3701 2.6772 6.2458 3.214 -5.6141 -2.3079 3.0501 -6.0227 
5.2267 1.6235 -7.4733 6.3607 3.0988 -7.4442 -2.2175 0.97932 8.5297 5.8456 
-1.9468 -3.1293 -2.5719 -1.018 1.0764 5.5277 0.98106 3.1083 5.2278 1.7622 
3.4858 9.4242 -4.5267 6.1785 0.24433 -9.8249 2.0202 5.7755 -3.2 -8.7264 
1.0215 2.0681 -7.4176 -9.4259 0.58252 6.3128 -1.2911 -4.137 3.8792 -5.7284 
-8.9709 3.3528 -2.2803 -9.2994 -9.9791 1.9183 6.6295 -7.688 -6.3716 3.2021 
-3.8501 7.2665 -3.7361 -2.3301 -3.6503 9.6626 0.72634 -5.9181 -2.0107 -6.2919 
9.3089 -1.5983 7.0924 -3.8652 -2.4247 -5.7071 -4.1613 9.9345 4.0497 -4.7525 
8.6295 -8.5318 5.8631 -3.6054 7.6491 -1.2096 -5.4889 2.3926 8.4022 -1.8342 
-2.4395 7.4279 2.4748 -5.3894 9.2673 -0.74263 0.08069 4.7108 5.7251 2.7058 
2.3534 3.8931 1.0424 7.7215 -4.8849 -2.3294 9.4318 7.4039 -6.2146 -2.461 
1.2507 6.8285 -5.2714 -0.25425 8.1225 -2.1968 -0.78137 3.1765 9.9026 -8.7734 
6.6112 3.5249 -5.2554 -9.1784 -2.5538 -4.7492 -6.3532 -9.6184 5.9131 -3.958 
9.154 4.028 -3.8843 4.2386 -2.0081 -1.0293 -3.9603 5.352 0.20566 8.9749 
-8.4899 7.9083 -5.5272 2.8722 7.9551 -1.7166 9.5618 4.5234 3.8099 6.706 
7.7605 1.7483 -6.7813 9.0813 8.7526 2.0777 5.2457 1.2215 -0.72845 9.1102 
1.2489 -3.4961 7.8092 3.2361 8.2907 -0.62685 -1.3474 6.8643 -1.3547 -6.1544 
-6.1129 9.897 5.523 -4.3679 -6.3508 -9.2168 -6.9249 4.1851 7.5329 7.9031 
-5.5709 -5.8492 7.5889 5.5786 -7.0829 -6.9347 -3.199 9.5597 4.3835 -6.5092 
4.1153 -4.2749 6.0101 -8.5214 7.1843 -0.47182 -2.6608 2.2999 -3.7293 2.0582 
1.9352 6.6622 -8.3319 -4.2067 -1.293 5.1903 -7.405 6.2078 -8.6871 1.4627 
1.7259 5.405 -6.7401 -3.3736 9.4835 -9.5919 -5.8956 3.8151 -1.5566 -6.5773 
9.3699 -5.9884 -9.4766 -5.9292 6.8187 5.907 0.46236 9.5565 -7.2046 6.0114 
1.6349 5.2953 -3.5517 1.7242 -2.1154 -4.6789 4.4166 -8.2743 -8.2987 -6.2232 
-8.004 2.3185 -5.9061 1.2203 -4.9355 -1.0708 -0.60216 9.8384 3.8117 -9.6308 
-6.6679 9.2853 0.54797 -9.9036 -1.0436 -6.2258 8.964 -6.1818 1.0126 7.9495 
-7.9581 0.073825 -9.3218 3.8183 -1.8748 -7.3974 -8.0339 0.89233 8.1294 6.1898 
-7.0751 -0.42596 -6.8487 -4.0618 7.9005 0.58455 7.5229 6.2898 7.9464 -5.1389 
3.4313 1.7139 2.0776 -0.0090946 -4.9178 6.7972 -6.1414 8.3607 -4.6767 -9.2321 
2.7971 9.5918 1.5841 -1.9335 -4.9953 6.8966 -4.0976 -0.70053 -3.3677 8.4301 
-2.5513 -3.018 0.80703 2.5276 3.9889 -8.9343 5.4657 2.7919 0.36235 8.5041 
-6.7425 -4.7799 9.1241 3.0532 -0.38246 -0.56673 -8.8205 -4.2072 2.9021 6.4043 
-2.2096 1.7988 2.6178 -8.7117 -7.8974 8.335 -8.511 -9.3718 9.2975 4.1099 
5.9995 4.9077 2.0022 2.5528 -0.35872 -4.4204 -3.6524 8.4423 -5.0943 2.1115 
-2.0041 -8.3603 -9.041 -0.21326 7.0728 6.0592 -4.9285 -3.1864 -9.9375 -6.4017 
5.1024 -2.5009 -5.4868 -9.7676 -0.81298 -8.2407 -9.2182 0.93792 7.0144 4.4041 
-4.0958 -8.2598 -2.8348 -9.8857 9.3227 -3.3986 6.0645 1.5144 -1.9768 4.23 
2.8001 -3.637 4.7189 -0.25881 -4.969 -5.088 -7.6024 0.1641 4.2719 8.2317 
7.7023 -0.9354 0.55965 6.0058 9.3059 -4.505 6.4753 -4.1767 9.6602 7.3102 
-5.8071 -6.7784 4.1926 4.1272 0.25575 0.083174 3.7678 -4.8944 -6.7709 0.014134 
-0.39287 -8.8026 -0.087249 -5.3202 7.9385 -2.1042 -2.0832 -1.0339 -8.9807 -3.8121 
-7.7402 -1.1027 5.8813 -1.8965 5.5133 -7.8737 2.3244 7.5674 0.078903 -3.8587 
-7.3526 -4.2945 -5.8652 4.0835 6.5299 8.1429 4.6775 9.395 -5.1489 8.6212 
-8.72 -6.0164 8.837 -4.0966 -1.5105 -1.7323 4.249 -8.992 -6.7174 -3.0472 
-8.4141 0.19624 3.1278 7.6401 3.2784 8.6554 -6.3259 1.431 8.7439 -0.95828 
2.5391 -9.6104 -5.133 -8.7292 6.228 -2.5797 -8.0152 -5.4933 0.95304 -4.0315 
-1.7733 6.6021 -4.4105 2.4737 6.1955 -3.0573 6.1265 -5.7675 5.4021 -1.4376 
2.7718 -5.9923 -8.1104 1.9331 -9.7507 2.302 0.70294 1.8127 -3.6751 -4.9929 
7.1311 -1.4687 3.607 5.809 -7.9828 -4.9325 -7.2099 0.68306 8.4363 9.6979 
5.2715 4.6618 8.6211 1.9902 7.2652 -1.5816 -4.8314 3.6437 7.3719 4.9286 
9.5232 0.53594 1.4568 6.9468 -8.9731 -3.123 6.7363 5.532 7.7058 -4.2062 
5.6307 -4.614 8.2147 -6.8295 -9.8161 -0.33261 -7.0244 4.4553 3.1251 -1.3747 
8.7117 5.3567 2.7585 9.0511 -6.3668 1.0051 -6.0711 1.2145 6.697 9.9217 
4.783 9.0882 9.4424 3.2787 -8.5706 -3.7919 1.5005 3.4564 2.7977 -7.3244 
-4.9276 -7.6463 2.7471 7.542 4.1731 9.8198 5.6827 -3.27 -3.4585 -1.6562 
4.385 -9.5022 6.0164 -7.6486 -6.2651 1.0853 2.0626 9.5075 -4.5007 2.3748 
3.8703 -1.5592 7.5872 5.1505 6.0573 2.3215 -6.9231 7.4041 -5.6727 7.4897 
5.4664 -8.7123 9.1358 -0.13009 0.24675 -9.6006 -4.4063 6.5764 -4.4123 -0.34098 
4.9443 -7.4879 -3.7883 -5.4218 4.9339 8.2657 -4.8244 8.9609 -4.9446 8.5024 
-3.6323 -8.1516 2.0885 0.19988 0.99374 2.3929 7.8594 -4.7902 4.2191 0.074008 
0.20862 -5.3462 -4.5153 -7.0936 -9.8249 -1.4703 -9.9697 2.8221 -8.3578 -4.4953 
5.4613 -5.7761 -8.5391 -8.3182 -4.0108 -8.218 -2.5333 -8.6048 -4.0046 -6.7179 
1.4563 2.1962 -7.0952 0.025691 -7.514 -4.2913 -7.6701 -0.80125 -7.7765 -4.4554 
9.077 -2.1095 -3.4897 9.4019 2.4513 -5.1017 -9.1959 -7.4932 -5.3372 7.9152 
-6.5686 4.534 1.0425 -7.3555 2.0847 -6.1072 -5.0751 -9.0158 9.274 -2.739 
8.1447 9.226 -6.4469 9.3631 3.6637 -7.2968 -5.6296 7.6944 4.9436 -0.83119 
5.0444 5.0043 1.1182 5.9832 -8.7559 2.8954 -4.725 1.6063 2.4216 -3.4719 
-4.2765 -8.4252 3.2935 9.5701 8.5052 -6.4153 9.5419 -5.4505 0.33576 -1.6432 
2.5482 7.3591 0.8753 8.325 2.8534 -7.1039 -1.918 4.3454 6.2266 7.6327 
-0.74344 -2.7446 7.5608 0.58244 5.8537 -0.40579 2.179 8.689 -4.5074 9.5842 
-7.4112 5.9401 -8.379 9.4334 1.0842 -8.7994 -2.3443 -1.529 9.3476 7.4742 
0.98769 5.7277 -9.4563 -4.714 -2.4076 5.1555 -8.4887 -1.3947 6.8997 -9.618 
9.3902 -3.3729 3.1437 0.16647 6.9796 -0.51773 1.6029 2.3735 -4.2707 7.3647 
-1.1572 8.9998 -6.5877 -0.27141 9.3737 3.8086 2.7651 3.4287 7.8032 4.6811 
1.8193 6.5698 -0.27163 -0.065636 -8.4406 -4.1568 9.1279 -4.1186 -5.226 4.8373 
-7.7806 2.5826 1.7453 -3.5515 3.393 -7.6515 5.4895 -4.2811 -0.016094 9.3359 
-6.003 -4.0875 -3.7198 3.8928 -1.3578 4.357 4.3185 -9.3166 -9.3442 3.3522 
-6.7407 2.3401 -2.8361 -4.4642 2.4208 4.8987 8.0728 -2.4164 3.1261 2.9945 
-9.2625 9.7701 9.4573 -0.71579 1.7256 -3.5712 1.5135 4.0016 2.6972 -9.2989 
-4.5455 -3.1198 -7.6894 3.8113 -7.1188 7.13 -1.7023 -7.4334 4.7363 -3.3026 
-5.3973 -5.2071 7.9079 -5.9768 4.6245 -1.2351 1.0859 -8.5153 -3.4616 7.36 
-2.8291 -9.9921 6.8901 0.77251 -2.4219 7.5191 -5.908 -8.2044 0.43219 -1.8434 
-7.3131 8.1858 -7.5684 -2.3062 -3.4966 5.6523 5.252 2.4818 -8.4476 -9.7036 
9.9719 2.5508 -6.9572 5.9205 -9.6392 2.0635 -2.6557 2.3459 -4.2411 2.6057 
0.27042 5.7246 5.0463 -6.7626 1.9821 -2.1652 0.92578 -3.2462 -8.9639 -4.8265 
-2.2431 4.9743 -6.4653 3.3193 -3.3087 2.9511 -7.7481 3.3353 -1.1603 -0.49197 
-5.0029 2.338 1.9269 -3.6612 -5.0876 9.6237 -0.47525 -2.6455 2.326 -0.81349 
-2.705 -6.332 -0.81284 -3.2833 7.1519 -1.4279 -6.919 9.6146 -0.55713 -7.0099 
-2.0188 6.8719 5.6079 -0.075893 4.6271 7.5382 7.8483 0.23356 -9.7703 0.60441 
8.526 4.3199 5.3581 2.2673 -2.3938 -7.9673 0.20234 -2.9449 -3.8973 1.6755 
-0.090541 3.036 1.1987 -4.0923 -0.74924 2.5405 6.1696 3.7833 2.9053 -2.5559 
2.1837 2.2561 7.3951 -9.0561 -7.4504 -3.9479 8.8819 2.5554 0.58818 -1.5519 
-9.9038 7.4757 -5.5764 6.0155 2.209 -0.17074 1.1411 9.9298 -4.8927 3.8391 
1.7546 5.8535 6.1909 -6.0066 2.3485 4.8387 5.9707 9.5055 -3.641 5.6726 
5.5492 4.4885 -7.1154 -1.2405 0.69994 4.7869 7.7939 5.2696 -7.7342 -9.2822 
3.1437 -1.8169 1.4953 -2.323 8.8976 -3.7537 -1.7753 7.5725 -8.5274 3.3023 
0.56629 9.9531 -2.3248 0.79836 -0.070671 4.4474 -7.977 9.7537 1.7719 7.5231 
6.5155 2.4762 3.0121 -2.1058 4.8052 -1.8755 -3.0669 6.7979 9.3359 -8.3596 
9.2487 -2.9367 0.94329 -1.373 4.8977 0.6132 4.7966 8.9965 4.2743 -0.43248 
-3.7253 -6.3455 -2.3418 -6.7966 9.9789 -6.512 -1.4726 -2.9828 -5.1378 -4.0291 
5.9417 -3.5819 -6.945 -5.5975 -0.26989 3.9173 5.8653 0.68551 5.4041 8.4404 
-4.2965 -4.8879 -5.4634 -9.457 -1.988 -3.315 -9.802 -2.4842 4.0342 1.7561 
-9.7021 8.8217 -3.7046 0.64968 -7.7446 6.3167 -9.4002 2.6355 -3.2043 9.1242 
-8.117 7.8581 -7.8225 4.3282 -8.9236 -3.4407 1.61 9.9656 -8.6661 -8.686 
-3.4255 9.761 -3.0101 -9.9371 -2.8521 -2.9225 -2.6158 1.2603 2.2747 -7.4251 
-3.8887 9.0494 -2.5319 -2.4736 2.6036 -1.9777 6.6844 -9.1609 -1.0754 6.6699 
-9.6396 7.4841 -4.2416 -5.5239 0.86888 9.6902 -0.063081 5.5573 9.5345 2.1764 
-6.7559 -6.7551 8.7432 8.5498 -8.4691 -5.9594 9.5049 -7.1393 5.762 4.0603 
-1.1202 -7.0662 9.6614 -2.7084 8.9297 -8.0017 -1.9773 -5.8383 -8.4427 7.9572 
5.3354 2.9961 8.2966 7.6512 -9.8148 3.9197 0.87706 -2.9258 -4.9994 0.27413 
3.6251 5.8017 -4.6827 -7.9323 2.7264 -9.185 4.1418 -3.4244 8.3482 -7.1897 
4.2907 -8.554 -8.6027 -9.5305 8.6949 1.6495 1.7724 1.661 -5.4435 -0.76716 
-0.80438 -5.1096 -3.2722 -9.4555 0.22346 -5.8823 0.22545 -2.5189 2.2597 -5.379 
8.3854 -9.7859 7.6876 -6.7989 5.4134 0.52441 8.8735 9.2771 -2.7238 2.3887 
9.7789 -5.3492 -9.8376 2.8757 0.96607 5.0832 2.8946 9.3247 -0.34435 -8.4176 
8.652 -4.9029 -7.0528 5.7297 -5.3124 -2.1677 -5.7181 -1.5694 -5.9228 5.8113 
-0.76953 8.2438 -4.2305 -2.8294 -2.6502 4.4944 6.4962 -2.3937 -5.122 -5.4008 
8.0984 -2.6491 -7.3469 -0.95144 -1.9668 -4.5489 -2.7354 2.5158 9.9641 -4.8281 
-2.271 -9.2393 -9.1798 -2.3002 5.3913 -7.1596 5.6473 -6.0265 2.5825 3.5727 
2.0603 3.0166 8.0429 7.9421 -5.845 -6.1101 -5.9435 6.2022 8.9438 0.54802 
1.2064 6.3273 9.2998 8.8376 -4.8269 -4.3111 -9.2553 4.875 8.6893 1.9694 
6.9168 -8.325 -1.5141 -5.5787 8.2256 -7.6654 -2.9614 -4.8458 8.6939 -4.8945 
-4.3039 -9.7704 -6.9127 5.6066 3.3415 -8.7787 9.2475 -5.1152 -5.8981 -3.2358 
3.2664 -2.6877 9.7884 -0.93661 5.3497 4.4014 -5.5092 6.5046 6.9084 -3.4613 
2.0452 -1.7447 3.9718 0.43232 -7.1295 9.9017 -6.5297 -4.8453 -9.9269 -3.1344 
3.1293 -1.6796 3.6847 8.9787 0.38905 -4.5594 3.4199 -7.5527 1.9671 -4.4773 
-3.8013 -0.73248 -2.072 -6.5969 -5.3816 8.3356 -9.7496 4.2785 -8.3822 -6.8355 
-3.3671 -0.67987 9.8177 3.7544 -2.5496 -9.0138 5.0956 6.507 9.1306 1.9381 
-6.2361 0.96317 8.1987 -2.8006 8.7036 5.44 -6.3575 9.3075 -8.1474 8.4043 
-7.9863 0.65382 -7.0775 -8.4322 1.962 5.4085 5.0516 1.893 -1.4319 8.2725 
-4.2687 0.15385 -1.3161 -4.074 -6.8074 2.5127 3.8105 2.7329 6.739 -2.1686 
-2.9035 5.6218 -1.8499 5.0568 -0.97764 3.0045 -5.3115 9.3102 -3.1958 -5.8603 
0.71523 -4.2007 8.7923 5.6962 -3.6158 4.6929 1.6789 1.332 5.7659 7.5262 
9.8167 1.01 -2.125 4.2647 -3.0159 -5.6354 -4.753 -8.7036 -2.7362 -8.1506 
-9.4364 1.4933 5.977 -8.0255 5.436 -6.3809 -0.8478 -8.9783 5.9537 1.1224 
4.1906 -5.9222 -9.9462 -1.5388 3.7352 -1.2695 2.4173 7.0062 3.8635 -6.7745 
8.1031 1.1047 0.42363 8.289 -5.5657 -8.1498 2.0232 7.648 -1.8285 -6.7296 
7.3166 -5.7177 4.2278 -1.5304 9.4947 5.3153 -3.8624 8.9232 -2.8408 -4.2517 
-7.6166 0.98313 -5.5559 -7.5942 -5.9448 -1.1533 2.373 8.4668 2.7905 1.3216 
9.1055 -8.6046 -4.2252 -4.5331 -1.2614 -7.4378 0.018836 -2.4059 0.97831 9.984 
-1.182 7.209 6.0713 3.2841 -0.74768 -4.3483 1.0355 7.4279 -9.3126 -8.9996 
7.5152 -5.8323 7.8878 6.699 -8.6417 1.4737 0.29835 1.5224 3.108 -4.5821 
7.299 -5.2274 6.2323 -2.6625 9.3275 9.2515 2.1507 -6.2463 1.3127 2.126 
-2.897 -2.3883 3.1715 8.8428 6.6032 3.6756 -8.89 9.8579 -7.1448 3.9144 
2.6229 -4.2527 9.7449 -6.8709 -4.6521 0.21037 -3.9858 7.8486 8.8332 0.97476 
7.291 5.0105 3.4649 6.3231 8.2338 4.6902 6.4516 -9.5793 -4.5114 -7.0871 
-9.5802 -3.6212 -5.9544 3.9901 3.338 1.7515 -2.167 -1.5368 8.8284 -0.94956 
-8.4636 -7.8526 -7.1086 2.879 -6.6943 -9.7268 -3.9079 6.675 -7.9845 5.4035 
-2.4657 6.1227 -5.9754 1.4191 5.6919 -1.9613 -0.53173 3.0229 -1.0184 -8.0289 
-7.0161 -4.9588 -8.0178 -9.975 -6.4742 0.24508 -1.6128 -1.601 7.7034 -5.1112 
-9.3181 0.078097 2.4663 6.9807 -2.0915 -9.3515 -2.782 5.0051 -7.3921 3.5675 
5.645 -9.203 3.5922 5.0679 -1.6907 -0.24255 -4.8354 -8.639 -9.3994 7.3789 
-3.4551 2.4839 -3.6032 -7.8307 -5.7129 8.6223 -5.3645 -2.8941 -3.773 -9.3286 
6.3495 -2.2512 -6.3537 7.8162 0.87287 -5.5099 -8.2143 9.1516 5.4567 -4.036 
-6.5276 -3.8345 8.2643 -2.8584 -2.8347 4.8413 -6.0109 8.7965 9.7672 -8.1467 
3.5224 -3.359 -7.6718 -6.9882 -8.6616 1.2327 -9.4058 -1.1316 -8.5147 2.4718 
7.512 8.6319 9.4947 5.8076 -9.1959 -7.832 -8.9607 -8.4008 6.8195 -8.7682 
5.1431 -0.64021 -5.8647 0.67199 -4.9039 3.1882 6.4831 -2.6136 9.1877 -3.5197 
-5.4075 -9.9986 8.3275 -3.8619 4.4721 3.5096 7.3118 -9.0326 1.0477 7.3386 
-2.8211 4.5156 3.3816 -1.7096 6.906 -5.4087 -0.8642 -2.0458 -4.0318 5.5839 
-2.7367 -2.0103 -5.5095 4.6456 5.503 1.6866 -5.6055 -0.75168 -0.49291 1.3467 
-4.6511 -9.5415 -6.9774 -2.4218 6.1951 9.4954 -8.5196 2.2688 6.8104 -5.9161 
-3.2539 2.7548 4.3489 -3.3613 8.9447 -5.6326 -1.378 -2.879 -0.43369 -9.9812 
-8.2608 -1.213 -8.0337 -6.703 -5.1837 4.7726 4.697 5.872 3.9282 -5.9948 
-0.96881 1.8354 1.2099 -2.4742 -8.3585 8.899 -9.6596 9.8743 -6.4096 6.7145 
-0.90672 2.3597 0.52413 1.7869 -5.5957 -9.1147 0.81046 7.9235 7.3748 4.6593 
-9.4193 -0.91807 -5.6175 -3.1276 9.5383 -2.3138 -9.5826 -7.472 4.2699 3.858 
2.742 -9.0183 3.3397 -4.5489 8.2291 4.8962 -6.4182 -0.89444 -8.9687 8.0127 
-8.8108 4.3939 -0.95708 -4.9864 2.6324 8.7906 -9.7426 -9.474 6.2108 3.0301 
-6.6161 4.8019 -0.1926 7.134 9.846 -6.6932 -1.3122 9.5244 0.63037 6.4198 
3.6936 -1.904 -0.64487 0.65452 1.7508 -2.9913 -8.7178 3.7795 6.4068 -3.114 
1.0913 -8.9717 5.4774 3.0882 -2.1258 1.7389 4.1591 -7.3015 -1.148 2.023 
-9.8793 8.9601 -2.7476 -4.7227 -3.3364 -3.8561 2.0574 -4.7316 -8.3064 -3.7777 
-4.2383 7.5477 4.3078 7.9109 3.552 7.3388 6.0523 9.1166 -5.8897 -4.8586 
-2.4678 6.553 -6.8534 9.3475 3.5231 1.1193 -3.5831 2.5818 -8.0043 -3.3659 
-7.0701 -1.0273 -0.028298 -1.2497 -2.578 9.6456 8.448 1.6229 4.1953 -1.9117 
-8.5093 7.6895 -6.068 7.546 -0.92958 -5.3595 -5.5691 -7.4853 3.2247 -9.0875 
-0.78514 7.0744 -6.3377 7.1173 3.859 7.0861 -6.7019 3.5626 -4.3317 -7.3515 
-2.5921 2.9547 3.5437 -6.6972 -3.0503 -1.7059 -2.1723 0.9921 2.8562 8.3913 
6.4912 0.13567 7.9414 -9.6302 -7.1043 -2.8348 -0.73334 0.5689 9.1727 5.557 
0.75071 -8.4795 2.0452 -1.9766 -2.7229 1.4258 0.23097 4.1028 5.5945 5.7253 
6.3503 -2.7519 -4.8025 -3.1406 5.7606 -2.7423 8.937 -5.4554 6.2348 8.0815 
-0.79238 -5.3782 1.6485 5.0248 8.9287 3.2476 9.1787 6.9637 -7.1148 3.5293 
-9.7193 7.2036 -0.46083 -7.4409 -8.3712 -3.5736 -0.69874 0.037406 -1.6175 2.2736 
-9.9003 2.6878 7.3664 9.2066 7.9949 -7.2861 0.10147 2.1748 -3.2944 6.0012 
-6.6755 4.6291 3.5157 -5.9334 6.0423 7.6543 6.7426 1.2079 6.9162 -4.1742 
-2.6812 -6.8729 2.1486 0.36246 4.8139 -7.8311 -6.2703 8.8456 -7.6008 0.40627 
4.3642 8.9929 7.6046 3.9688 -4.3282 5.7942 -4.8013 -7.5921 5.7921 -0.67306 
-6.8115 -1.9915 6.1146 5.447 3.8329 1.8361 1.8922 4.4023 4.1827 5.1609 
-4.4246 2.2277 1.9806 3.283 -8.0637 8.3009 -0.52571 8.5258 2.7512 -6.0552 
2.8988 5.9698 -6.2987 -4.1389 9.6276 6.5679 6.6141 -0.97734 -9.0079 -1.708 
-4.2559 3.7274 8.6348 9.2829 7.9916 -9.9848 -8.8915 5.538 3.4453 6.9238 
-3.5614 -9.999 3.1956 -2.7412 6.9134 3.1958 -2.3061 -5.2028 -3.9673 3.3959 
-6.8917 0.053153 3.8815 -6.3765 2.984 -5.9042 -7.8801 -3.9666 0.12488 9.0874 
-2.2467 9.7124 6.0834 1.8525 3.675 7.6192 8.9772 8.6155 4.8861 7.5548 
7.9147 -9.8599 -2.4065 -0.23655 -0.76549 -3.9233 5.2585 -0.68458 -5.1864 4.9023 
7.7553 -9.1814 -5.0029 -5.0757 6.6237 -8.0463 0.50654 -5.3691 0.33058 -4.7346 
-2.1277 -7.9315 -3.43 8.8547 2.4015 -8.2271 5.0035 -8.3771 5.0045 -7.9458 
3.5092 2.0681 9.5645 -0.28336 7.6508 -2.8001 -0.78009 -1.0119 -7.2338 0.93042 
-4.9557 -9.0762 -5.0949 8.2566 -8.7422 -7.6203 -9.8357 -0.9422 3.424 8.2837 
8.9998 -1.5626 -2.1454 -7.3564 3.1459 0.4478 1.3636 7.6184 -9.1167 -1.5338 
2.4936 -2.8827 -9.4705 -3.8222 9.3084 1.9498 -1.8964 9.3409 -3.3944 0.14992 
-5.861 3.9534 5.5091 -1.679 -8.3122 1.6856 -8.073 -2.7326 2.1568 -2.4319 
-7.8069 -2.7404 -1.1115 -1.8925 -6.7521 -5.1672 0.99631 9.672 7.0158 -4.7191 
1.317 -3.5089 -7.6619 9.3192 3.0238 2.8001 -2.8877 -8.3206 6.9135 -4.1744 
-4.5133 3.5495 9.9416 -6.2859 -5.1826 -9.7548 -4.1399 -8.3211 -9.5283 -6.9682 
-8.5767 1.665 3.5798 5.1319 5.0752 7.8148 -2.4219 8.9755 -0.116 6.1875 
-6.831 -5.1909 -1.1577 8.9484 -4.3451 1.1787 1.2505 4.1278 -0.95262 4.3055 
-9.0096 -2.5027 -6.9453 1.3739 -1.8072 -1.8135 4.9666 3.4222 1.6207 8.0976 
3.6177 -5.9053 -3.7736 -8.416 -0.45049 4.0146 2.6654 -0.42081 -0.067033 8.7088 
5.6351 -4.8272 0.6778 -8.7689 -9.6515 -0.714 6.1393 -7.1957 -4.6907 2.9345 
6.1473 6.9463 -1.3692 2.5975 3.8314 -1.04 -1.509 4.5866 0.65083 -7.5664 
-4.6989 -1.4592 7.8277 -5.9969 1.4131 7.6445 -2.3786 -9.778 0.58767 8.9841 
7.918 3.1397 -6.952 5.0406 8.6098 9.5451 0.70366 6.6541 8.0856 8.7082 
2.1597 0.62543 0.16052 -3.4336 -3.8579 1.8382 7.5712 7.8365 -2.0346 -1.9612 
-9.712 8.7404 4.5064 -0.80579 -9.3658 2.3922 -9.0013 -7.1105 6.6814 0.43433 
-3.1194 -3.3316 4.5482 -0.80769 0.955 3.7708 -2.965 -7.8221 9.3845 2.2843 
0.67329 -2.7818 6.1354 -3.3127 0.41705 -9.9685 -2.0235 -9.4338 5.3744 -9.2604 
2.5553 4.9299 3.841 3.8647 5.7363 -9.2212 -2.8271 -5.3609 -0.014108 6.6094 
-1.0653 7.2786 0.84093 2.543 3.3201 5.5117 -1.7663 7.2793 0.033835 3.9693 
6.2221 -9.5589 -7.3692 -7.6714 9.726 8.4136 2.1952 -4.0065 -1.4916 4.5677 
-7.1034 6.9905 -1.089 -8.8597 3.8323 2.9543 5.4401 7.4852 -1.6104 1.2546 
9.4966 6.1525 -0.16822 -1.3676 1.001 2.5917 -2.1943 3.1525 7.6863 -5.9297 
6.6752 0.85566 3.9773 8.644 2.5831 1.4606 0.18895 1.0734 -4.6433 9.2461 
-3.198 -1.3243 0.5481 -7.8645 9.4071 2.4092 -9.2422 8.1792 3.8922 5.3108 
2.3248 2.0487 -5.4835 -9.5688 -7.4964 -8.4102 1.676 0.033307 1.1019 1.7918 
-3.9249 -3.2979 -0.47501 3.6324 -3.6123 -6.3177 -5.5412 9.334 -6.0557 -9.4243 
-8.2156 5.5621 -9.1284 4.6907 -2.7458 -2.9244 -3.9212 -1.3665 -7.2531 -4.2396 
0.43052 -8.0656 6.27 -5.1481 4.3421 -7.6178 9.9264 -3.669 5.7059 -7.8964 
6.5058 -0.9609 -6.0036 7.6335 5.9614 7.2847 8.5968 -8.073 5.7283 -9.2468 
5.2785 5.239 0.46294 1.8742 -5.0805 -1.8322 -4.6417 5.955 -4.8392 -1.8013 
8.9528 2.5167 4.5678 1.769 -4.9112 6.5673 -7.0289 6.9107 3.2705 7.9437 
-3.3291 -9.9702 -8.835 -1.7148 9.4606 -2.5782 -7.0359 2.3627 9.9186 9.3765 
-2.2052 -9.6566 -1.5794 -8.4329 9.4142 7.2932 -7.3319 -8.2446 -7.2551 -4.4701 
-6.9917 -0.86292 -8.4083 4.5483 -7.6977 -4.3421 -8.2304 -4.6273 -2.1981 -5.8037 
-3.3259 -5.5687 0.27068 7.0832 9.4718 -2.6308 4.4229 -5.7144 2.6301 -2.5738 
1.0736 -2.5716 1.3197 -3.1253 6.3377 7.5975 7.2255 -3.7003 -4.1188 3.7205 
1.0059 -1.1754 -4.1271 7.4748 2.1762 -1.5045 1.2781 -4.2822 -3.1018 4.3492 
-6.7916 -8.7862 7.3717 6.4435 -4.3562 -8.6318 -1.442 -1.1396 4.3242 2.3653 
-7.6582 -2.7192 4.7233 -6.1598 4.6269 8.761 5.9729 9.0759 9.17 -5.5272 
-2.029 -2.4626 3.268 3.2221 -9.3625 -6.2815 3.6043 -2.3758 -7.98 -2.631 
6.6277 -3.9752 9.2405 -8.3002 4.9509 9.6592 -5.7368 -8.7715 0.64002 8.8004 
-6.3 8.3678 7.7576 2.8491 8.8321 -6.8059 -2.7174 8.2153 2.7865 9.794 
0.015715 -0.45299 8.5684 1.2484 0.49114 7.2759 6.6598 0.83583 6.7366 0.81935 
-7.4737 -6.3922 4.254 8.2229 3.2941 2.8376 8.1535 -4.3414 -9.8633 -6.4787 
7.2926 -4.0592 -8.3341 6.5339 1.3828 -3.876 3.4689 0.48932 9.1633 3.7907 
5.3329 6.586 -4.9121 -2.8503 7.3878 -9.5159 9.7564 9.3094 -5.094 -5.3677 
1.2871 2.3625 -3.0383 5.288 -4.0668 8.9602 -0.64945 4.0028 8.9153 -4.7042 
-2.2086 3.272 7.9316 4.6842 -9.7861 1.3787 3.0955 8.938 2.1613 3.4542 
-0.19725 2.3241 4.3783 -8.3938 -1.4638 -4.8455 6.271 -5.1447 -4.2086 -1.9283 
7.7381 -4.7747 -4.7818 0.17141 -5.3215 -6.6672 1.764 1.2121 -0.87047 4.1084 
8.101 7.45 -7.4355 -3.9039 -1.0522 -1.1931 -8.8806 0.53731 -1.6395 -8.2977 
-0.032221 -9.8926 5.1834 1.9535 0.66854 -6.3934 -8.8639 7.088 6.5182 -9.0988 
0.58454 -2.6949 6.096 0.10985 1.8074 -8.5677 9.5377 -2.5755 -9.4849 4.0082 
8.194 1.8394 -4.72 -6.6195 4.0343 -2.4446 6.0824 8.7962 3.5646 7.6879 
1.572 8.4968 5.9997 6.1915 -9.6252 -1.0118 2.3927 -9.708 -6.8347 8.1906 
5.5157 -0.8399 -1.4093 3.0482 -7.9356 -3.2255 -4.6615 1.7765 -3.6851 -4.2007 
3.2279 -1.5158 7.7631 0.73108 2.8218 -1.5855 -9.8752 0.75681 0.2724 -0.80225 
-0.60686 3.0992 5.5688 7.8082 7.3882 -6.7301 -7.931 -6.0509 -5.7631 -0.3386 
-5.6046 5.2847 -4.7029 -8.9077 -5.3737 -6.9121 -7.7964 -8.9169 -7.4218 7.8466 
2.0518 -2.4071 -5.8172 -4.1801 -1.3783 8.2176 2.1751 -7.0456 1.7187 1.0343 
-6.3148 -0.91862 -2.4805 1.449 9.7519 -5.667 -6.4468 -9.747 6.6831 2.0645 
-6.0498 2.876 5.9847 0.027246 -6.4615 8.0581 0.85651 2.0037 -2.259 6.1743 
7.2398 4.7031 -5.1429 4.5786 4.3183 8.1619 1.4754 1.0991 -0.64615 6.9917 
-7.487 2.6764 5.5775 -0.55943 -9.395 -0.48658 -5.3385 1.9295 -1.7162 6.5713 
2.9116 5.6589 -4.4237 8.5665 -6.8577 -1.818 -4.9373 -5.5074 2.8788 -3.2086 
-1.2536 -9.3103 0.35655 9.1165 3.1643 9.6053 -6.7385 6.4923 -6.6838 -1.737 
2.2521 -7.9828 -4.7209 3.41 2.1513 4.3651 -5.7795 -4.1706 1.5967 -6.7942 
4.7496 -9.1652 2.3759 0.25648 3.1832 -5.2211 0.26201 -8.655 6.1035 4.7804 
-3.9344 -6.7896 -1.6821 6.0368 -1.0065 -5.9549 -0.79189 -4.7141 -4.6645 -4.7005 
-9.1406 6.7001 -3.6309 -5.5437 -6.056 3.8528 -9.7188 7.8833 -5.621 -1.98 
6.7102 1.1887 -3.9898 7.6932 -5.8544 -8.1577 2.7595 -3.1438 7.0213 5.5365 
-2.6138 -6.5596 -0.7337 4.3642 -3.0327 7.7253 -6.9888 -7.0772 8.1228 -3.7192 
3.2268 8.776 6.4473 6.5142 4.0853 -2.5076 -8.87 2.6585 -4.2942 -8.643 
7.9144 0.84319 -1.0139 -7.7777 -7.9832 3.0729 -9.8964 2.8016 -8.7938 -5.5363 
-4.518 6.6052 9.1548 1.2556 1.4852 -0.88491 -9.759 8.0562 -8.6516 -7.5933 
9.958 -3.6511 -1.0311 7.4853 6.7034 -2.5486 -4.6001 -2.5952 0.76323 0.12639 
6.6871 -5.3452 -8.6162 6.3437 -8.8467 0.82357 4.3766 4.6472 -8.4036 3.9782 
5.8269 4.0399 -6.1771 -8.6178 -8.6428 2.1039 5.4007 -0.27244 -2.7877 6.2288 
3.1323 0.39567 1.1432 0.93497 -7.6998 -6.8437 -9.688 8.8853 -2.7477 1.9863 
0.87346 -4.2771 8.9417 9.7441 -9.1614 6.2662 -0.74883 7.8885 -5.6447 0.31392 
-2.2664 -9.4465 2.3005 5.7805 -4.2777 -4.5658 5.6636 -6.6793 -9.1291 0.83729 
6.4446 -6.9439 6.2742 -5.2725 -5.3583 -5.3308 -3.2638 6.9871 -8.9918 -9.9483 
1.9067 5.6785 1.2916 -2.1978 8.3481 5.2907 5.4205 6.7089 -2.7928 -5.047 
5.6328 0.37504 0.75687 -7.4423 -2.5072 -0.3157 -1.6325 -0.57984 -2.9242 6.3572 
9.7535 -1.6635 -9.8198 -7.9057 2.4891 -8.8298 7.4578 7.4493 -5.7118 6.4308 
5.7651 -7.829 -4.2246 -3.3667 -0.18759 -6.6491 6.0056 6.7699 4.4726 5.5537 
7.0584 2.6286 3.0993 4.9044 4.245 9.8882 2.511 -4.153 -4.9906 -1.6472 
-0.28774 -7.4653 7.4362 -1.755 9.0496 5.816 2.3993 -8.9832 8.022 -8.5067 
7.4751 1.6129 4.2585 7.1423 -6.1787 -0.13798 -0.33351 -8.7628 8.6774 -5.9402 
-3.3231 -6.31 4.6808 1.8174 1.7826 4.8008 -2.0876 -6.1703 8.0728 -4.1788 
-5.8937 -0.10178 5.077 3.5635 4.9054 -7.1118 -0.042303 7.9351 -5.629 -9.2497 
-0.11286 -3.2912 -8.7478 0.70209 -3.6059 -9.1793 9.6131 1.608 0.93231 6.0632 
-9.3758 -5.863 5.5687 -8.1538 4.608 -6.9808 -8.6577 7.5132 5.9127 4.0039 
6.5515 -7.8967 -9.6674 -2.1783 2.6164 5.0812 -7.4632 -1.1133 -6.6268 5.9757 
-4.7149 -6.9273 -3.0101 -1.056 8.0115 -4.5502 5.1762 5.9672 7.3311 -8.1145 
3.55 7.4666 3.3579 -8.8258 -1.6937 -6.8561 6.3412 -3.6562 3.3943 6.4338 
5.8773 4.4874 1.6516 4.3384 -4.2709 -4.5628 -5.9568 -9.5012 7.9673 7.9287 
3.6369 -9.9283 5.8723 -4.03 8.86 -7.8852 9.6401 -7.9652 -0.6003 -8.0425 
3.0152 6.2083 -8.3976 9.9185 -3.4559 -7.8957 4.4144 -3.743 -7.8276 -6.7652 
-5.2532 -5.0876 -8.4822 -8.3085 9.9443 0.41124 -9.9993 -6.982 3.9968 4.3325 
-0.45193 7.7187 -0.012562 -9.6958 9.4466 -5.8591 -9.2379 -1.8952 -4.4956 -9.1155 
8.7284 6.7856 -6.5013 -6.0064 5.1425 -7.7045 7.6967 6.1454 -8.0893 -4.349 
-5.1779 -2.8887 -8.233 6.1433 -6.8764 5.3996 9.7024 -1.6927 -1.6631 -0.097349 
-5.8177 -3.6951 -5.7548 -0.59626 6.2473 7.7214 -4.3573 1.1232 -9.4363 5.1619 
-4.5506 -6.9163 1.0476 -3.7497 9.5646 -7.3518 3.7866 3.7305 -2.2168 2.4306 
5.5163 -2.2315 -8.226 -4.2832 -1.984 4.9772 -3.0538 7.197 -6.1157 5.8905 
-3.3718 -3.8912 -8.4775 9.6051 -7.791 -0.9562 0.20877 6.8453 -8.4551 -4.7677 
2.0615 6.4235 8.7979 5.1659 1.0139 4.5998 3.9233 -2.0199 4.2172 -3.0809 
-6.3197 -4.4024 0.16187 -7.3912 2.7508 5.0328 -3.2749 -9.0758 -1.2251 6.894 
-8.2508 7.0291 9.6672 2.5441 5.8212 4.9143 -1.4944 -5.6949 1.8317 -2.082 
-3.8217 -6.0943 4.3826 -0.85124 -8.8322 5.4254 3.3926 0.5354 0.71515 5.5727 
-5.3824 -2.9 4.263 3.526 -2.6343 5.0235 1.4553 6.3435 -6.9053 -9.3204 
8.1837 -3.0805 -4.1216 4.1437 7.6898 4.6366 -7.8435 4.8065 -4.3377 -3.1004 
8.7377 1.7126 8.9011 -6.5276 3.821 -2.1977 5.5865 -5.5853 9.4635 4.855 
-9.3624 -0.87498 -1.8852 0.092651 1.3811 9.9289 -1.1744 2.1985 2.5684 -1.2933 
1.8729 -9.231 -8.0109 0.63763 8.7889 -9.3706 -6.512 6.254 -3.34 -5.5967 
-9.1236 -2.3997 -9.1954 0.72318 -3.8766 5.5375 1.3019 -8.3252 -4.4995 -0.24853 
-1.5019 0.92974 -2.0978 -1.685 5.9833 7.9859 8.5621 5.3165 -7.1564 9.0642 
0.43163 -8.6348 1.9572 1.119 -2.158 -5.202 9.0022 -5.3456 -3.5066 5.7537 
6.8068 -5.7355 -9.7798 3.5124 8.9015 -9.4403 -4.296 -8.7205 2.216 7.5781 
2.5006 5.438 -3.9911 0.23085 -4.8421 8.9709 -5.4862 -8.2682 -5.4336 9.4088 
-4.8959 2.6076 -3.0502 1.2983 1.3723 -1.0045 0.85283 -4.2405 6.7125 6.1729 
8.0938 6.1744 3.7638 -8.1157 7.4771 -7.9032 -4.1741 -5.6452 4.3651 9.9893 
5.346 -9.5702 -3.2642 -0.5976 3.623 -3.2828 6.3217 -7.0421 3.3068 3.2366 
1.2533 -9.7649 -7.4635 -6.6396 -5.0119 5.2263 4.8559 1.5544 6.8345 -7.9072 
7.9431 -2.0241 0.66066 4.4209 1.7732 -2.3702 9.5564 -6.4111 -5.0011 5.1577 
-2.6384 -5.8061 8.0849 9.643 -2.5058 1.8298 1.1547 -9.9633 -8.2551 -2.0601 
-3.2454 1.7583 -4.3454 8.3784 9.8272 0.10497 9.7843 -9.9684 7.8691 -4.0631 
2.3771 6.4544 0.55213 -1.8732 4.2555 5.8345 -1.4478 -0.0045991 -9.461 -8.0544 
-8.2621 4.9815 5.896 4.9297 -8.8288 3.8943 -8.9415 -4.3266 -8.313 4.7193 
-2.49 8.5829 -3.909 -1.2208 -1.0407 4.8298 -6.9896 0.41463 9.5595 2.9334 
-6.2524 0.49091 -9.7083 6.9685 4.9929 9.2117 -1.7311 8.7091 -7.0708 4.9799 
6.2105 0.77291 4.8994 -1.0919 -8.0883 1.5825 -7.4807 -4.104 -3.5216 -9.348 
4.465 3.3459 -4.3037 4.3238 -4.236 9.2887 -0.9167 -7.6436 3.1459 -1.8261 
3.4935 7.4252 8.5598 3.1377 -0.94581 9.9581 -1.3681 5.364 9.3967 -3.3676 
8.2796 -6.3735 -9.8843 -8.654 7.5237 -4.5977 -4.2826 1.9758 6.4384 -6.3837 
6.4192 3.9821 -0.56346 2.2714 6.8301 1.5544 -3.9238 -0.1764 3.9864 9.9693 
0.97449 -6.2218 -7.2453 -5.2768 1.5191 -8.1294 -3.7993 -2.3577 7.647 2.0392 
-9.6892 -6.0037 -4.2862 0.6563 5.6154 -7.9544 -5.5833 -4.465 3.3509 3.8717 
-8.1063 5.4193 0.76302 -6.3463 2.4606 5.1209 -4.8825 -4.7411 3.3953 3.8225 
0.29517 0.59792 -3.2498 9.6804 -3.1466 -6.5688 0.58437 4.8089 2.3554 0.64598 
9.0497 -9.9057 6.274 3.8428 -8.8809 -6.2931 -2.093 7.969 -8.9555 4.3267 
6.8612 9.1072 0.46594 -4.1911 5.3814 -6.3989 6.4432 8.215 -4.777 9.723 
8.7002 7.5456 -6.2778 3.4099 -2.4376 1.4377 9.5973 -0.68927 4.4296 3.6408 
9.4683 7.4462 7.6091 1.481 -7.9674 0.95922 -3.5089 5.0191 8.5982 0.53214 
-2.5495 -0.1195 -8.8877 6.352 2.3339 -1.2724 -4.5184 2.2734 4.205 -6.7627 
-3.582 0.62203 0.74996 -4.9909 -5.0492 8.5598 2.3959 2.3856 2.9293 9.0559 
5.665 -9.3548 2.6293 -5.3261 9.6436 -4.2588 -8.0694 2.153 8.1062 3.3846 
-5.7556 5.0031 7.6095 -4.6094 8.2163 -0.1835 4.0897 -3.0668 -6.6973 -8.9624 
9.183 5.167 5.0832 -5.7138 -0.75519 -3.532 -9.0143 0.95172 9.0422 2.0987 
8.6047 1.6713 -2.5202 9.4337 -8.0646 -0.82394 1.8726 -7.357 -0.32044 4.3034 
-2.6854 -2.5977 6.9376 8.8796 6.1837 -9.7012 4.4053 5.3376 1.6652 -8.7948 
-3.1018 -0.16 -0.12891 7.8437 0.28891 6.3913 7.9741 3.074 4.5396 -1.0904 
3.8536 0.54365 -7.3622 -9.3224 6.1366 8.9306 -5.9192 0.9232 -6.4678 5.6158 
4.3321 -1.0255 -0.77972 -3.9981 -9.4773 -5.5404 2.7861 6.0875 9.6163 0.38453 
6.0069 -7.152 -7.6933 -3.143 3.1071 -0.68537 -9.1102 -7.6924 -4.5034 -6.6156 
1.8734 3.0549 -4.2466 -5.7169 -3.0096 -8.7661 9.8698 -7.3919 9.6375 -2.2751 
-8.0565 3.4934 -1.897 9.6828 7.9344 5.8748 -9.0117 5.6904 -2.693 6.6789 
1.1902 4.9953 -8.5983 -3.8746 7.0255 -0.33051 1.9697 7.1872 -0.89637 8.8726 
-9.1382 -3.8815 -2.1856 4.0697 -7.0705 7.8959 -4.0708 -7.0683 6.3678 1.9644 
5.1526 6.087 5.2989 -0.95395 -4.9646 6.0312 -9.7873 3.087 -0.903 -2.1512 
3.193 -4.0007 8.6968 8.8195 5.7125 -7.1198 5.7832 0.37226 -1.0239 -6.4204 
1.9892 -4.5183 8.7744 -2.4175 -0.91641 -3.3928 -2.1609 -9.8916 5.2977 8.6032 
-5.4601 -4.5903 -3.7979 7.7997 5.6196 -8.5751 -9.3223 3.9282 -5.7798 7.9388 
4.2743 5.2698 2.9539 -5.1145 5.9616 -8.4272 -7.6114 5.2808 6.454 -9.7849 
4.49 -3.6285 8.3834 -8.0746 -4.4372 7.0908 -8.7687 0.096553 -5.7643 -6.5552 
-3.1156 -2.8599 2.9215 -5.7301 7.2777 -3.6991 7.0432 8.2 2.6573 -6.2657 
-9.345 3.5096 -6.3309 -0.74409 9.9882 -6.2083 -3.2794 -6.9453 9.8053 5.5692 
6.8723 -9.3292 7.0001 6.2082 6.0738 2.9146 4.5426 -5.5564 9.7032 -5.1676 
5.406 -6.9995 9.5674 2.8158 -7.0222 4.1608 -2.9647 -9.8144 2.6692 5.7305 
0.19293 -1.569 -3.5017 1.171 1.1213 -1.355 -7.6895 6.2148 -5.0058 2.6085 
4.1393 -5.7421 -4.9118 3.5943 -4.2148 7.5187 -0.16671 8.6876 4.7576 5.1825 
5.8235 5.2014 1.3724 -3.4697 7.5551 7.9169 4.4175 -8.291 -9.9934 -4.1212 
-3.3866 2.8661 4.6589 -0.9201 5.2543 -6.9736 -6.2339 2.9681 -0.085298 -7.1074 
8.2735 6.7929 2.5863 3.3082 5.0678 -3.39 -4.2824 -7.8986 -5.0676 6.4115 
1.5341 -5.8441 -9.4498 -3.5216 8.986 0.24969 7.3224 2.7025 -9.0735 6.2257 
-4.2418 -1.233 -4.0843 -2.6214 1.4051 7.8758 6.5186 -4.1661 3.0657 -0.96443 
-4.6627 4.6424 -7.5811 3.8851 -7.9439 -9.9489 7.9063 7.6844 -7.6481 6.0111 
7.8036 -7.905 -7.126 -2.207 1.921 8.9739 -6.8358 -3.0533 8.4294 5.7599 
-2.678 -1.1087 4.6579 -1.4468 8.7028 -3.6573 3.1853 4.6713 -5.5912 6.0214 
-6.9997 -0.18895 -0.77762 -5.5626 9.271 -3.0344 -0.38638 9.9763 -4.8663 -8.0404 
8.9266 3.8885 0.67291 5.0498 3.1071 1.2882 2.38 -8.0819 -2.9038 -7.6168 
3.0167 8.6162 -4.2166 5.4983 7.0554 -3.1008 0.21399 -1.038 -6.3522 -5.3053 
9.6443 -6.897 6.8072 -1.2845 0.57041 0.38194 -9.6997 -4.4498 -0.84131 1.3911 
-6.1233 -8.9464 -6.83 -8.571 -7.1691 -3.2857 8.9049 4.36 -4.2467 6.2408 
6.5749 2.1735 -9.5414 3.2896 5.2019 -6.6559 -1.9567 -8.1288 -8.9692 5.3598 
-0.12396 -5.1412 1.9874 -1.3749 4.0024 -0.99974 -2.3109 -8.8475 -6.3939 8.7993 
1.8156 1.166 2.9691 8.5658 -4.3804 -5.0455 1.9954 4.6474 2.0925 -9.7548 
-9.1022 3.57 -0.22095 4.9289 -1.0067 5.8555 1.876 -5.2464 1.8746 5.006 
1.2892 -0.6699 9.8652 -2.8028 6.8923 9.1626 -9.5864 -5.1091 6.9206 1.7251 
2.6709 3.1681 0.26222 -2.4708 -2.9539 -0.48011 1.4925 4.0976 -1.5351 -0.96808 
-0.038005 6.167 -2.3417 -6.9321 9.2378 -6.5355 -8.2005 -5.3285 8.0864 -6.6228 
-8.8075 7.1288 0.92176 3.2831 -6.5494 3.9109 -3.6127 2.0566 -0.68127 -0.9287 
0.30326 4.2176 -8.5199 -6.4229 -2.215 -3.7439 -7.8165 -8.1607 -8.5956 2.2471 
-8.9361 -4.7333 6.6582 7.652 6.1563 -3.2379 8.2051 8.0382 -4.5919 -8.4492 
6.8726 -4.0779 -4.9219 -9.7568 -3.8432 -6.3969 1.9538 0.16166 -9.6701 9.4656 
1.8935 -6.2831 -6.5956 -8.8482 -8.4171 9.1525 6.891 2.5001 -0.96578 7.9393 
3.8204 1.9875 -0.57166 5.395 6.7501 -5.4121 -0.025926 3.4451 7.8286 -2.2311 
2.9445 5.5659 -5.3664 -9.0745 3.0601 4.9109 2.3346 -4.3828 7.8003 -7.7905 
2.4688 -8.0847 -3.9042 7.5264 8.9717 7.4943 -0.8811 -2.8967 6.7678 -9.2062 
9.0772 -1.8005 -0.044411 5.376 -5.6606 -8.0332 6.4785 -7.2653 -4.5125 -1.8614 
-6.4611 2.6249 6.8692 -8.0471 1.9207 -9.1218 3.8265 0.84227 -6.4908 7.4281 
-0.5019 5.3063 6.4761 -1.0889 -8.4185 8.3918 1.6569 -5.3367 -2.4918 -1.4756 
6.8481 0.31213 -8.8583 1.613 6.6263 8.428 -4.855 0.57366 -6.775 -2.7666 
-0.060731 -9.0642 -7.127 2.1378 4.7656 7.9138 6.8317 9.3553 3.1752 5.462 
5.2481 -1.1872 -4.8626 -5.8679 -2.782 -8.0464 -3.0705 -9.8376 -8.319 -7.6046 
-6.4025 5.6254 7.7909 -6.9292 -6.7443 7.805 -3.6018 -0.83203 0.97064 6.5347 
3.8324 9.8229 -5.0314 0.11826 7.1774 -6.0778 -5.101 4.7334 -6.4684 2.2277 
8.2885 6.9856 -2.5439 -0.32449 -9.3731 3.0341 -3.0197 7.7861 9.1724 -5.8805 
-6.7469 -8.8003 -3.8281 -7.5411 -0.20113 -5.6237 -6.5055 7.819 5.3769 8.2618 
-1.4381 5.3345 -1.4866 -4.0017 -5.6608 -8.314 5.6729 2.5635 0.5258 9.0865 
-9.163 4.4981 -7.4558 -7.2778 -4.7381 -0.77298 -8.4157 3.2815 8.7977 -8.3576 
-5.4851 5.0937 5.5414 -8.9501 -8.922 -8.6906 -2.461 5.1725 8.12 4.4987 
3.323 -5.9714 -5.8371 -2.3135 -9.688 -6.5 6.7274 2.8027 5.0585 3.4469 
7.4269 -3.5232 5.8192 4.7919 5.0955 -7.0025 7.7323 -0.33836 -8.2923 0.57309 
-3.1054 1.9416 7.0555 3.1176 2.4615 -6.4 -0.47654 -6.6562 9.749 2.1983 
-9.455 9.5423 -9.8984 9.1637 0.66697 6.2956 -0.060657 1.1604 4.4201 9.298 
8.1057 -0.97143 6.4654 0.10523 6.4785 4.9756 2.2404 3.0452 2.4226 -7.194 
-0.57876 -0.073892 -4.3298 2.7179 -4.8478 8.872 -2.6178 -6.933 -1.8335 -7.8524 
8.2093 9.4331 -7.8005 -3.0797 5.953 3.5999 4.8059 6.4376 -4.5801 5.4803 
-3.4404 5.2601 -1.6268 -5.0777 3.9613 -8.1837 8.8225 -0.50943 -6.1069 4.8203 
3.8221 9.5953 -6.791 9.0244 -9.7911 -7.9234 7.6503 -8.9418 -1.4705 -5.1256 
-9.651 -5.9434 -8.8893 -6.6921 9.013 5.3711 -3.2481 -8.1443 -5.4738 6.7353 
0.24694 -9.3666 5.3085 0.54978 -2.0098 -9.9682 -1.8548 -4.9429 2.5941 9.532 
-3.3637 -6.837 7.2169 9.9393 -9.2026 6.6515 -6.3013 -6.7299 -7.5619 -8.0202 
-3.2778 4.3941 5.8405 8.1864 -1.6305 -3.2181 -1.4334 -1.3266 -2.8741 5.4797 
9.0669 5.5456 -4.0565 3.0364 -2.7456 7.4699 -3.4418 -9.8288 -1.4262 -1.0506 
5.0101 2.8992 7.2722 -7.371 3.3669 -9.7511 1.5173 -7.9846 9.8709 1.9289 
-3.3215 -3.2387 4.645 4.4876 0.77303 -5.1295 4.3787 6.3709 7.7103 -8.7768 
2.6567 3.093 -8.7823 2.6664 8.1981 5.6448 8.0597 -2.153 -7.7992 -7.2242 
-1.6891 -9.0869 3.347 5.9505 6.4541 -5.8329 -5.224 -7.8371 -1.8429 4.3087 
1.53 7.3497 -8.5481 4.9636 -6.7887 3.9676 0.024846 9.0971 -7.2764 3.1192 
9.19 -7.9408 -8.06 -9.3158 -3.9296 -8.2468 -1.2243 -9.784 1.9441 -9.6194 
2.317 8.9394 0.32493 0.055815 -6.8433 6.5323 9.6386 -0.21162 -7.0806 0.45025 
-6.9884 -2.41 4.6372 -2.4824 -2.8187 -1.3618 3.073 -6.5182 0.63802 8.685 
6.7654 -7.3096 -4.3157 7.8646 -8.8136 -3.8284 -0.6548 8.4191 4.355 0.40373 
4.5233 -3.7424 9.6974 -6.3429 5.1563 6.7548 7.2519 -9.1749 -9.4636 9.2464 
-7.8231 7.9737 1.5889 -7.6836 9.9342 -0.86929 -0.38925 6.531 -3.8969 8.514 
-6.773 5.6158 8.7469 -1.953 3.9945 -8.3701 9.9039 5.3005 -3.3201 0.3886 
-4.0598 -6.1392 -5.2275 3.6248 -3.718 -7.8482 4.3308 -4.4714 -1.4433 9.8963 
-1.5284 -6.5212 6.8979 5.0078 -3.1811 9.6423 -3.392 6.9065 -3.4585 -4.8668 
0.56829 7.8663 -0.9637 4.3542 6.5862 2.2919 3.3143 2.8475 7.7992 6.2268 
-4.4981 5.4153 -8.7517 4.6583 -6.0384 -4.3855 -6.5448 4.4545 6.5842 1.7216 
6.5591 5.8423 -8.4845 -3.6901 -4.5306 -8.867 0.083311 -2.1709 -0.55991 -2.6133 
5.8557 -5.7288 5.7485 3.4101 -2.2666 -2.1341 -7.9619 -5.2237 2.8341 -4.6458 
-4.525 -6.1325 -7.8535 -7.7186 1.9935 -6.5045 0.57182 8.2834 -0.32871 -4.4089 
2.3139 2.9348 9.791 8.9842 -4.4455 -2.1897 -7.727 -1.2874 -2.1649 -3.8255 
-7.969 -7.7743 -0.013787 -0.43635 -9.944 -2.1231 -4.6507 3.8493 -7.2863 -2.2312 
3.3993 0.11825 4.8181 1.9073 6.0292 -6.2448 7.9136 -8.7196 -4.9828 -4.0013 
-3.0521 3.6984 -2.9457 2.0096 -9.8499 -2.8544 5.0544 7.2213 -2.422 -6.6444 
3.3899 -6.8594 -8.5379 -2.0747 -5.9855 -4.0386 -6.6689 7.8737 -4.9223 9.2692 
-4.094 -2.5325 6.4721 -8.3004 0.66533 -8.0001 -6.7033 9.2918 8.5226 2.0439 
3.6086 6.1674 -5.1612 -4.7699 -5.8633 1.1875 -2.8179 5.6702 -7.2714 -5.6316 
-2.1245 8.1864 -8.8702 -4.6988 9.2603 -6.4419 8.0784 -6.219 -6.905 6.0452 
-2.1636 -6.7862 -8.8299 0.077794 0.11982 -7.3011 -8.1408 -6.4406 6.0452 3.5531 
-5.8607 4.759 4.1825 -5.7414 -8.9395 -5.9324 9.7369 -4.1504 0.24493 7.2492 
4.4904 1.1139 -1.4525 -2.9196 8.8996 -9.7713 7.1589 -3.8822 4.0595 6.134 
6.3861 -6.2429 3.9631 -6.1042 -3.8926 7.0921 -5.2737 -9.7518 5.8537 -9.3719 
8.5294 3.8003 6.8069 0.18806 -0.21737 2.1677 9.0489 7.6795 3.3665 8.7402 
0.2824 -4.0037 -2.4593 3.7758 1.2849 -9.324 5.9869 5.6924 -6.8465 4.0974 
-6.1371 2.6454 0.65656 -0.94691 8.0313 -8.3673 -1.9507 -2.4342 5.0947 -0.71615 
2.058 -5.2843 4.9383 9.3192 4.0472 6.4908 -6.2254 2.7332 8.1042 -3.2401 
-6.0364 -0.21314 -2.0067 5.237 2.206 3.8978 4.4628 6.1666 0.036887 -3.3785 
-1.7921 5.1653 5.3146 -9.7328 -9.3977 -8.138 -9.5581 -8.6812 -7.2197 3.8403 
7.0615 2.4041 -0.65437 8.0336 1.1074 -6.8721 -9.8081 7.4337 -3.9755 -3.5614 
-1.4184 -5.0445 7.6441 0.27892 0.67717 6.1919 -2.9493 8.9984 1.1137 -6.1469 
8.5132 3.0642 -4.4985 2.5423 5.7456 5.5587 8.3319 -7.3856 -3.4624 4.4291 
-2.5384 -3.3843 4.2715 4.4029 -6.1916 -6.0152 0.69413 2.2057 2.5701 8.6925 
3.9649 -7.6159 -7.3354 -9.5072 0.059514 4.6253 8.4306 -7.0746 -7.2536 2.0786 
1.7725 3.1371 -3.1339 3.3961 5.1696 6.7227 -6.0657 8.1675 5.8756 2.5532 
-7.9827 8.9464 0.43343 5.2303 -8.9205 8.9589 -6.0341 3.2719 -4.4111 7.4685 
-1.7521 6.8231 -3.3851 -7.4669 -4.3224 -5.4902 -6.5915 -8.2618 -4.6636 -5.9083 
8.4942 -7.0722 3.8954 3.6827 -1.0601 2.1843 -2.6438 -8.5235 -2.2411 -4.9983 
-8.889 3.7499 7.1813 4.1747 3.8574 -9.2343 -6.9652 8.0285 4.5564 -0.17171 
-2.319 3.2843 8.2709 4.5097 -7.7957 0.64681 8.6569 -6.0315 -3.2386 -2.0994 
-5.1872 0.20978 7.4084 6.6505 8.9733 -0.28028 0.65714 -5.6054 7.9179 7.4022 
-5.4438 -1.3056 5.4078 2.0072 -7.6323 -0.33706 0.36808 3.5996 -4.4387 -8.8634 
-2.8576 -2.3282 4.9456 9.5124 -2.1668 -9.8821 -2.3606 0.71166 0.0664 -4.2616 
8.4821 6.8459 4.0839 8.1103 -3.0686 -8.5997 0.97353 -1.6877 8.8949 6.6036 
0.049967 -4.9833 1.9714 -8.785 -4.2061 1.3662 -0.78536 -8.3987 -0.59817 4.0579 
6.0648 -4.1704 3.5847 5.056 2.2826 9.3395 -8.9796 -0.28943 9.0917 -5.1908 
-2.9946 1.2194 -4.0061 0.097347 5.245 5.3645 -3.6538 -2.4683 -1.48 7.6648 
-0.82635 2.5333 0.80883 -6.3865 -4.8183 9.5211 -2.9592 -4.9365 6.6175 1.9414 
9.0219 -1.0056 8.5319 -9.5771 -1.9681 -5.2735 -0.19427 3.724 4.9837 8.9313 
-7.3403 7.2885 4.109 9.4487 8.2531 -3.0866 1.799 -6.9255 -7.3926 6.1043 
-8.5939 9.0791 5.4251 -8.7009 -8.8833 7.1056 7.5846 8.4774 -3.937 -0.98355 
4.1216 6.3305 1.5318 3.7077 8.4645 -8.6149 -3.4098 2.4151 6.0229 -9.4233 
8.6341 4.4013 9.2576 8.3049 -8.9576 1.1036 2.2052 5.8009 -6.442 -3.0746 
-7.822 -7.5592 -9.3859 4.6574 5.2155 3.4389 5.7391 -8.6937 -9.1229 3.9578 
3.0339 -8.3409 0.57059 6.7857 0.65699 -0.10519 7.6222 -6.8039 -8.6383 -2.2443 
-7.0788 6.7825 -4.6443 6.0187 -9.7898 3.0801 -3.6753 8.4344 -4.2881 -7.6703 
3.8793 -2.989 -6.1404 -7.878 8.0295 -5.9172 -8.4898 5.1412 9.5672 4.2577 
2.5123 8.1127 -6.5226 4.2995 -8.6935 -6.3113 -4.8078 -4.4258 -0.74102 -2.1753 
-9.1255 1.5578 -6.3213 9.5362 -3.8682 7.1867 -7.5344 8.3275 7.8213 -0.67388 
5.9585 -8.9783 -4.0829 -8.1777 8.1262 -9.5392 9.684 -9.3732 -3.2734 -1.2866 
9.7242 -5.6869 -2.4488 6.5938 -9.2021 -5.3999 3.2108 0.88036 -5.7744 8.9964 
-1.2651 -7.0663 2.6853 -4.4039 3.7219 5.5646 4.7715 5.0011 -0.9602 -4.7863 
-3.105 -1.674 -2.3998 -9.0178 -4.6277 -1.0171 -5.5773 -0.23665 8.9416 -1.5634 
-9.0239 7.5512 -0.72172 0.88442 -6.4768 0.43563 0.6124 -2.0468 7.0386 -3.8647 
-5.4959 -8.1408 5.1144 5.8979 4.2139 5.1447 -4.4618 -8.9234 -2.0186 0.11066 
1.6203 8.5969 -4.8881 0.81863 -2.1982 2.9565 6.4268 -3.6097 -0.87114 -7.0391 
2.0275 8.7168 3.6316 -5.8065 -2.1215 5.0121 -8.2035 8.2935 1.8893 7.2099 
-4.9496 -4.6928 -9.1873 -4.0015 0.9881 3.3569 -4.6848 1.6547 9.89 3.7608 
3.0868 -9.2864 -0.91829 1.9076 -0.16068 -1.665 -6.911 -0.54447 6.756 2.1498 
-8.7981 -0.67066 5.9403 3.5466 1.5531 -7.6555 9.7776 -3.6403 -1.6997 6.854 
8.8101 1.6876 1.3153 1.9354 -0.40012 -3.7095 2.4233 8.1609 3.9021 4.7522 
-8.1494 4.5349 2.1486 -3.6985 -7.4494 -7.439 -1.0538 8.2562 -5.4272 7.3133 
-3.3204 -3.3301 5.0371 7.6048 6.312 4.0764 -7.6296 0.98552 -7.5818 -0.4255 
3.021 -8.7264 3.486 9.3637 -9.3801 3.6855 -0.90591 6.9226 9.4688 -6.0941 
0.078216 7.8327 4.6329 8.4101 -5.2513 -9.1987 3.1695 -4.3874 -2.888 -2.8516 
0.6185 6.5793 -2.7609 -2.9555 -5.0152 7.4697 8.3928 -5.0638 -2.7421 7.9583 
-2.4175 -2.541 7.9058 -7.4923 7.9426 3.0081 -8.5439 5.6957 0.13938 -5.4399 
5.3781 5.3093 9.4349 -5.1781 -0.015063 9.5216 4.6535 2.0322 6.6676 7.0714 
-4.3498 -1.252 -9.7743 -0.35256 -2.9441 -5.6926 4.3642 -5.2042 1.457 -9.6147 
2.9855 0.36543 0.90671 8.3586 8.3752 -5.5006 1.4888 -1.6364 0.35612 -3.1799 
8.4437 1.2038 4.1785 -4.4478 -0.15415 2.399 -8.9364 -6.9097 6.2575 0.75084 
-3.3866 -5.0899 8.5793 2.677 0.01978 -2.0432 4.976 -6.6415 -5.6264 -4.3572 
6.2688 -7.4339 -9.3184 1.8137 -0.22894 0.75322 0.48907 3.518 -8.9434 2.1476 
5.7527 2.2097 8.3011 -1.3003 3.6279 -2.2972 -8.8681 7.9621 5.2681 -9.6182 
-7.5136 2.2714 1.5615 6.6392 -5.4192 -4.8022 3.5505 1.4736 -1.855 -9.2897 
-6.8522 -5.3014 -7.1912 -7.6473 1.8048 3.5923 -9.0017 8.9056 1.5459 -7.9442 
-1.7 7.1522 -3.8208 -0.66669 0.59345 4.4356 2.3567 0.59774 -7.6358 -1.2854 
3.7467 -7.6939 -5.0416 -3.4537 0.97732 -4.4412 -8.8508 -5.1167 4.8418 -2.0558 
3.1541 7.6503 -9.0541 -6.0386 0.28446 -9.6065 0.96759 -4.3371 3.9067 5.4303 
3.5995 -2.2218 -6.0277 6.1746 2.4145 3.6576 1.3996 8.4426 1.3998 -3.2082 
-9.8123 -4.0036 -4.0371 6.8159 3.8956 -1.4007 -9.0727 0.79876 -5.1103 3.1855 
-7.4278 5.0583 9.7914 4.9399 7.5881 -3.1568 2.2416 0.04446 7.684 -1.2326 
5.2781 -4.6966 9.468 5.8109 -1.8908 -7.9195 1.7319 -1.8026 -8.8064 -8.1786 
6.8383 0.51097 0.0037231 8.6251 2.1378 -5.4376 -7.6108 2.8163 -3.6529 9.9026 
4.939 -5.4153 1.7907 6.0024 -5.1389 -7.9264 4.3162 4.1397 9.7496 -8.56 
8.8905 -8.8723 4.646 4.5237 0.10031 0.50501 -5.3279 -5.2374 -0.81298 -7.3303 
8.3943 6.5556 9.9101 2.5658 7.129 -9.8813 4.946 8.6803 -3.8716 -0.60112 
-5.5385 -7.6837 9.0402 -9.4406 -8.8529 -5.7859 -1.5449 -5.3106 -0.1234 0.34094 
0.19534 0.83846 -9.9077 -2.2171 3.7697 -3.0903 2.6111 -4.7959 -1.0771 5.1418 
5.7548 2.4937 7.8057 -6.7529 -5.0435 -9.2981 -2.5783 1.1023 2.371 -3.02 
0.44904 -9.9925 -5.1223 -4.1042 -7.4909 9.1868 3.2642 -4.6004 6.4928 3.0383 
2.3478 -6.7277 -8.2624 3.3928 -7.9856 3.7241 0.30886 -6.8257 -4.8868 8.9406 
1.1648 -9.8097 7.9506 7.6058 1.422 2.5717 3.2383 -4.8044 4.6564 -2.2854 
4.6198 5.06 7.9814 -8.6063 4.2176 0.59116 6.4082 6.9938 -8.3743 6.1994 
-8.732 4.0742 -4.7967 -7.3272 1.2514 -1.6094 4.8758 -7.4776 2.2412 8.3494 
-0.14427 -2.8732 4.913 1.0986 -8.2017 3.4197 4.6677 5.5127 -3.6778 -9.2115 
-5.4015 3.4082 -2.0324 7.9662 -5.1716 -4.3335 3.499 -9.4907 -0.45009 -8.9139 
-3.2522 -8.1801 3.7613 -9.7787 2.7093 -8.8855 -9.5332 2.3697 -1.1271 8.1521 
1.0328 6.4531 -9.9532 -0.12307 8.9724 -7.411 7.7047 -4.567 1.2451 9.8704 
4.8737 -1.5356 6.8088 -0.88776 4.0785 3.1729 0.47799 -9.4749 -6.6538 4.0484 
-1.7539 -7.9682 5.8335 7.0664 -1.907 -3.0377 -3.7928 -1.8567 2.3248 -7.193 
0.15237 -8.0482 -4.5158 2.9174 -6.9588 5.0917 -6.8043 4.1038 9.2038 0.27916 
-7.4206 -7.8729 6.9501 -3.849 -6.9484 -4.1061 -7.4581 8.6319 -5.5543 1.2358 
-5.7033 2.374 -3.9635 -8.846 3.1121 -5.8017 -2.088 -8.806 -1.7035 -3.8852 
-4.1434 -5.9803 -7.1525 -7.5201 -9.2946 -4.0948 -8.7471 -8.566 4.237 0.60181 
-1.0007 -1.536 3.9405 8.8315 -2.1897 0.82115 -2.8301 -5.2524 8.8163 -6.9294 
-5.1944 6.1804 -5.8543 7.4133 3.697 -0.29821 -1.6013 -7.5554 -4.0947 -8.2811 
-4.7347 -3.4217 -6.254 -1.5749 9.0606 -8.8401 -6.0969 -8.5287 2.2481 5.3237 
7.8317 -4.533 -2.5415 -9.2538 -1.5689 -0.29157 -4.0249 -6.4096 3.7811 8.3171 
1.7228 6.3766 4.2985 5.5621 -5.0222 -2.8526 3.5248 7.4634 1.1975 -6.9842 
8.7735 -5.8707 -1.5095 -3.5724 7.7917 -7.4963 3.1641 7.0189 -4.119 4.4498 
2.3616 3.0913 -4.0234 2.6144 -5.7131 4.5465 4.6602 7.1116 1.0359 -9.9448 
-4.9856 1.5203 3.5519 4.1687 2.4265 -6.3636 1.5505 1.0088 -4.3289 -4.4029 
-7.9493 1.2743 -3.2982 7.7881 -2.6671 1.1454 1.6219 -1.3624 6.3365 -9.4299 
0.92728 -3.7065 8.9627 -1.3521 8.6623 -5.7015 2.3396 7.828 8.3117 2.2872 
-1.1471 -7.0867 -7.706 9.2668 5.5809 6.3031 -4.6508 -8.2999 -8.9713 -3.8382 
3.8301 -7.3957 8.2663 0.93254 0.41231 7.8217 2.5606 2.3132 7.0142 -0.11976 
5.1888 6.8533 8.4387 3.7215 6.3374 1.4963 3.071 -2.7857 -8.4884 -6.0325 
-2.0116 -0.50777 -9.7242 0.20639 3.0553 -1.2784 7.0055 4.0562 4.4258 9.4073 
1.3483 -5.3661 -9.3277 -8.7869 8.3466 2.8367 -9.8635 3.4206 6.6528 9.4123 
-5.8883 5.6208 0.62765 -3.5753 7.7152 -2.7571 3.2275 9.9258 3.8613 -9.9522 
8.8706 3.6485 4.7531 -3.201 -1.6312 8.6352 9.3424 -5.9391 -1.7896 -7.7458 
0.25613 -6.7756 3.8692 1.3917 7.3606 -5.0856 -0.87075 -0.28218 -9.4425 -8.0708 
-4.4751 -7.1761 0.92671 -5.5645 -7.8274 9.1071 -5.0394 -8.6763 4.718 6.6495 
-5.4172 3.3749 -3.4986 0.31786 -9.7442 -1.163 -7.2578 -6.8392 -8.2609 -3.0749 
9.0586 3.1747 1.5773 7.9085 4.0813 0.2349 1.1427 7.0644 -9.6784 -5.289 
3.7884 2.8761 7.9472 -5.5958 -8.0799 5.1307 -3.5852 -9.6126 -3.9851 -4.8905 
4.1575 -6.2642 7.803 -1.0662 7.6677 -6.1705 7.3134 -6.3649 -6.922 9.7672 
3.1384 6.442 -3.9231 -0.26134 5.5407 7.7121 4.3406 1.3316 -3.1407 3.8182 
5.5793 2.2749 -4.7125 6.1943 3.6801 -1.8838 -9.6722 -2.9204 6.3077 -6.3637 
1.6094 8.6444 3.3527 9.929 -1.5732 -8.784 2.629 8.2384 7.5091 9.1139 
0.064603 3.2283 -3.8411 -1.6664 9.0697 1.8899 -1.9974 6.301 5.9056 9.753 
7.5746 -5.0159 2.6902 -8.92 -0.24727 -3.9765 -4.7353 0.22779 -4.8913 -3.1429 
-2.141 -9.0662 1.2062 7.8576 5.7679 2.2347 -5.4282 -2.606 9.8555 0.59091 
-5.1473 -9.2572 -8.0059 8.1146 -0.41882 4.0973 -0.37721 -0.80406 -7.4282 -0.94796 
-4.3675 4.3654 -2.3715 -7.5104 -1.7303 8.5625 -3.0856 6.7871 -2.7016 -3.1808 
8.0954 -5.1316 1.3523 -5.7803 -7.4989 -8.8694 -4.3299 -7.9699 -7.026 4.9547 
4.0535 -7.0865 -8.9966 0.78275 -1.8749 3.3926 -1.9137 -5.9252 -4.3194 -7.7712 
7.0611 -9.1209 -0.40039 0.15922 2.3584 -0.77829 8.4904 -2.4344 -3.0753 -4.3448 
-2.4263 6.1766 -9.5341 1.0119 2.007 9.2574 -6.8067 -4.7102 -1.4795 -0.42855 
2.6604 6.8145 -1.2044 -9.6248 8.2615 -8.2573 -7.3002 -9.1939 7.0291 1.1084 
-9.3689 -5.4097 -5.153 5.1236 6.1019 6.0985 -4.7833 -1.1068 4.7466 -1.9087 
8.4007 4.9568 6.2287 -1.1851 -3.3723 -5.6433 8.2948 3.038 -8.4769 -1.2829 
-0.60506 -4.3611 -1.2137 -2.9974 1.7263 -4.942 1.5824 8.4292 -4.3462 5.3002 
0.39806 -3.235 7.7561 7.6774 3.3777 -7.5029 -9.1101 -3.3854 4.1754 -4.8511 
5.3262 -3.4159 -7.9133 9.1973 -8.5151 -2.0681 -5.1222 2.8151 -4.7465 5.362 
-3.2757 -8.6673 8.7381 1.6021 1.703 6.1084 4.6727 4.1026 6.4352 6.5225 
2.5197 -8.4569 -2.53 0.23979 -0.24985 -9.5045 0.032873 9.7121 2.8558 3.9438 
-3.462 -0.10337 -6.7697 -3.7027 -5.5217 6.1173 4.6731 0.1611 -0.36995 8.3043 
-3.7779 -2.4781 -9.7041 -3.5147 8.2456 -2.1454 -9.1521 -4.1966 -0.53663 -0.63826 
2.9216 -1.6683 -2.673 -8.5572 -9.4757 9.3413 -1.9701 -6.26 7.3575 3.6896 
-1.3262 2.3937 -1.4013 -1.3103 -1.9505 8.9099 -3.0623 5.7608 0.29121 4.0493 
-7.9423 3.2706 -1.4689 1.8752 8.1022 9.5325 -3.9167 -1.269 -7.2476 8.5695 
-5.277 2.7102 -9.6575 -3.0899 -6.9798 -6.1292 5.033 -8.8721 -8.7281 -6.5203 
9.4357 -3.196 -3.8492 -0.059776 -3.3366 4.4194 7.5695 8.3602 -3.9361 9.3858 
3.9779 4.8951 -4.5945 -1.7912 -1.2293 -4.7112 -1.8838 -7.9347 2.1345 5.6517 
3.189 3.9101 7.3445 -4.4377 -9.5123 1.3255 -3.1013 3.2636 -5.0861 -1.5235 
-3.4781 1.7315 4.3611 6.8703 -5.8827 -6.5118 -4.0481 -5.5389 6.4018 -3.0997 
-9.6036 7.6548 -5.401 -8.9831 9.5971 -0.9621 4.2804 0.30793 -8.1775 1.3346 
1.4095 9.1442 -3.7219 4.655 -7.7615 -0.024753 -4.9801 -6.9459 -7.985 -3.9041 
-9.2733 7.2016 9.5801 9.009 0.87637 -1.785 -1.1707 -5.0948 -5.6298 -3.2699 
-4.7051 -3.5928 8.831 -3.5164 1.1725 6.6736 3.0997 -6.455 9.9794 3.9439 
-6.1868 3.2718 5.4605 7.3137 1.3057 1.7402 -0.90781 -8.518 -2.7461 -0.56661 
-1.014 8.1127 6.6228 -3.6406 8.0933 -0.94119 -6.229 5.9909 -3.2531 -3.8295 
5.3731 3.7082 -8.8849 -5.1507 -2.7021 -4.916 2.4342 -2.1141 4.0944 -6.9724 
2.5587 9.9825 -7.1544 -5.2711 8.5306 -1.4396 -0.66036 -7.0601 -9.5929 -5.8658 
-3.706 -0.012119 0.085752 -2.8868 -1.6561 -9.0951 -3.0265 7.3831 9.8405 -7.3728 
-4.1591 -4.542 3.4858 -6.3135 5.1335 -5.8093 4.0931 -7.573 4.1729 1.046 
-8.4352 3.8682 -6.483 1.2861 9.7593 -5.2788 -7.9357 8.4377 4.4916 8.3632 
-6.5611 9.9003 -2.1968 6.8668 -1.3695 -9.3613 -6.1984 0.85518 -2.7349 -5.3997 
4.4256 -5.7924 8.3694 -1.0299 1.9514 -4.5024 -6.5681 -9.482 9.1999 9.4218 
-8.211 -1.6854 9.2464 0.31689 -7.3705 -0.56398 7.7316 -8.5542 0.57738 4.0465 
8.3562 -6.7598 5.2015 4.4119 9.5327 -6.6506 -7.764 -7.505 2.1083 8.0794 
-1.4065 -5.0056 -8.54 4.3772 8.3886 9.391 0.4367 3.0908 2.7079 -2.8135 
-8.4055 -2.1258 -1.5398 -8.8869 -9.7349 -3.6492 -0.055411 1.8659 5.066 -9.9183 
1.4429 -3.1967 -6.4415 -1.9735 2.5105 -1.2571 6.7596 -4.2648 8.3195 9.2852 
6.6354 8.5705 -4.7995 7.8237 9.1892 4.4494 0.64398 -7.6603 -2.9434 -5.1436 
-3.0526 -0.94552 -1.6656 1.0206 7.9549 3.2235 -5.5092 -0.31716 -5.5098 4.7359 
5.5978 0.53133 -5.3479 -2.0089 5.6043 -4.5549 -9.4922 8.1704 6.6011 -2.5375 
4.1668 0.023083 -6.5786 9.718 -1.4562 0.2262 0.66438 -8.2917 -1.3834 -5.9708 
1.8188 6.2065 -1.3067 5.5689 4.2875 9.6056 2.7302 -8.4276 -2.8096 -6.1239 
-2.4601 6.0968 -5.4993 9.0232 -8.4966 -6.3063 -0.39275 -8.3437 1.3052 -0.26688 
-2.1235 -7.6436 8.9481 2.1207 1.9604 -7.1908 2.3412 -0.94359 -4.4197 5.3448 
-1.4338 2.367 -2.4497 -5.1553 2.6381 7.9939 3.0645 0.93263 8.0694 4.8655 
-1.5395 5.4546 -2.8136 1.4334 -2.3602 -5.8585 0.99657 -6.6205 -8.6696 6.8309 
-5.6215 -4.3032 9.8232 4.3168 -0.031932 -8.5218 2.2513 -8.7121 -0.92698 -5.1528 
-0.064707 -4.6176 -3.4818 1.1037 -2.0217 5.7255 1.6688 -5.4201 -3.4027 -8.3929 
-9.2026 -0.67767 7.8465 -2.2193 -9.975 7.5015 6.5804 -8.2076 4.5341 8.484 
1.2963 -2.575 -2.6009 4.1066 4.8701 0.79251 0.41681 -4.2095 9.063 3.4248 
-9.0171 -0.41519 -9.9519 5.5763 -2.5793 0.96013 3.2463 -4.9993 0.014495 -8.244 
7.4456 -1.2358 5.2187 -3.5094 3.8382 4.0469 4.5182 7.6689 -0.76103 -8.6701 
7.2005 -4.8955 -1.4667 9.0023 -6.9299 7.2554 -8.0646 -5.3173 9.0472 -4.0905 
-3.2348 -7.1772 -7.3962 -9.517 -7.8024 7.3829 -9.4405 -0.50996 -0.18882 1.1534 
9.4806 -4.6766 7.0399 -3.3939 -8.9685 -5.0607 0.027091 -4.1594 -1.261 9.078 
9.0955 -3.0303 -0.58926 -4.0161 0.60934 -5.4924 -2.059 4.7543 -0.38608 -9.3742 
9.7724 -4.9496 -9.7402 4.2816 -7.0777 -7.619 -0.25899 3.485 5.0208 -1.6207 
-6.8456 -9.6456 8.7799 -1.761 -2.7432 -6.8014 -0.64777 -3.8239 0.93755 -6.1942 
-9.9416 -0.98505 -2.4527 8.2602 6.9591 8.0583 -1.547 -3.3598 6.0106 -6.3142 
-5.0364 8.0916 7.3456 2.7489 -7.2902 -5.9509 7.4635 -7.5756 -9.2241 -7.5736 
-3.0742 3.1413 7.4573 -1.1498 -5.8786 3.4086 4.808 6.2737 7.1536 -7.9419 
-5.3332 -7.1314 -9.5667 -0.90807 -5.7323 6.5857 7.7538 -1.0806 0.78581 -1.1918 
5.1178 -4.8301 7.4783 7.521 -5.0685 -4.1496 1.1215 7.0319 -3.7099 -8.7813 
-5.4814 5.8253 7.4061 -2.4254 1.3621 7.6961 1.3748 -1.2409 -3.5392 -2.0135 
-1.0311 4.5476 -7.8562 4.1366 6.9161 2.4146 -2.9136 -3.0162 -7.9622 4.1175 
-4.8111 6.4624 9.1848 -6.8809 1.1299 -0.42532 6.6658 -8.5109 -0.30572 0.57983 
-3.0841 8.7261 -1.7064 8.3792 -5.0689 2.5421 4.666 -6.6325 4.0601 -4.7973 
8.0591 -6.1766 8.3431 -7.0553 -5.9347 -0.07118 -6.3873 3.0759 -7.933 -2.238 
-9.746 0.53887 0.7157 -3.4172 1.759 5.5681 -7.2699 8.9277 -7.119 3.1223 
-7.3555 -4.3878 -5.0293 -3.2224 0.74354 9.3034 3.1124 8.8731 9.4278 -6.5349 
-2.2387 -1.8323 5.6379 8.3475 -7.2065 6.2941 4.6445 1.6762 -8.5478 -8.1108 
6.8124 -5.2029 2.0177 -5.1532 -9.0769 -1.2908 0.63521 -2.4164 -4.1703 -7.5172 
-5.7347 -2.8489 -5.9273 5.3784 -0.32918 -4.2533 -0.9836 0.2888 7.9934 -3.0649 
8.7047 -6.7136 -2.4742 -7.5357 3.64 5.9181 2.2187 5.4781 -2.093 -6.559 
9.396 -9.9494 -8.6927 3.007 -8.5478 -9.1739 3.4396 -9.0886 9.2712 6.6361 
-2.4948 -1.8668 9.7496 -2.6308 9.0469 -6.4572 -1.2115 3.3864 -4.5297 1.2178 
9.6973 -4.4076 0.32662 9.2459 -4.4093 -2.2671 -0.60956 -2.4355 8.3078 -2.0793 
-7.5583 -6.4545 8.9152 -2.4197 3.9511 6.5558 9.047 -9.9763 4.9973 -9.4053 
5.2191 1.7132 -5.6605 1.7571 -7.2129 4.7489 2.3013 4.4228 -3.578 -1.0011 
1.5872 4.4304 3.7348 -1.4977 8.7079 2.6036 3.9262 -1.2164 -5.0472 9.4053 
2.4231 4.4252 -0.67046 -9.4104 4.4967 -7.1871 4.8229 7.7569 1.4341 7.9876 
-0.20192 0.17172 -4.8833 -4.6536 4.9558 8.5698 -1.1512 1.3441 -5.474 9.2163 
-5.591 -3.4815 6.7367 -3.0025 -1.7868 0.39441 -1.0592 7.864 5.5013 -3.9987 
-7.1173 -0.90324 -4.1738 6.609 -4.5578 2.8767 -5.5526 0.42155 5.8604 9.9734 
2.7035 -4.0624 -7.6787 -2.4625 -4.3996 9.0544 3.8529 2.8614 -9.4463 -6.3354 
6.0483 3.6605 -2.3494 8.6166 6.6594 6.4022 6.6319 -7.9938 6.7518 -9.4032 
3.3929 8.4946 -5.7449 0.69128 -5.8684 -4.5024 1.4391 -1.4529 -4.3719 4.6072 
-0.56794 -4.1651 0.1713 4.3517 -2.2866 -7.0941 7.9336 -9.4108 3.8704 -6.8052 
8.8896 -0.48012 0.40097 -1.7325 8.8044 6.6699 -3.2037 4.2163 -1.0739 -3.066 
1.8296 -2.1691 8.3803 -0.20824 9.7021 1.4111 -0.59442 3.4657 7.779 -1.5251 
-5.465 -3.6221 8.9038 1.1973 -2.5925 -1.6287 -6.1188 6.8187 -1.5889 9.4114 
3.6769 -1.9963 9.0058 0.64047 -9.8438 7.4445 3.3846 7.483 4.9593 3.8971 
-3.5871 7.5519 -0.071085 0.0090805 -7.3837 -9.6981 -4.699 2.5941 -7.4333 2.518 
4.9784 9.0632 1.5289 -9.0886 2.3288 6.5129 -4.796 -2.9096 0.64939 -3.1807 
9.9629 -9.9123 9.8023 6.8404 -4.1285 -5.8788 -1.4839 2.1954 4.5412 -2.0049 
-4.6053 2.0286 1.3791 6.1129 6.2255 -7.0661 -3.351 8.8109 6.5928 1.2234 
8.6374 5.7116 2.2804 -8.9475 -6.1059 -1.7508 -5.5504 0.57463 0.25927 4.0535 
3.9277 2.7701 -6.9997 7.8482 3.8618 6.8289 9.9166 -4.7381 -4.3285 -6.9893 
-8.0948 -7.6597 -3.8586 5.0268 4.2388 6.3902 6.4431 -0.71589 7.6682 1.1255 
-5.0826 4.2103 4.5232 8.3343 3.5995 9.8626 -2.4538 6.2858 7.0251 -8.5054 
8.6932 -8.045 1.2822 -9.1461 2.9175 3.4603 -0.7507 0.33188 4.4064 1.4437 
-0.40432 1.6953 -7.0853 0.23973 7.6676 -8.1223 -9.6105 -0.98089 2.3159 -4.4085 
7.6506 6.9513 1.0313 1.9103 -9.0209 -6.7586 -3.6871 -6.2899 -2.1696 -4.9812 
5.5859 -5.3855 2.5046 -9.2757 -9.4274 7.7634 -9.0685 -6.0503 7.8529 3.1899 
-9.6343 -6.0802 3.6702 -8.1341 -9.6252 -8.3551 6.3233 -0.50773 1.2783 -5.5378 
5.4152 -9.2434 3.4721 9.4272 -1.58 -7.9469 -3.616 -8.6182 4.7282 4.5335 
3.716 6.5509 -4.1223 -3.6929 5.6924 -0.8081 1.1651 -7.5778 -0.11264 2.2393 
7.3533 -9.4348 -7.1574 1.5591 9.0118 -4.794 0.36978 -9.4113 6.4776 8.5076 
1.6102 -2.6552 9.2669 -6.76 -1.0784 -5.9906 9.2951 -7.7922 4.4029 -4.8563 
2.5221 -6.5038 1.4109 4.3831 -8.0317 -5.0902 -0.5436 3.6993 6.5633 -2.784 
-7.7771 0.08146 -5.9018 -9.5198 8.8846 3.6621 -8.3511 1.6606 -6.3482 -5.2501 
-5.7261 -0.080276 -4.724 -3.1473 7.724 2.9845 -4.3108 0.21726 -5.0836 8.0271 
-9.2726 7.2976 -8.1846 -0.30789 -0.78006 -2.2711 -6.6051 8.7231 4.731 -7.0216 
-1.1091 1.4228 3.5705 9.6703 -0.27046 9.6088 1.8572 3.9505 -1.8122 -3.8446 
-3.4684 -6.5797 8.8296 0.63629 3.2805 -5.9322 -7.2903 -9.7199 -1.2803 6.4403 
-4.2541 8.1671 -6.936 2.7608 8.2402 2.8591 -2.8551 3.9928 -6.4381 -4.2088 
-0.07096 3.2728 3.3462 -2.9644 0.1495 -0.64896 0.32991 -0.7521 -0.64922 -3.7959 
-6.3659 0.05378 5.633 9.663 4.9549 -1.2133 9.3176 5.8302 4.6199 4.6283 
8.6758 6.4417 8.0241 -7.3945 -6.1384 -3.5245 -5.4683 -1.1645 -7.1025 1.7484 
8.8036 -4.2461 0.18326 -4.5167 4.7351 3.7272 3.8485 -4.3942 -6.8088 2.5488 
1.8293 7.6193 -2.3274 4.5957 0.72893 -4.9084 -2.0666 5.5887 5.756 0.082928 
-9.9838 0.62876 5.0369 -0.82994 -7.3116 -7.4366 -1.0142 -7.9385 -6.1849 -1.6756 
8.0601 -8.1481 -0.93315 6.9409 0.61078 -6.6722 -0.49632 5.2225 -2.1269 -5.0484 
3.6579 -0.32911 1.4083 9.7449 2.2041 -9.633 3.7045 -2.5402 -0.082233 -7.1286 
-8.523 -3.5641 -3.5314 7.4743 -0.91297 -7.4528 -3.8987 4.2606 2.781 3.5347 
9.9277 0.86161 -4.6316 -1.9172 -3.745 -5.676 -2.7239 7.9308 3.6228 -4.1293 
-3.7109 9.1341 4.6174 -3.817 -0.045936 2.7912 -0.54772 -2.6914 -4.6722 -8.0462 
6.1844 -2.6495 -9.8546 1.7794 1.2178 -1.2197 -0.3919 2.6907 -4.8645 -2.9541 
-0.77099 -9.4708 2.9657 6.0315 7.8645 -4.7782 9.495 1.6346 -0.71645 -7.2907 
1.7428 4.7902 -5.9095 2.1732 -6.4732 7.2119 5.5185 3.4958 -1.3901 -5.0636 
-0.44809 -3.5023 3.0899 7.3047 -2.4309 -8.6103 -6.7775 4.1647 3.0742 -7.8465 
1.0491 3.3057 -4.4667 8.9449 5.9359 0.65957 9.6149 -1.7487 -9.7524 6.7099 
-6.4937 -0.043074 7.1718 -3.524 0.13496 7.9112 -6.3327 4.4445 3.1404 -9.2811 
1.7449 7.1537 -2.175 9.3383 -5.8561 1.1001 1.7605 7.2467 -5.6154 -8.4979 
-6.904 4.9726 4.5045 0.39995 5.7728 7.4346 0.85313 -0.075461 5.207 -3.7544 
-1.0909 -2.0417 -4.3494 4.6593 7.2634 -0.49544 -9.3527 -9.1459 -8.5261 0.34525 
0.75243 0.28229 -2.1648 2.9294 -9.1009 4.3657 -9.4599 3.7407 -7.5 3.1832 
-0.762 1.6751 -4.4051 3.7187 -1.9401 0.90865 5.3985 2.3348 0.22494 -1.1241 
6.6822 0.16488 1.3147 -2.5838 -7.8774 -5.0792 -5.6192 -6.6285 -4.2051 3.0849 
9.9234 4.6774 -2.4602 4.1801 9.4979 5.7055 -4.5875 1.7356 1.84 3.5467 
9.4449 4.5718 -7.4118 1.005 -3.6121 -0.30091 -4.7903 5.2622 5.044 5.7343 
4.9186 -6.1174 -6.9485 -0.93762 3.3978 0.23326 -6.6563 -3.4303 7.718 -8.5196 
-6.0009 -0.90215 4.1476 4.0947 0.33125 8.7311 -9.9766 -8.5352 5.3945 -7.2795 
-9.2734 0.37233 -4.6451 4.4476 9.7611 -2.4468 5.207 0.59905 8.8519 4.4007 
-6.2279 -7.0183 6.703 -6.2408 -5.1367 -6.8895 9.704 -9.9732 -7.2051 3.6751 
1.5509 5.6388 -6.5861 7.8131 5.2331 -3.1945 0.29002 2.8586 0.16078 -2.4319 
2.5654 -6.6913 3.5419 -5.2306 3.2353 -9.4198 1.3739 -3.0285 -7.3942 -6.262 
-2.7045 -0.095521 -5.1392 -6.8282 -9.2037 4.0851 -8.2647 -4.8131 4.6471 2.0039 
2.7312 -4.8165 2.9477 -9.2354 -9.938 4.6164 -3.7453 -8.258 8.7602 0.83399 
7.8259 2.4352 -3.3149 2.232 -7.3759 -8.2416 3.5794 2.5267 0.99229 -4.3027 
-4.9296 -0.85776 -0.76576 -1.4709 -1.5642 -9.7671 0.5471 2.8438 8.8877 -6.5071 
-4.2728 -4.8909 4.1303 7.7552 9.6483 4.0582 -6.9336 -3.4607 -4.1516 -5.7174 
-7.4916 0.68801 -2.8669 1.1581 7.3537 0.015423 -0.73372 -8.9366 -8.172 -5.0301 
0.57148 -8.1676 -3.8484 -2.7306 1.2205 -5.1926 -5.633 4.722 8.6478 7.2678 
6.4153 1.2307 4.8167 -2.5355 3.0286 0.47451 -1.5348 9.9777 6.6166 0.50588 
-4.0045 7.044 5.6789 0.73419 -1.5752 -1.6282 -4.0868 1.5938 5.4813 -7.9272 
5.7536 4.5498 0.71254 -8.7574 -7.0117 -4.3327 -7.5746 1.8006 2.3059 6.6879 
-1.2597 0.77395 -5.7227 2.0734 5.4755 2.9269 2.7826 6.7651 9.1405 -4.7143 
1.0108 3.4323 -2.33 -7.7853 4.4068 -9.1237 4.0161 -1.1139 -7.3405 7.2153 
9.7223 7.2137 2.026 -6.3241 -5.6213 -3.083 -6.2188 3.5212 -9.3575 1.7783 
3.7956 1.0386 6.1732 0.15428 -1.0493 9.6 2.8777 -5.5507 2.1058 5.3427 
9.4027 8.2137 -8.0986 0.077815 -5.477 -8.3382 -1.1839 -3.9011 -1.8811 -0.1286 
-8.0807 1.135 5.3547 -1.8334 9.3671 -2.5667 -7.8794 -9.9851 9.3227 -8.7633 
7.9618 7.1668 7.4686 2.6515 -8.168 7.3986 4.6465 -4.7997 9.5464 -8.8101 
-8.8311 -0.94474 6.6195 5.1702 -3.7697 -0.42347 -6.5784 1.1339 1.8434 -4.8512 
-7.5336 -6.7877 8.3422 2.8673 -6.3952 -8.1605 -6.0011 5.2407 4.6825 2.0171 
2.6145 -5.2557 -1.8163 4.8438 1.6693 9.6453 4.7525 -8.5173 2.2935 -9.6909 
-2.5979 2.2349 7.6697 -2.6827 1.5872 -3.0412 4.3089 -6.6139 -3.2556 6.4705 
-3.6086 -1.3256 -0.44709 -2.0435 -4.6452 -2.0651 -6.542 -7.4321 9.3485 4.6861 
5.9139 2.1431 -9.3736 1.4483 -7.3771 2.479 -6.0791 0.65243 1.0655 6.4393 
-3.9659 -5.2669 9.1555 -8.2145 3.4449 0.36388 6.9431 5.6678 7.7407 -6.4589 
2.1492 8.6705 1.0581 6.6216 -5.3542 -2.0884 7.7778 -9.4319 -3.2079 -0.90859 
-0.76056 4.0682 -4.3184 -8.7087 -9.2014 9.3943 -4.8923 7.7706 7.5567 7.8849 
-4.1481 3.5127 -2.018 1.8013 -9.1761 -4.7649 7.6944 -9.5855 7.0208 -2.607 
6.6484 -2.1273 -3.6022 1.0328 9.1843 -6.2527 -4.8483 0.98977 5.9479 -4.5506 
1.4105 2.9501 5.6803 8.1782 -2.0878 -7.606 -1.2533 -6.1698 7.5933 8.1585 
-8.5898 -1.0149 -9.8865 -5.6941 1.2587 2.5563 8.0195 0.73849 -7.5223 -9.7756 
-4.6738 9.7994 4.6963 -4.1215 -9.9634 9.2651 0.6618 -2.1598 0.8296 4.7578 
-6.5825 -8.1277 2.1196 7.2314 -9.7737 1.1167 5.2621 -8.2743 1.7755 -4.0563 
1.2061 -0.63252 3.3178 8.0835 -5.5064 -3.8366 -7.3764 -1.7862 -9.4039 -4.7305 
-5.9582 3.8736 6.7289 -8.4814 9.7026 7.8968 8.6899 -4.7991 2.5328 -0.83198 
-0.15262 8.8364 -8.3128 7.341 -2.8408 -3.6779 0.052033 -6.1505 1.8434 0.95796 
4.5873 2.6302 3.9008 8.4455 -8.1194 -0.338 4.9266 -2.9294 -8.7602 -8.3852 
9.0999 2.3423 -3.14 7.9421 3.1367 -8.218 -5.692 -6.8646 -6.5154 -9.0622 
5.2474 2.8706 5.0609 3.4245 6.3609 7.0719 -6.4946 1.0747 -8.0371 6.2472 
-8.3986 -6.9693 -7.3735 -2.3983 -6.996 1.8525 4.1965 -5.9445 5.6584 -7.9226 
8.7649 -5.1066 4.4192 -5.6266 7.8369 4.3955 8.3846 -4.738 0.35078 -4.0335 
9.4895 1.0028 -9.4995 -2.5106 0.19738 -5.0119 -8.9881 -9.9591 -7.2372 -7.3412 
2.1422 -5.1738 -1.9077 1.6743 4.7615 1.0023 4.8239 6.3113 -6.6629 -8.1465 
9.1499 0.081277 7.1632 -5.1031 -0.44824 -2.9568 6.2428 -7.7353 6.2512 9.4051 
-3.387 6.025 6.4297 8.7069 -0.70618 9.0193 -5.5467 -6.7317 7.3478 3.8992 
8.0243 3.2703 -3.3292 -1.6128 8.8833 -7.9396 3.64 1.5166 -4.2704 8.127 
-9.9927 -9.2645 3.0414 3.01 -6.825 -7.6026 -7.2565 0.55962 1.6732 8.1381 
-0.3344 -5.8394 -2.189 -9.0888 4.2551 0.13439 -5.8232 5.3937 -0.3498 9.4886 
-7.0505 -1.9375 -1.1585 -3.0457 0.9271 -2.5832 -7.2784 2.74 7.3704 -6.2735 
-3.7002 8.3648 2.0228 -4.1147 -5.0452 -7.9756 4.9056 -4.1107 -3.709 0.76681 
-6.5725 2.1598 9.7774 -3.8369 5.4592 -5.4608 -9.501 5.2653 -5.6726 -6.1768 
1.8581 -5.634 -8.5088 -7.8712 -0.80919 1.5702 3.4509 -5.6705 -2.2168 -9.3773 
3.1522 -3.0217 -2.8739 7.1682 -4.8263 0.031672 -2.0283 7.6068 0.24464 8.8805 
-3.0207 -4.6416 -5.8786 -9.4719 9.7216 -4.2474 -1.3938 -6.9267 -4.4062 -8.0081 
-8.9261 -2.2923 -1.9359 -7.3838 4.443 0.63985 5.7313 3.4226 -0.4686 5.4927 
-9.0566 7.5655 -2.776 6.0138 -3.8573 6.7796 8.2365 -4.591 -1.8563 7.9158 
-8.8828 1.1005 5.7356 -1.6674 4.2666 -3.0131 9.4404 -8.4666 1.6229 9.855 
-8.5698 -3.5018 0.90729 9.1276 2.8284 3.1181 0.8544 4.7862 4.2346 -3.2722 
-9.6865 2.9707 4.1943 0.55517 6.6174 5.0237 8.5227 -8.3133 5.9564 -5.283 
9.4736 2.2081 0.49952 9.7853 7.0668 -3.0531 -1.9478 -0.68697 7.1607 -7.7997 
4.6959 -8.2207 1.6797 9.1212 4.5603 9.802 -7.3054 1.7677 -5.6939 -3.0567 
5.0477 -2.6639 -5.5934 1.4934 -2.0839 2.0743 -9.3111 -1.5857 7.9501 0.41394 
-9.3337 8.799 3.6518 -3.5375 -8.6475 -9.9171 -3.6658 -7.1077 0.96608 -8.5785 
-7.6479 8.4563 -3.3162 8.3228 -6.6964 9.8355 -0.45105 -5.2562 8.8256 4.1056 
-4.7739 -4.7829 3.7898 6.6671 9.7542 3.5379 -4.6728 -0.18085 -8.1303 -4.0064 
7.8672 -4.7085 9.5021 -4.605 -5.1868 3.5104 0.86445 9.1029 -7.6804 -1.8507 
9.4412 5.6066 4.1145 8.1821 8.6526 -9.5331 -0.95896 -7.79 -1.9903 4.3214 
9.8815 -1.9618 1.9795 5.518 -7.9066 6.4142 5.9156 0.35732 8.6768 7.8231 
-3.0643 7.7291 -6.5739 -1.6203 9.0691 -3.9519 4.2995 -5.4989 6.4327 7.4804 
-4.154 -0.95626 6.8604 6.4543 -9.4671 -6.9974 -6.0876 9.0174 -7.2706 6.0327 
-6.2551 -0.060229 -0.20009 -2.2928 3.8498 -4.4031 3.9405 -6.3405 -1.5429 5.5775 
4.863 -2.5408 -4.808 0.6258 -4.7368 -3.3364 -6.702 3.1421 7.0695 3.4767 
4.3604 -2.3658 -5.9195 -9.1108 -5.8942 -3.9453 9.9897 -7.7491 4.2941 5.0439 
-6.2221 -0.83829 8.3455 9.8259 8.2655 0.36228 -3.7971 1.4502 9.3461 -4.287 
-1.3212 4.3557 5.4815 -0.4904 -4.1958 5.7745 -0.61175 6.2482 -7.5461 1.8145 
-9.0881 4.599 6.0183 8.5695 -4.6871 -3.2499 -1.3906 2.0901 6.4789 -9.3792 
3.1095 -3.2774 -7.4264 3.6295 0.13141 1.8302 -3.3342 7.1202 6.1397 -3.1355 
5.6208 -0.71404 -3.3319 -0.89847 1.6238 1.3063 -4.374 -6.8022 9.7796 -5.8983 
7.258 -2.4459 -3.2179 -8.1508 -9.4162 -5.5513 2.7501 4.7481 6.3933 -7.9155 
5.7071 -8.721 -5.4877 9.597 -8.7649 5.5544 -0.31409 4.3468 8.5133 4.0151 
-1.3302 9.654 9.9317 -4.1829 9.9095 -1.9023 -1.0743 0.66915 2.2931 -1.7436 
-3.0436 1.9259 -5.4475 -3.6367 2.086 -6.5051 -5.1937 -3.7002 2.2532 7.0869 
-8.8922 -0.99726 -4.5558 1.9123 6.6109 -3.8898 -2.6898 5.9183 -6.6055 -9.0841 
6.3888 9.4402 -3.0317 8.1834 -2.7236 6.0789 -6.7207 1.5523 -8.3937 -8.5744 
-7.8792 3.7731 -2.6536 -2.7431 5.1548 8.2825 9.0964 -0.024597 1.7647 -3.4387 
-9.8785 -0.24033 0.81582 -4.4719 2.2648 7.2258 6.1229 0.31045 -5.9826 1.7041 
-4.4992 -2.8531 0.97573 2.254e-05 7.143 8.5273 -0.86494 -0.0082013 3.1536 2.9288 
8.8554 -1.3702 -7.8704 0.88775 8.5567 6.0697 -7.023 -5.5521 -9.0666 7.7222 
3.4852 -5.8761 -0.29241 9.916 0.32405 -1.7041 -3.559 -2.0359 -0.60367 7.032 
-2.2868 0.897 -2.4958 4.1997 5.3767 -3.8061 -6.2939 -4.3816 -5.0782 -9.5427 
7.1389 9.15 0.68652 5.3732 5.8233 -3.137 -1.1376 5.9301 5.7714 0.37703 
3.4965 -6.2599 5.2396 4.1486 2.3554 -0.18934 0.14898 -2.9803 4.8336 -4.3819 
2.1619 5.4041 1.4164 4.4028 3.8522 6.8971 -5.1982 -6.8527 8.8438 4.601 
-1.2115 6.7476 -6.7602 4.2217 -2.9472 -7.9437 5.2744 -4.5618 1.8703 -2.9294 
9.2257 8.1663 -6.0698 7.0891 -8.575 1.2651 8.8606 -7.6231 -6.1082 4.2382 
6.4581 2.6133 -9.3947 -4.1203 2.6833 -4.9344 -2.0567 0.55674 -7.2805 4.4263 
-9.79 1.8719 -0.17629 6.8635 6.5587 -7.5652 3.1401 -3.1955 -0.26639 9.1006 
-7.1677 5.4521 -7.6592 9.5148 -1.1723 -7.8861 -3.6771 1.909 -6.0345 9.7697 
-0.3438 -4.5386 1.0731 3.2468 -8.4511 3.9079 -8.642 2.93 0.7215 2.5602 
1.6124 -9.8352 -2.6186 -1.7805 -8.2326 7.5675 -9.7006 9.1968 0.40502 -4.0584 
-4.1402 -4.6316 -1.7244 -6.5603 -7.8887 9.6415 6.1723 5.6199 -9.1651 -4.8906 
-1.2227 0.67709 -3.8925 -0.94712 -0.7388 8.7724 -5.358 6.0694 4.309 -6.4791 
-2.0347 -5.4972 -2.6063 8.1252 6.6412 -0.00065557 3.78 -8.4334 0.1844 6.542 
-7.2539 8.2498 -4.1666 0.42009 -5.3942 1.5132 -7.1426 -1.4202 -5.5395 1.8855 
9.0552 -7.7452 7.4725 7.0909 4.1749 0.13381 6.1843 -2.267 2.5508 9.0388 
-2.7991 -4.6732 2.8613 -3.5037 2.6181 8.9759 -4.2584 4.8859 -0.76109 -7.1582 
6.7395 -0.40408 5.0257 7.265 4.5321 -9.2342 -8.9357 8.7536 0.12619 0.33762 
-9.1733 3.2187 6.3745 0.43006 -5.6169 -6.4271 5.3557 0.03888 -2.7112 7.0792 
-1.5234 6.7189 6.2008 8.2888 -3.1674 3.0746 3.7588 7.6742 3.4399 -9.6534 
-8.4872 2.6943 -2.204 -4.4247 2.4322 -6.2084 -0.26963 -3.0382 -1.5861 6.6066 
-3.7237 6.1368 -9.1154 8.5246 -1.2234 -8.2325 7.9552 5.9372 -7.3861 -5.1532 
8.9197 1.4484 -9.5173 7.2197 -0.34853 -1.0747 -3.9545 2.1153 3.997 0.70996 
7.0901 -0.16577 7.4372 -3.7229 -4.9222 -3.909 2.2859 -3.0296 -6.5722 -8.5647 
-6.5294 6.0303 8.1198 -7.5008 8.5956 -0.47132 8.6149 -3.6002 -9.8269 -2.0171 
0.71767 -1.179 -3.6621 3.3831 5.4081 -3.0133 7.2198 9.7548 -1.5676 0.035602 
-4.1022 -9.0226 5.2188 5.6735 -3.6244 -2.559 -9.4867 4.34 8.1407 4.7874 
8.0574 9.7492 2.9781 -2.2835 -0.053923 7.727 -4.6405 -9.8273 -6.1013 -0.12855 
-8.3723 4.985 6.4597 -2.2587 5.7069 -2.2012 4.5171 2.7436 4.7422 4.846 
5.7495 1.5729 7.0304 7.0334 -6.9873 -6.1654 -7.888 -7.751 6.4327 2.2376 
-6.5118 -3.3167 -4.4544 -1.0185 1.777 -7.3049 -3.9111 7.1602 -0.41832 -9.7151 
4.3998 1.867 -7.71 6.5717 -4.7127 -0.81219 5.033 2.8146 4.9727 8.2735 
-5.3599 8.0329 2.1865 6.7118 -8.1826 -2.3427 9.006 -7.9487 2.9851 5.1535 
-5.8573 6.8589 -6.8763 7.8519 0.44781 6.6261 -4.9949 -4.0244 -7.557 -4.674 
-5.6774 7.3683 -8.9344 5.0289 3.7958 -3.9641 -4.7387 5.3086 -8.3393 -4.5717 
9.5334 -7.9273 -2.4896 3.4925 1.2351 6.8723 5.7078 -3.7816 2.6722 -6.1742 
-2.363 5.7462 8.7156 -7.5944 0.45729 8.9027 5.8852 5.3933 9.1987 -2.1134 
2.7058 -1.8808 -5.9338 -9.4095 -3.8481 -9.9206 -8.2331 8.4975 3.6357 3.6435 
-9.0687 -3.8607 -1.4074 2.2716 -0.46819 2.6882 1.65 8.5839 2.1727 -7.8863 
-5.3586 -9.4696 0.068505 4.6399 6.8989 8.2962 -2.3839 0.92647 -0.34153 -5.599 
7.4968 4.2091 -5.9942 9.0498 7.9255 -9.8666 5.9017 -4.7885 9.6397 -2.8181 
-0.79715 6.8726 2.5511 2.5276 -5.8465 -7.4537 7.0306 7.4254 -0.44782 5.3753 
-9.9387 -9.0022 -9.6255 -0.62332 2.8492 4.4501 3.6364 4.8167 0.37604 -2.1969 
-0.70117 -5.0874 6.3568 -0.27747 -5.2075 6.0957 5.611 -5.5327 1.2827 5.712 
6.4814 9.0031 -3.2444 7.3261 2.4647 6.5118 -2.1345 4.812 3.6321 -6.6416 
7.4377 -7.7984 -6.4573 6.3545 8.0003 -3.435 4.9395 -1.647 -3.9731 0.55689 
-3.9785 9.1595 -4.5447 2.1677 -0.031797 -3.5024 0.70654 -3.9625 2.9241 3.4399 
-5.2799 -3.0923 3.5566 1.3643 -1.4612 -6.925 6.2949 -8.1716 -3.7792 -6.6347 
6.6316 7.609 -1.048 0.13906 8.7483 -4.2899 -7.2847 5.7886 5.4677 3.4263 
-1.2449 -4.4794 7.9442 7.2999 -9.8252 -1.8088 7.1852 7.4972 -2.5985 -3.4649 
0.14175 4.289 -4.3257 3.4435 3.4133 8.8634 1.3361 -7.8255 0.29298 4.3525 
-6.2905 -9.0057 1.1607 -4.2283 2.7389 0.73642 -8.3467 -4.211 0.70641 3.2375 
-6.97 -7.8549 -4.0429 8.117 -4.0612 -3.4291 -0.13649 4.8254 -5.0925 8.1683 
8.1361 7.1798 8.9008 -8.8109 -4.4258 9.1176 9.4275 -3.4944 -7.7471 4.4605 
9.855 -1.5144 5.126 0.56997 -6.587 6.4655 -9.2707 -2.0803 2.5193 -6.2469 
-2.1984 1.2505 1.5212 0.16483 2.1378 9.0804 6.7958 0.65552 8.584 9.8957 
6.5362 4.6545 -1.28 -0.24066 8.5652 -1.707 5.8312 0.51546 -6.3412 5.49 
9.0812 9.2177 6.202 6.9945 6.0761 -7.3435 -3.3716 5.3808 2.4805 -7.7892 
7.8768 -8.8173 2.4364 7.6757 -3.6963 -0.12434 5.1563 8.89 -6.769 -0.15799 
6.8201 -7.6087 -2.766 8.6294 -4.8489 -3.0117 7.1839 -8.4385 4.4009 -9.7887 
3.6657 -7.384 -8.8283 -6.9902 -4.7982 -8.9537 1.7376 7.6571 7.8655 -5.022 
-6.5641 6.0544 4.9752 -9.3747 -0.49401 5.2472 2.5081 5.2761 0.74016 8.4694 
-5.249 -6.7966 9.9809 -6.0815 -1.0788 -0.17663 -6.6809 5.0974 -5.4104 2.2931 
-1.3143 0.51061 1.6856 2.7395 6.4899 -6.6386 1.3242 3.6703 9.2196 -5.1354 
-9.4988 4.1718 -5.9094 5.0167 -0.071225 -3.3755 -7.3554 -8.0073 1.559 9.7866 
-4.6271 9.8079 5.3314 -3.8233 0.85962 6.0607 7.3663 -9.326 -4.7531 8.5482 
9.6032 2.2087 9.8792 -1.4866 -6.1703 -6.6577 -4.4436 -4.6019 -7.462 -4.6796 
-3.7462 -4.1684 -3.5076 2.5474 2.8649 1.6782 -6.4868 1.29 0.39872 2.4963 
1.435 1.0176 4.8122 2.4756 1.1534 -9.2397 -1.576 7.9791 -3.5265 -0.46028 
2.2333 0.81421 5.0262 1.763 -5.0035 -2.0804 0.96934 -7.9915 -0.23926 -9.3198 
8.0308 8.0103 4.7044 -3.8506 -5.5586 -2.9634 7.2366 -5.2249 3.0362 -8.0545 
-2.0792 -8.5814 3.4899 -3.4946 5.2007 -8.2766 -1.3007 -3.9889 -1.8865 9.7127 
3.8553 9.675 9.8057 8.8879 -9.8529 -8.1041 -7.3272 -8.1087 4.285 -6.0477 
-5.9103 8.1139 -1.202 7.3575 -7.1834 0.30049 0.061248 0.77845 1.4942 -0.039997 
-8.7429 8.7799 4.0802 2.6627 -9.2401 -3.8087 5.3621 -0.13776 5.9444 -8.2789 
2.4477 3.4372 7.3857 1.1302 3.446 2.6686 -1.1129 4.934 -5.5907 -6.6582 
3.7604 4.5311 -8.7162 -2.6047 -4.5553 -6.4867 8.5595 6.3251 -4.6916 -7.4526 
-4.0643 -8.1326 -6.2745 0.62376 2.898 -2.4571 -2.3045 -8.7731 -3.5052 -9.5136 
1.4312 -7.2905 -9.8889 3.9086 -6.5765 6.5054 -9.5406 9.1836 2.5583 -6.1389 
-3.6755 6.2129 7.3023 4.7091 -4.5344 0.46465 2.5319 -8.877 -9.81 -7.4917 
6.19 6.9059 1.2094 2.8544 -9.4729 -4.9599 2.5128 5.7964 6.6155 3.2874 
-2.69 -7.9406 -8.2111 5.4144 7.9971 -5.609 8.7111 -4.2053 -3.8444 -9.0958 
3.9758 5.1179 -1.5189 -5.508 -8.5529 7.4678 -8.5622 -0.50418 3.6048 -0.020981 
2.6685 -3.5765 -8.9802 -1.3634 -8.215 -7.2687 -1.7062 -2.8738 0.82398 -6.9818 
9.2916 -5.2352 -5.9724 -4.3889 0.18226 -9.6606 6.4326 -4.2693 -8.7657 -2.7818 
-5.9841 6.792 -7.1125 6.498 -6.7777 3.9263 -7.1219 7.0721 1.0388 3.8716 
1.9636 -1.5711 -0.7882 1.3531 -5.8489 0.75825 -1.2969 3.2128 -5.9975 2.2822 
-8.3259 3.1992 6.0242 5.5543 1.872 -5.9285 -5.3145 -3.4282 -4.4525 -1.1542 
0.88829 -9.2844 -7.7664 -1.9494 -9.9529 -9.4713 5.7696 0.46649 -8.3451 -3.0972 
6.923 4.8161 -2.3291 3.7115 3.7134 8.0525 7.0704 7.491 -6.3631 8.9072 
-9.186 9.9513 6.8622 6.6039 -1.1159 8.8061 -8.3457 3.1447 -7.0657 -2.3406 
-3.4128 -2.3171 -1.3276 6.2184 -7.7518 9.7222 -0.76548 8.9912 -2.9734 -9.1741 
4.187 0.58513 9.8254 6.8634 8.5823 -7.9237 -4.6808 2.348 -2.7547 -8.9389 
7.2062 5.6833 -2.7325 -3.0325 1.4964 1.2707 8.2025 -9.1546 -5.8961 -1.6195 
0.017972 -6.756 5.4206 8.7758 -4.5389 -1.2134 7.1526 -4.4971 1.6049 5.595 
9.8952 8.0284 3.3742 -8.5472 -9.8772 0.75651 -6.9513 -8.7187 0.77081 -2.1338 
-1.4272 -3.7942 -7.1952 -6.1701 -3.0916 5.1362 8.2345 3.5618 5.8405 5.6562 
-4.6531 3.5862 -8.0674 0.98615 6.2545 -1.9746 -8.9652 2.928 -4.2002 3.0174 
-0.54096 -0.81629 9.4814 -0.53864 -2.5573 -3.8713 3.2922 8.577 9.1371 9.2269 
-6.7831 3.2837 -7.0332 -8.4806 6.8197 0.96753 0.97972 -5.1768 -8.4006 -5.1234 
-6.822 3.658 -2.8771 -9.4466 8.2148 -1.7078 -0.58764 -2.9059 5.0462 5.7099 
-4.6332 -5.1534 -6.5963 -8.967 1.8315 0.57644 -6.8111 -3.4763 -8.0826 -6.7873 
5.1424 0.8746 5.4684 -2.1141 2.2303 -4.1699 -0.86879 0.81593 -3.1634 -4.5993 
2.1835 -6.7154 5.0719 9.4456 2.1356 -0.25234 -4.7322 5.1828 -3.5741 -6.8472 
9.3387 8.1318 -5.9834 -2.8414 8.1689 7.5542 7.9221 6.3777 -3.0226 8.4596 
5.4664 1.4544 7.7311 0.59607 6.716 -5.2763 3.1371 2.0716 -0.16574 8.9523 
1.4573 6.9056 -1.1986 5.0876 6.6478 4.3438 -6.7675 0.25669 1.7539 -9.8055 
-0.99553 9.514 -1.2256 -2.7762 -0.75073 -3.7908 0.35202 9.9613 -5.9236 -3.3033 
-4.2589 5.9274 3.6774 -5.6872 -7.3185 4.1807 0.31603 -1.6814 -4.5493 -6.0007 
5.0477 1.0825 -7.7671 -9.708 3.6673 -8.7818 6.3303 -2.8285 -5.206 -5.9173 
-8.1128 7.4621 1.0764 3.4351 -8.2989 9.1666 -4.1012 -6.2131 7.1993 -7.0867 
-7.8643 -4.6489 9.4016 -6.3318 -8.7939 -0.47459 -9.6887 3.8171 4.9943 -4.5408 
4.6979 8.8213 2.065 0.72574 3.8278 -5.4983 9.3673 5.2183 -3.6991 7.9204 
-2.9082 9.8053 3.0789 -4.7411 0.4618 -0.045511 -1.548 -2.216 0.19122 5.1272 
1.6127 8.3474 3.3722 -3.4598 8.35 -1.9329 -9.8302 -9.494 5.6625 3.6455 
-4.0229 -9.256 -1.3177 9.5611 -0.89703 5.1432 9.3034 -0.27346 -2.5571 1.6523 
4.2736 1.7196 0.19995 -6.011 5.7313 1.7236 7.8425 -8.9215 5.7937 0.65941 
-2.7903 -1.5799 -5.4004 6.0498 -2.4173 -1.4793 8.8157 -0.76497 -5.8317 -2.3696 
4.3692 -9.0894 1.0277 -0.85056 -1.8148 9.165 -4.1276 4.4866 -7.599 8.7165 
9.9065 8.5043 1.8056 1.4492 8.4613 -9.1728 0.16564 2.72 -2.7494 2.1082 
-8.326 5.0269 6.2589 -6.2834 -5.0305 -5.7547 7.8684 -6.3099 0.094378 7.7111 
-0.63588 -8.792 6.3185 -7.6125 -9.0307 -1.1093 -3.0063 -3.9551 0.24013 0.83824 
-8.1239 4.4427 -5.7005 -4.7859 9.4632 4.0308 -6.763 -2.837 7.1884 4.7024 
4.5034 -4.2734 4.0414 2.36 7.5761 -1.1614 -0.92438 -2.0852 -9.0662 2.8983 
8.2409 9.2895 7.6049 -0.059822 5.8252 0.82204 -4.7277 8.9114 4.0304 1.8547 
-8.2717 -7.0134 -4.6955 9.7641 3.0804 -0.54567 9.449 -1.5594 6.061 6.636 
0.39902 1.9441 6.846 -7.1387 -7.4462 6.5787 -3.3917 5.9152 -7.8487 3.3343 
1.0526 -0.69663 6.1007 -2.9201 -1.1554 7.6924 9.0418 -1.0403 7.2322 0.63933 
3.703 -1.7733 -2.6836 0.57783 -9.9384 -9.4119 3.2336 -3.0328 -1.7982 -8.1611 
-4.0069 7.6098 4.6407 3.7013 2.6803 -4.2582 8.2128 8.9369 1.3448 9.457 
2.0376 -5.5022 1.3772 0.31649 3.0146 -8.4447 -7.469 -6.3954 7.6367 5.6794 
-6.0299 0.85925 -3.6606 -8.1851 -6.6015 9.7668 -3.7019 4.0683 8.3149 -3.0347 
3.1351 8.952 -3.4665 9.1779 8.4587 -3.168 4.7006 5.7512 4.6408 3.8059 
3.9671 3.0668 -2.0559 -1.0742 -6.8471 -6.9299 7.8278 6.822 7.1961 2.419 
-0.80639 -9.3181 -7.9743 -3.4582 1.681 4.1742 2.0257 1.7637 6.0681 -2.373 
-6.8468 -2.2229 -4.5757 -9.2746 3.6338 -4.3987 -6.6963 3.7787 -4.5457 7.1698 
-1.5643 7.4784 -9.3882 0.26646 8.0815 1.8849 -2.0926 0.54498 2.6304 8.5354 
1.9211 -2.2338 3.2379 6.1062 3.428 -5.1971 7.1746 -8.321 -9.305 -3.9961 
-3.5534 4.9381 8.1291 8.7197 1.1812 8.7408 7.1051 6.9987 -7.2026 5.6718 
6.6146 4.8221 -2.4868 -0.30505 -9.4935 -7.0176 3.0549 8.2711 -9.3296 -5.0111 
-7.5463 -5.4044 -4.8435 -0.603 5.1974 -0.069195 -0.73992 -6.4313 -2.4905 3.2974 
-4.9764 8.476 7.5123 6.8861 -2.1336 5.2179 -8.6887 7.8349 -1.8993 5.3279 
8.7522 -6.5592 4.9234 -7.5751 -1.0222 9.0206 2.9859 0.46215 -0.89099 9.8958 
3.1042 6.6051 -4.6696 -6.9747 -5.4336 -5.175 1.2749 -5.7822 -8.2619 -6.2084 
5.0582 -1.7831 -2.7324 3.2914 6.0088 3.7478 -7.0136 7.2657 0.38445 -3.6875 
6.2172 5.4067 5.4904 6.3477 8.2975 -9.6733 8.954 -4.1596 -0.2753 -1.1699 
-9.0315 -3.1996 7.0042 6.2662 4.2527 8.29 4.5372 8.5974 -2.8584 -0.3848 
-1.7058 7.8267 3.3634 7.4503 9.8367 8.0853 -3.2643 8.5871 8.6159 4.5502 
4.5098 7.1085 -4.4677 -1.7755 -6.7131 -3.4572 -7.5862 -2.3697 -1.0116 -9.1369 
-7.2191 -7.3619 -5.7049 -7.6745 4.7694 7.448 -3.2565 -9.2668 -8.5056 -1.9366 
2.6511 3.6473 0.71894 -9.4807 -6.4887 1.7164 -5.9818 2.2399 -7.7814 -3.3311 
-5.0633 -7.0084 2.7643 -7.1947 -4.6855 3.3025 -1.3011 1.9291 6.6488 -9.7589 
6.7994 -1.7926 -9.1992 3.5386 -4.7441 3.6892 -6.7699 -7.5146 -3.3217 6.5166 
6.7334 0.99895 8.7468 6.8273 -9.3365 3.7535 -4.1487 8.67 6.6086 1.5646 
-0.93855 1.0361 5.3942 2.0869 -2.2939 -0.26614 -1.7069 -8.8107 -8.2882 5.2898 
-2.1048 5.46 -2.1278 -6.5949 -9.68 -4.7435 8.1579 2.0057 -4.9398 -6.2191 
9.2319 4.815 2.755 1.357 -3.0384 -5.9651 7.6301 -1.4072 8.7398 5.6765 
-9.8364 8.1535 1.2903 6.8963 0.10556 -0.30961 5.8997 6.0652 -5.1174 -5.7102 
-2.0312 -0.72569 -2.9638 -2.2472 0.65818 9.8351 -6.1935 5.2619 -3.9618 -0.52423 
-0.24455 -1.9839 -5.7015 2.2867 -1.9424 -0.93919 3.6987 7.4756 2.1519 -7.8429 
2.3627 8.878 9.9229 0.22882 -7.1144 8.5086 -6.2841 9.0087 4.2076 -7.9842 
-8.5998 -8.0877 4.0922 -1.5586 7.0573 -0.81743 8.0252 -6.9394 6.934 0.47045 
-7.1462 1.175 0.50523 -7.994 7.3132 -3.5592 -7.4468 -2.404 -3.6033 9.3764 
3.0845 -3.6521 -1.7204 5.5162 -8.9721 6.5803 0.30425 9.7676 7.4711 -2.3563 
-5.6336 8.8954 -5.8087 -4.7779 9.1328 1.8666 2.8743 -3.3847 8.7166 5.2437 
-7.6174 2.378 6.1059 -8.8836 -2.6631 -7.7049 5.5715 0.392 -7.5564 -8.7831 
-9.1373 -0.71228 -1.9254 -2.7523 9.9853 -8.3453 5.1758 -7.5943 -3.4292 0.87236 
-6.6888 7.5806 -7.9421 -5.9053 0.87832 -1.8511 -9.4039 5.7228 8.5133 5.5387 
0.22212 4.6537 7.4664 3.6775 6.1047 -4.9041 -7.0177 6.7491 1.7033 2.9168 
7.3454 1.7843 2.3177 -7.5723 5.7071 5.0171 -9.1546 -5.7828 -3.5656 -3.8872 
5.3252 -7.9871 2.4771 -0.069784 3.3262 9.7017 9.8556 4.1244 -8.3666 -1.9571 
-7.301 -9.5624 -4.0604 3.0776 -8.0208 -4.6143 -6.7057 -1.1867 -9.7209 -9.9443 
-8.7016 -8.3141 3.6792 0.6274 -7.4393 -1.8171 -9.3622 -4.2403 -8.4375 -6.7302 
3.4489 -0.89694 -1.5043 9.0975 -1.2532 -5.6022 0.96522 1.2821 -0.36389 4.3236 
-0.35586 -6.2336 4.6178 4.229 5.6615 5.79 -3.6044 1.7367 -3.2839 -5.3408 
-0.091642 -8.4975 2.6589 6.9774 -4.649 0.64467 7.5345 0.21595 1.2978 -9.2928 
-3.7303 -3.4187 8.2965 -0.70857 -3.399 -3.7992 -6.0975 3.6441 -8.4602 -0.013074 
-3.53 -5.4543 -4.684 6.6383 8.4016 3.2293 -4.1647 -0.47768 1.8837 -0.58153 
8.182 -3.2566 -9.8364 1.0407 -0.36922 -7.8474 2.2162 7.1598 5.6411 0.84633 
-0.99327 1.0489 4.5574 -2.7282 -5.8206 -6.0737 -6.8278 -3.6158 -7.7797 5.4341 
4.9727 9.3662 6.1947 3.5405 7.591 -7.0263 1.1812 -0.73754 -5.7824 -9.7353 
-6.2949 -5.4554 -2.468 5.3133 2.5086 -4.7684 -3.3264 -3.8153 -7.6602 -4.1267 
-8.3016 -1.9971 -3.6068 -0.75397 -1.7555 6.6149 -7.089 2.3591 3.5533 -7.7846 
-5.8594 9.8154 7.8664 2.3377 9.0083 -7.6413 3.6642 5.3394 2.0522 1.4546 
1.1783 -0.75963 -0.64681 -6.0944 8.4823 -4.9053 -5.4798 6.2045 1.2085 -8.5477 
3.234 9.6906 8.4412 3.5297 9.1897 4.9457 4.2266 4.664 -5.3018 -4.4234 
8.7843 -0.031194 3.4461 -6.069 -3.6679 9.9517 -2.2604 7.8635 3.5169 -0.55267 
-9.1951 9.7601 -7.5063 1.3241 0.20437 -7.0741 -3.9439 -9.9326 5.2714 2.0563 
-6.7268 0.76199 -0.88718 9.0195 -8.8371 3.2497 -5.4934 -2.8079 -8.1317 8.691 
-1.2375 -7.3421 -3.2564 9.2472 2.4184 -7.4667 -2.5977 8.5892 -1.5965 -5.6843 
-3.4866 -3.2159 6.1006 5.6174 -4.8105 -5.1435 -0.90159 0.12213 2.4951 -5.7051 
-8.2014 4.5802 0.52343 5.4283 -3.745 8.7934 5.6202 -4.9783 9.9444 5.4699 
6.2064 -1.6871 -8.0477 -0.021968 -8.1774 -7.2146 -9.4001 -6.8494 6.0257 -8.0374 
-2.0088 8.4944 -0.90903 -7.7652 -7.1532 -8.1784 6.6372 -6.16 3.209 -4.3433 
3.1063 -8.5942 9.2369 8.3085 -6.9936 -8.0791 5.1682 -6.2252 -0.8609 9.9759 
1.3369 -2.4121 -1.0548 7.1056 -3.7376 5.9381 -6.5805 -3.1506 9.2511 -4.9208 
-9.9376 1.3032 -6.8272 -6.1027 7.2031 -7.2212 -1.8099 -4.0584 -9.6993 4.52 
3.027 5.1318 1.6643 -2.4181 2.9957 -7.9471 8.3208 8.5658 -5.5356 4.7272 
-3.6581 4.6733 9.0917 -6.0089 5.2184 -0.45402 3.5351 -2.1879 -3.1773 8.8002 
-4.6813 -2.3751 6.9441 2.6641 -7.4808 -8.3654 -9.3392 2.7674 -9.1311 7.5383 
-0.79104 8.0931 -8.2749 -7.7804 5.3253 1.8518 -8.6344 8.3706 -7.7791 4.9675 
2.4632 -6.1396 7.1485 9.4178 0.5556 -7.0493 0.85173 -3.7689 -9.8983 9.3882 
6.0371 7.807 8.8541 8.8663 7.0447 8.1331 2.3572 1.4639 -4.2146 1.0049 
1.2233 -4.8365 9.8262 2.8773 3.0722 -3.0141 -2.0321 -2.8947 5.44 -3.2916 
-9.5039 -1.7269 6.211 -1.4293 -1.4364 -4.0399 -0.65747 -7.4967 4.1507 1.7331 
5.8708 -9.9344 -5.0405 6.7228 5.7046 -0.92069 -0.86035 9.6512 8.9034 -0.088742 
-4.5382 0.91673 -4.6735 -7.1078 -5.4056 3.7188 8.2803 -2.4623 3.8004 -5.7238 
6.4582 -3.0999 -7.89 -6.6757 5.017 -9.2848 -6.6686 -9.1318 -7.3066 0.24508 
3.7711 2.9118 -4.2068 8.2895 -1.3672 3.442 4.8351 -6.8971 -8.7181 -3.6102 
2.078 8.6437 -6.7733 -0.3716 5.3017 4.6465 1.3999 -2.7739 4.7617 6.7969 
-2.261 1.7542 4.6939 -2.0166 -6.8423 -7.7211 -3.7458 8.4858 7.4457 -8.501 
-8.6893 -4.7879 -1.1457 0.39998 -3.295 -1.6295 -8.6092 -4.1321 1.8214 3.2664 
9.9719 7.9989 4.8306 8.3404 4.4561 3.6184 7.7212 3.2947 -4.183 -0.15041 
3.2209 -9.6551 9.9834 3.3192 -2.3377 -1.0105 5.4777 -4.3932 7.1827 0.55963 
-5.4166 -5.4416 6.4942 -7.9988 -8.4308 -2.8945 6.8949 -7.6881 2.0498 -0.41338 
-8.1549 4.3372 1.5373 8.5791 -9.0664 1.7722 -3.9452 7.1349 -2.1256 5.4536 
-5.1804 -8.0074 -0.14737 -5.4806 -5.3791 -0.99501 -5.9646 -4.8558 5.54 7.0966 
8.0514 4.3404 -5.3264 6.561 5.4484 4.0552 -8.2898 -6.6565 0.78642 0.10536 
-5.653 -5.2084 -6.9254 8.4905 5.7767 -9.965 1.7113 0.33796 -4.5092 -6.4894 
-0.40954 -1.7432 4.3632 6.2105 2.9701 0.64512 -3.3102 -4.8373 -5.8816 2.8236 
8.1846 -4.2112 2.0113 4.4569 4.9627 0.81018 3.224 3.3924 3.4284 -9.9644 
-6.1244 -6.9676 0.28321 -7.1475 4.0794 4.8534 -7.7456 -6.9979 -6.4281 0.52898 
-1.0402 -3.804 6.8312 4.5073 -3.1213 7.7876 -5.6184 -0.67887 -1.2836 -4.6295 
2.356 2.6688 -4.3266 5.4321 6.1987 -4.9708 1.9462 -6.4739 3.0009 0.21831 
1.8843 -9.5482 0.019481 3.7155 -5.1787 5.3487 -2.8903 7.0192 8.1772 -1.3289 
3.3175 2.4832 -7.8627 8.9335 0.91078 -7.4472 -1.1186 7.0119 5.4949 7.0856 
-4.6464 -5.9962 -3.4417 4.3009 -1.9369 -9.2383 9.9717 9.8052 -0.65962 -4.9138 
-1.5227 -2.0589 3.1344 -5.0913 0.56663 -1.9056 -6.9156 6.9795 2.3742 -6.9696 
5.9865 -0.68339 7.5355 -6.2971 9.3419 -6.5299 9.7431 -9.1433 6.1909 3.8949 
8.6463 5.9672 5.2421 -4.7825 -0.25485 6.2822 0.82197 0.78132 -1.5739 4.7746 
-0.60562 -5.5799 6.2371 -8.4295 -7.8933 -0.18208 -9.6543 3.2351 9.6571 5.1214 
-3.8739 -2.3523 -0.43358 -9.3793 -1.3381 -1.9211 6.4174 4.4074 2.7941 1.8139 
-1.2126 8.1357 -4.3034 -0.32048 8.5262 8.5029 -8.9607 2.2503 -5.2165 3.1558 
-3.8628 -7.5225 -0.93083 -1.8574 8.8779 5.6222 5.513 7.5058 4.7356 6.3578 
-4.4997 -9.0989 -4.2532 -0.62662 -8.4899 3.1163 -3.672 5.3989 9.7668 -3.4728 
-7.2251 3.7921 -2.8523 2.5589 5.8649 7.9041 3.553 9.5988 -5.166 -7.796 
-6.6691 -4.0376 2.2622 -4.146 3.1034 2.8332 -8.3819 -5.8742 2.0468 -7.6794 
-0.12105 9.9312 -1.7094 -7.8909 8.2124 -1.8357 0.26633 9.7841 6.8442 1.8421 
-8.2683 -6.3214 8.4276 0.654 7.6262 -4.4295 2.2633 -3.9816 0.20477 -3.1687 
8.5368 1.1029 -3.5784 8.2922 -6.6449 -9.8128 -0.34339 9.9261 5.3313 -8.2121 
-7.0305 1.826 5.0202 2.2266 4.6776 -5.778 4.8398 1.4007 -8.2341 -7.2846 
-6.7904 -0.019264 -5.8921 7.6677 -6.1539 -0.88515 4.0628 -2.2262 -7.5012 1.1101 
4.3545 -0.74881 -3.9268 -3.5439 0.48093 5.9024 -6.2922 -0.14483 5.0499 -9.8678 
3.4979 -6.9446 -4.6268 -5.5238 -0.86449 -7.8749 -0.10399 -6.2847 -4.2849 7.1386 
-2.8296 -4.8288 3.8628 4.5957 9.3126 3.5413 -8.6493 -6.2526 6.0961 2.7996 
-8.1908 4.4476 -6.663 -2.9657 1.6431 -6.654 -4.5748 7.3019 -1.32 4.0258 
-9.835 9.9269 0.63123 -2.4913 9.2394 -0.59229 9.9212 2.9709 -6.134 -4.0942 
-2.5444 1.1062 -5.9738 -4.1556 3.6038 -8.9162 9.3355 9.985 -6.2585 0.99925 
5.7661 2.8736 -6.8566 -3.2738 -1.9213 2.757 -9.6024 -4.9852 -6.1129 -5.3024 
-1.0543 3.6161 5.1389 6.6945 -7.4917 -5.2196 1.0866 9.8666 8.2068 -9.114 
-8.0075 9.0562 8.2949 8.6192 -0.65446 -5.743 8.7037 5.7074 -6.4557 -8.0262 
6.1166 -2.672 -5.6049 3.2079 9.0292 0.62285 3.0225 0.79356 -7.7 -7.9975 
3.1891 -0.61556 -6.626 6.0088 7.8197 -8.8717 5.3265 -2.4013 6.392 5.3591 
-0.95272 -7.4292 5.9837 -4.2038 -4.4534 -0.65141 -8.3019 7.9692 2.5567 -2.0679 
0.66725 -8.4039 2.2281 9.6024 -3.9483 -9.1924 6.0131 -2.0101 5.2877 -6.5092 
0.53329 0.88016 5.4699 8.6932 -6.0983 7.5873 -2.3644 -9.1026 1.9277 -2.472 
2.5936 3.4461 1.078 -4.9422 -2.1371 8.983 -8.942 -9.2247 -4.7415 7.6889 
2.9313 6.8701 -4.1277 4.0403 9.3202 -9.2124 5.8605 -2.3607 2.1265 -1.3289 
-6.1634 1.9665 1.8121 -5.4559 1.538 7.3395 -7.0684 9.5066 6.5618 2.3202 
6.0346 -8.752 -6.7259 4.052 -9.7327 2.5744 4.0981 -5.9691 8.2524 -3.5849 
-6.0686 4.7529 -2.5714 -2.5522 8.407 5.5438 8.9336 3.232 5.4149 0.85926 
-1.7741 -6.9283 8.0396 5.2871 -4.9036 -0.62267 1.9009 4.2477 9.8695 -2.8416 
-5.2861 -8.2979 -1.7909 1.5763 -0.9624 9.4084 0.74744 -9.7105 7.5908 6.3672 
-4.5559 -9.0199 6.6021 -3.0676 -3.1741 4.8158 6.5961 -1.1583 -7.6205 2.2145 
-9.8266 -8.3919 9.4687 2.9579 -2.1586 2.9106 7.6869 -4.0473 -2.8016 4.6666 
8.5656 -5.7342 1.221 5.8021 -4.0082 9.3264 -2.7385 2.5091 4.9075 4.0499 
0.40439 -2.2292 3.6767 -5.7136 -9.3739 1.1071 -8.2679 -3.2126 -1.6185 6.5545 
-0.71749 -4.2404 0.91569 9.2843 0.79116 3.6756 -9.0104 6.5309 -7.6698 -8.6491 
0.47059 -7.0058 4.9818 -6.3113 8.3166 9.1745 -0.74962 -3.757 3.6533 0.97436 
-3.2638 2.6763 2.8671 3.7691 -4.3042 -3.6218 -9.3764 4.2711 -1.7443 8.9408 
-3.3524 -7.7262 -7.082 7.5569 8.2389 5.3483 7.8912 -8.6314 2.4414 5.0457 
9.7658 4.6896 6.7603 9.2096 2.0297 2.7367 -0.41455 -9.6748 8.7747 2.2009 
-0.52566 7.8004 -7.3974 -1.039 -7.3698 -9.5652 -1.3926 5.4144 1.4292 8.707 
4.9372 -1.1418 3.7312 3.2032 -9.6671 -8.1705 5.0926 3.473 -1.88 9.9705 
3.3992 -1.8383 8.8061 -6.4418 4.7892 5.5794 0.37156 -7.5369 -9.5243 -0.26377 
5.9118 -1.7229 -0.89284 1.4041 -9.1217 -9.4247 7.5441 5.4146 -1.9565 -0.97696 
-4.5491 7.574 -7.7723 7.5073 -5.413 -7.6868 -9.7133 -8.02 3.695 1.7328 
-4.3217 0.54433 -8.7677 -6.2207 -6.5201 -8.6268 6.7582 -1.0383 2.1292 5.0499 
4.3451 -7.4451 5.5238 0.41267 -0.29598 -2.5487 -9.9445 3.7038 -9.8284 7.7524 
-6.3073 -5.7693 -9.9457 -1.7419 4.4901 -7.5609 -5.428 5.8252 -3.6365 6.2658 
6.6741 -6.635 2.1353 -2.1848 1.0841 -9.1607 -8.8455 -4.6721 7.2315 8.9183 
-6.6067 -2.9055 -2.862 -0.78276 -5.325 1.8101 -4.4141 -8.9219 4.7286 3.087 
9.0653 -2.7088 -2.1082 6.8385 -4.3823 9.6208 6.1764 5.8957 -5.3058 0.4258 
4.451 1.0335 -2.0682 -7.89 -8.2523 8.5558 5.5287 -4.9635 -3.3517 -4.118 
-7.315 -7.3732 -1.613 1.6763 8.1859 -4.7995 -1.244 -5.5024 7.6399 -1.3688 
7.0618 4.2078 6.5408 -1.6472 -2.1746 -5.39 -2.0018 -2.1513 5.7813 4.1465 
8.6339 -2.9002 4.5212 -4.2824 7.9604 8.6844 -5.1121 -9.7014 2.3881 -9.1559 
1.2837 2.9416 8.1047 7.0576 4.8338 8.269 -6.7011 -6.0084 -9.8831 -9.741 
-2.0235 -1.4943 5.6526 -3.5408 9.1647 9.9595 0.35142 -2.4853 1.4924 9.7761 
-1.1679 5.1467 -3.4619 -9.0532 6.4154 3.3101 -6.6679 1.9716 1.3207 -1.0557 
4.0336 -5.1407 -5.9669 4.735 -3.6189 1.1246 -7.2074 4.9771 -5.7321 2.061 
-4.7991 -6.2311 3.1002 -9.4789 -7.4004 7.0076 -0.98959 -6.7456 -8.9397 -3.724 
-9.4294 -6.9453 -7.8218 -9.8804 5.5442 4.5622 -1.7088 -2.2994 8.7061 9.8302 
8.9593 9.8243 7.7193 -1.4879 8.7634 -5.1582 -4.0165 -9.0475 3.2152 -1.9113 
9.9234 9.4944 1.7462 -7.7138 -9.8794 4.4987 0.10125 4.8482 -3.0727 -2.0185 
5.5897 8.442 5.6257 -7.7853 8.4459 -5.2048 -9.8513 2.2903 0.47014 -4.1265 
9.788 -0.97395 1.9326 2.0075 8.1431 -6.0042 -4.1562 9.8599 7.8223 0.48575 
-0.24894 -5.964 -6.5101 -2.5765 -3.7932 -0.71926 -9.2373 6.0389 -9.3678 5.237 
-7.4403 -2.4887 -8.3908 -6.0448 -0.35506 -0.79967 2.4519 7.194 2.0426 -5.3102 
-0.71265 4.8633 6.575 0.88756 1.6742 -0.74978 -8.5622 3.629 7.7673 6.5269 
4.8518 8.022 -6.9306 -1.888 -5.064 -0.77419 -6.9163 -6.2302 1.1064 0.16955 
3.4678 7.2091 -8.7703 7.7318 -1.3485 3.4213 -7.3951 -1.2032 8.7957 8.1359 
7.4796 9.4658 1.7977 -3.4946 2.1695 -5.3947 -1.8821 -1.3297 -2.4768 -7.5943 
5.165 -6.9699 -0.68882 -2.5973 -0.48259 -0.11072 1.1663 3.539 0.11766 2.0329 
2.3435 -7.5368 -0.75264 -1.1855 -0.47891 7.4146 5.179 4.0452 -4.2565 7.36 
-4.5037 -6.1239 8.1867 -7.7832 6.5696 -1.1797 -9.2133 0.13351 -6.1372 0.56939 
-3.2724 -4.8474 -6.8112 0.61085 -2.6156 1.1692 3.9379 6.6896 2.6437 0.17682 
6.7145 4.5635 5.8796 -7.2156 5.4423 -9.5221 4.7106 -6.4449 8.8718 2.3135 
-2.2823 -5.5327 3.4546 2.9674 -5.0872 1.3014 -4.0164 -4.5051 -7.7477 -0.4409 
-8.3931 1.9408 8.3799 9.152 5.9881 -3.5926 8.4461 2.6217 4.7654 -5.6042 
7.3117 -6.5182 1.235 3.285 5.7873 -0.40193 1.7988 -1.9568 -5.1099 2.5244 
-1.2925 1.5044 -5.9722 5.9161 -0.66497 9.1636 -7.7424 3.5723 7.3246 4.0078 
-6.5584 -0.82034 -4.8979 -1.5233 7.9008 -8.2855 -2.265 8.3144 1.8283 0.39713 
-9.9141 7.6588 2.444 -7.0682 -2.2082 8.7503 -0.38212 -1.0636 -0.2696 0.8378 
3.0499 -9.87 -2.4797 -0.33877 9.047 5.6553 9.0804 4.6539 0.52052 -6.0996 
-2.6062 -2.6518 -2.821 6.5971 -5.7992 -1.9764 -6.6838 -4.2447 -9.3303 7.9868 
-2.478 -6.7453 -9.427 -3.8595 -6.7775 -9.0435 -0.58698 5.0173 -1.5106 -8.8212 
-1.1732 -8.4742 5.3475 8.0049 3.9022 -6.5053 -5.2698 -1.7618 -6.6943 9.4723 
0.32248 8.023 -5.2523 0.72659 -5.8466 8.3347 -6.5413 -9.5287 -3.0888 -7.2344 
-3.9977 -1.4422 3.3183 -8.665 9.4175 2.641 2.084 -5.3037 2.3503 -8.1914 
-0.43356 0.92953 4.9698 -6.524 2.7179 -2.5094 2.4453 -8.8161 -8.3621 -0.29875 
-9.8751 -8.2593 4.5688 -8.6525 -5.4862 -3.627 4.2576 -2.2226 2.4762 6.5194 
-6.5713 1.7779 6.2858 6.4363 -4.8207 -9.8221 9.1541 -0.87121 -2.4854 7.6685 
-3.9289 -1.8423 4.8017 -4.3676 -8.7735 6.2687 2.2159 -5.8563 7.7744 -8.0047 
4.8893 2.2516 2.8903 6.0596 -8.9074 0.18858 -5.5191 0.79803 -9.5093 4.344 
1.6179 -9.1931 -8.02 -7.4915 -9.815 3.2541 -4.5802 -2.7232 1.4609 4.29 
4.0241 -9.0406 9.988 -2.3829 -6.7622 9.6781 -1.1135 -6.9737 -6.1009 4.8713 
6.0933 -0.85155 -1.6381 -5.8553 1.7057 8.4294 -9.0552 0.097577 5.7886 -4.6573 
7.0397 6.3905 -8.4804 -6.3212 -8.2717 -5.9093 -6.9136 -6.6764 0.98888 -2.9246 
-7.6456 3.977 4.8251 4.6911 -8.7062 -3.2799 -8.5935 3.8096 -0.35713 6.2129 
3.1453 0.9989 9.9942 5.1798 0.78453 -3.4285 8.4062 4.7881 3.4117 -3.1124 
5.059 -5.9815 0.97938 9.5333 6.5138 5.076 -7.1439 -5.611 6.6779 0.43731 
4.0426 2.7597 1.8628 3.6563 -2.9101 -6.0657 -2.7698 4.4707 5.8724 -5.8546 
2.1024 -9.0934 -6.9118 6.4524 0.41432 -3.8069 7.8948 8.7868 -9.8916 2.7997 
-9.2347 4.4149 2.733 -6.777 0.63186 -7.048 3.2051 -5.5392 -8.6461 6.1475 
-6.097 -1.5139 0.92148 -8.552 7.0807 3.0094 2.5249 6.3823 0.65088 6.9004 
-3.3864 0.31582 -4.3117 -0.44479 6.2491 -5.6299 9.149 6.4671 4.4542 -9.5459 
2.8567 8.2256 3.1545 -2.7012 -8.6767 -5.2042 1.3916 4.9456 7.7949 1.3677 
-5.6519 4.9927 9.8846 3.052 -5.4253 -6.7725 -4.2754 6.2058 -7.1622 -0.71118 
-8.4618 9.2415 0.19775 5.6275 -1.1001 9.5744 -6.986 8.7009 -4.0356 -3.7126 
9.6118 5.1475 -5.8952 2.4694 -7.1461 4.2516 9.4769 -8.3618 -8.7872 -7.9946 
-5.8648 -1.2382 2.6487 -9.1448 -1.2346 -2.2114 3.0255 8.3418 3.9529 5.246 
9.6651 -0.89006 3.6617 1.0764 8.9014 -8.41 0.90317 8.514 -9.4476 3.6306 
2.2074 0.23166 -0.89743 6.4901 -4.0171 -7.2766 1.6081 4.4201 -6.1139 -2.8603 
-5.0404 -5.3278 -8.3112 0.49028 -8.0277 4.5065 8.0572 -7.1782 -8.5886 8.0581 
0.35916 -1.2063 9.8098 9.4907 -9.2015 -8.8309 -6.0506 -3.4028 -7.1694 7.049 
4.2566 -7.1156 -9.213 0.63475 1.3216 1.9416 -6.2948 2.946 8.9194 -0.2636 
-4.8026 0.46776 4.8264 8.8349 9.3767 9.3378 -3.1921 -8.0999 0.66645 6.0737 
-7.7063 -1.9241 1.7387 5.423 4.1238 7.123 -1.2788 2.7845 -7.8856 2.0738 
0.99339 -8.9007 9.1322 9.7688 8.4656 -0.004955 7.4318 2.3114 9.0091 -3.9057 
-5.622 -2.7136 -2.0026 0.8435 -1.8897 -6.3282 -9.2953 -4.0014 -5.8123 2.2464 
-3.7565 -8.0285 0.27284 3.89 -8.2208 -0.8424 9.9495 -9.0946 -8.1693 1.7044 
9.4627 2.1994 5.8668 -0.56032 -5.4951 -9.1062 -1.8352 -5.1253 7.2304 1.4506 
-3.8162 -5.532 -2.0918 -4.9049 7.0221 1.0561 6.2316 -8.9359 2.54 6.4406 
8.925 1.6133 -6.7868 -6.4914 2.0655 8.4312 8.9809 -5.3379 -2.0252 5.4028 
-1.7888 -3.3898 1.3891 7.7753 -9.0104 1.206 -9.261 3.5492 0.17599 -3.63 
-9.7933 4.9299 1.9433 4.0931 4.7593 0.004068 -1.956 -3.7606 9.8749 7.8176 
-3.7986 5.6321 6.4171 -8.2401 1.553 4.1698 -7.9422 -9.3285 -2.0979 0.69813 
-6.8959 -7.6173 9.8676 3.2237 -2.1865 8.7562 5.9434 5.1256 -0.82264 0.93425 
9.8817 -1.3802 -3.1478 8.1878 7.2326 -7.4787 -9.586 -6.9514 -3.9645 -6.8817 
-0.99522 -7.0931 -9.9876 4.6788 9.6394 9.365 3.3392 8.4785 -6.8467 -2.8839 
0.90437 -8.0098 -8.739 -4.8995 9.7743 -0.15276 -0.35004 -2.9564 4.5142 9.5402 
-4.7534 0.27351 -0.68082 -6.7388 6.0685 -6.1553 1.796 4.8498 -0.39606 -6.1647 
7.6508 -6.2989 9.7446 -4.9429 -0.14759 1.8996 -5.5652 9.4524 4.2965 0.79393 
-7.9388 4.5055 -9.2091 3.3006 -4.2653 5.4532 6.6356 0.88187 9.6817 -3.59 
6.4713 -9.2278 -2.6685 -0.44159 -0.4504 1.0219 -0.37057 -3.0987 -1.8677 4.126 
-1.4565 -6.4951 -6.5994 -0.24946 -0.88258 -6.5927 1.0639 6.1795 0.63041 -8.4023 
8.4069 6.9727 7.3332 -4.2552 8.5283 5.9578 -2.8547 -3.2119 7.6383 -0.76277 
0.56024 6.5982 2.7637 3.3132 -9.5895 -8.4678 -3.8976 7.994 -5.104 -4.8111 
7.4167 -5.9208 7.7414 0.24379 -9.6097 7.4222 -5.5412 5.6858 -6.4674 2.0524 
