1000 10
2.6238 -1.7609 -2.6014 -4.1798 0.12088 -1.8577 0.76436 3.9617 -9.3146 -5.8462 
-2.8985 -9.6942 6.953 -0.52358 0.98454 -8.2207 7.7895 8.4089 2.8353 5.6579 
9.9401 5.0134 -4.5037 2.2049 4.7948 -4.4462 -6.4553 0.69657 -0.21645 -3.4215 
-5.5166 -8.7575 -1.2425 5.1909 8.715 -3.2927 -1.8649 7.8441 6.2042 6.459 
3.049 -1.3663 -3.6394 -2.9894 -9.876 1.2767 5.5887 -8.6881 -7.2315 -1.9251 
2.0998 0.85559 -7.4886 8.7681 -6.7694 2.3391 -9.074 -1.37 -6.0393 6.932 
-2.2551 2.203 2.8002 -7.1511 8.3373 7.865 9.5069 -3.6969 7.8215 6.1208 
-7.1563 -1.2753 3.9128 -2.9672 -8.3281 -6.5356 8.0776 0.74492 -4.8026 -3.7645 
-9.4973 -8.3786 8.6016 1.0677 -2.9209 6.0621 2.8293 4.1477 4.0829 7.5082 
-1.5778 -4.3209 5.5909 8.9873 -4.4851 -8.5007 1.5956 -3.0737 6.6886 6.5671 
-6.318 -8.5355 -3.5988 3.5846 -6.0955 -9.2945 5.349 -9.9081 5.3427 6.3719 
4.5155 4.5996 2.136 -5.6065 -2.8449 3.1903 -6.8244 -7.5101 5.3861 -3.5358 
-2.5927 -3.0725 -7.1777 3.1032 -4.2812 -3.9145 -4.5744 -0.61051 -2.8157 6.7364 
6.8312 3.0441 -9.8858 3.6068 -8.2068 2.9822 -8.6615 -2.353 -1.5283 8.5589 
4.6846 -0.36485 -1.5861 -8.6171 -7.5118 -1.1742 -8.297 -6.4656 6.063 9.7461 
1.4205 -2.3481 7.8863 -7.8272 -0.5918 1.4786 4.8475 6.4857 -4.9713 8.9913 
-6.4629 -3.4623 -6.8812 0.078661 0.46348 -3.2253 -7.7742 6.4643 5.5011 -4.2402 
9.1477 -7.9392 -3.7889 2.0832 -3.1351 -4.7035 0.26304 -6.8899 -0.56572 -4.7053 
-4.6936 -2.5918 9.2178 -8.5487 1.6589 7.8936 -5.8032 3.4159 -8.9575 8.3757 
8.4916 -2.4512 9.3576 2.4467 -3.1707 2.1714 -3.083 -8.1447 4.7497 -3.2363 
-5.5246 -0.36403 7.0962 -4.2251 6.6352 -1.6726 -3.4064 -9.5695 1.8836 1.3725 
-2.5287 5.9124 7.8343 -9.2226 7.229 9.2173 -6.7812 5.3673 4.6585 -3.2977 
-8.25 3.8279 -3.2227 -1.3039 -4.7762 -4.2383 -6.0764 9.1436 8.2112 1.5478 
2.8023 6.9958 7.497 -6.6892 -9.2788 7.8508 -2.4781 -1.2108 -5.9253 2.7428 
-6.3877 0.24565 -4.6142 -5.7737 -2.6372 -2.3859 -8.038 -3.0497 3.4908 9.6035 
-9.099 7.1007 5.7978 3.4986 -0.57863 8.475 1.7507 -8.0599 -3.0525 -6.0246 
4.4635 -0.69117 1.1834 3.1723 -3.3627 1.7233 -5.9194 2.4208 -8.8982 -5.1864 
-3.0512 -4.703 -8.7569 0.79856 3.9772 -2.9843 8.7372 -2.3806 6.8786 -8.8096 
3.2123 2.5897 2.1769 -0.17659 -3.9971 -4.0725 6.9226 -8.7211 -2.0045 6.4996 
-2.3226 1.2547 5.1787 -9.6064 -5.0034 -3.2002 -6.4781 -0.0018156 -0.29252 5.2207 
2.5469 0.82313 9.1454 7.6372 5.0287 2.6992 3.3938 5.6803 -2.5561 -5.6139 
-9.567 -2.1338 -8.6147 -3.5715 -1.4853 -7.1381 8.9427 -3.2231 -9.5512 2.6813 
8.2114 -1.5908 -5.6526 2.9774 4.6688 5.5923 -8.331 -4.6436 5.38 8.3627 
6.0112 -7.2576 4.9513 6.1986 -0.69735 -4.3834 1.7059 -9.7219 -5.5484 -6.811 
4.9169 -4.1564 3.42 8.4299 -7.9832 -4.081 -6.9469 -7.85 4.0978 -0.35259 
6.2623 -9.8535 1.3387 6.0344 1.5326 -2.1003 9.9707 3.0276 -8.5813 -2.0706 
-2.3339 8.654 -7.0365 -2.4366 -0.97186 -3.6564 9.6402 9.7061 4.9838 -4.399 
2.3456 2.1852 9.3904 6.1771 3.4905 -5.3206 7.1817 -2.6197 0.50648 3.6865 
1.5099 7.8369 9.8455 -9.2164 -4.279 -5.2715 -1.0361 9.4947 -9.0555 -7.6174 
0.60103 -1.5835 -3.9316 -5.9038 4.5557 -2.4538 -0.49239 -7.2402 -0.73985 7.9591 
-4.4986 -1.9964 -8.9245 3.6284 7.5688 -8.4768 -1.2878 5.1788 0.37945 9.0606 
-5.0274 1.0787 9.2263 2.4098 -9.3287 6.0113 8.2918 5.1535 2.8863 4.4939 
-0.96722 1.9252 -1.4291 7.2496 4.899 -5.446 -9.1553 -0.93602 7.7685 5.1923 
-5.4457 0.12558 -5.687 -0.86117 3.8389 -6.1452 -7.7581 -4.136 -5.3017 0.9589 
6.089 1.7442 -3.7629 8.043 7.505 -4.7986 -5.961 2.2126 -8.8579 7.7168 
9.7221 -7.3436 8.6901 -7.3318 -5.1765 -8.4163 7.9381 -3.8418 -5.6936 -3.7269 
-9.4002 5.232 9.4572 -5.9135 6.5256 5.0442 -8.0226 2.5008 -7.097 -5.699 
0.71328 3.0229 -8.2108 7.7495 5.9881 -5.5704 -6.5932 -7.508 -0.96039 6.763 
-8.2585 -2.9782 9.3128 -3.4527 6.0389 2.433 -3.1571 9.8766 -6.2624 -4.9845 
6.0418 -3.7481 2.25 -6.034 -8.1016 -8.3269 -0.8074 -2.6469 -5.6829 3.1699 
9.7829 -4.515 6.0253 -4.6144 2.6596 5.7975 3.9026 1.9095 -4.833 -9.5578 
-8.6611 -7.0094 8.7745 0.82768 7.6869 -9.6238 -2.2401 9.2994 6.4781 -5.6901 
8.788 -3.3131 -8.4382 -8.5283 -4.1111 -7.1431 7.3651 -8.7552 0.58235 8.4874 
-9.6364 6.6607 9.0054 3.9448 -4.8258 1.2097 -2.9801 1.3834 8.6764 -2.8411 
3.6768 -5.3285 -5.1577 2.7802 1.175 -6.0018 4.643 9.3594 5.8434 6.0814 
5.6747 -8.6152 -5.6556 3.3331 6.603 3.4888 -9.8048 4.3616 -4.9886 0.47741 
0.68275 -0.10546 -7.8102 2.0683 4.8076 -4.9908 -0.71867 3.9826 1.3219 9.5165 
7.7072 -7.557 0.7815 -2.5965 -6.3204 -1.7447 8.6382 9.1853 4.8073 7.0885 
7.9801 -1.9476 -4.93 0.65958 7.0242 2.1646 4.9959 4.034 -2.6494 -6.3184 
2.5188 -8.1757 6.7094 -3.765 3.8688 -5.407 5.7326 -6.9739 -3.2391 5.5973 
-7.2426 4.411 -8.0299 -6.2338 -8.6099 0.8093 1.6427 -1.1127 9.7365 -5.0979 
-5.644 -3.1531 5.8644 7.1873 8.7372 -6.6238 9.8599 1.7225 -3.7002 4.0281 
-6.3572 1.3261 1.2265 -0.9614 1.0554 -0.82116 7.2121 -4.4543 -4.1644 -1.4258 
-9.1636 3.0902 -9.9875 1.1993 0.6441 -4.7549 -9.2841 -7.2759 -5.2118 8.7767 
-7.8612 3.05 0.66314 3.7756 -3.4962 -4.5622 -4.1969 4.0448 -5.6922 3.8311 
2.3289 4.0171 -5.756 5.748 4.6485 2.0216 -9.0964 -7.5889 -0.26609 4.9175 
8.7932 -3.9779 1.7316 5.9899 -3.9567 4.877 2.6204 -4.4683 -0.536 -6.9752 
-2.9109 -8.2907 -0.75828 8.6816 -5.7772 -2.5058 3.1734 9.815 -7.8899 -8.2538 
-1.7874 2.6687 3.7722 4.0152 -6.9788 8.664 0.82987 -7.7658 1.6704 8.2339 
9.687 -4.6713 -5.093 4.4835 -8.0114 5.0338 -9.5566 -3.1748 0.83686 1.4343 
8.9116 7.885 8.7487 -6.1094 -6.3835 -3.2444 -4.8126 3.3244 9.3982 -9.7313 
3.5329 -3.9946 3.7421 7.7261 6.7749 5.669 -5.7276 3.2119 -1.2287 -4.9827 
9.766 4.3011 8.6106 -0.61225 -3.238 -5.7851 -3.856 7.7109 8.8843 8.1177 
5.3366 -3.393 -1.6414 8.1482 5.0272 5.5543 0.029697 -4.7728 -1.3409 3.5554 
-3.266 -2.7025 6.2786 0.82617 8.0662 5.1192 4.0773 5.4614 8.7238 9.2561 
3.2476 1.847 -1.199 -7.0172 0.31562 -3.5349 6.2717 7.4314 -2.415 1.5806 
-5.1167 8.1037 5.2495 7.356 -1.4235 0.76758 5.5831 -0.9216 -4.9118 -0.45666 
-4.0899 -4.7094 -9.8247 4.948 -5.4234 -0.47735 -6.5078 6.4879 5.3195 0.31735 
3.6036 8.9965 9.9006 5.4039 -2.4572 -0.24279 3.4482 -6.0233 -2.6957 -7.0841 
0.55694 4.7746 -8.4988 -5.1934 9.9092 -7.9703 8.0287 6.3598 -3.8301 3.8877 
-1.7681 -9.9108 -6.6079 -7.2714 -4.2469 -4.0954 -0.22406 -9.9419 -7.0129 0.2685 
2.0528 7.0147 0.28393 5.7601 -7.3697 -6.9936 9.9946 3.5697 5.7655 1.3399 
5.0104 3.9114 5.5812 7.7509 0.23311 0.17041 2.7741 6.5173 1.449 9.5967 
1.6707 1.2486 -2.8243 -2.9324 4.6731 2.2508 6.1013 4.2535 -8.1148 5.6625 
1.0359 -3.2457 -4.1329 0.7599 -3.6731 -1.342 -7.4717 -2.2166 2.4018 6.2707 
1.6714 -3.344 -6.9588 -1.9648 -8.7331 6.6321 8.7831 -9.7659 3.3711 1.36 
0.2364 -8.4535 8.1055 -8.043 7.3394 -5.2244 -2.3254 -5.8581 4.932 8.2132 
-8.3481 -0.83398 -4.5439 5.8364 3.1764 -6.0472 3.0518 -7.0366 -2.9063 -3.3649 
4.3914 3.1438 -3.1623 -5.0323 -7.0913 -7.5917 -5.8016 2.1231 9.2918 4.3604 
9.9231 1.4391 -9.002 -0.76063 2.9931 6.9522 -7.5769 8.3537 5.9481 -7.2197 
-2.9093 -1.9578 -5.9075 -4.2917 -6.1248 -8.7259 -5.0053 3.0614 8.0741 8.149 
9.4252 8.694 0.47371 -7.9943 8.0042 7.2229 -7.3091 -4.8104 3.6482 6.8122 
-3.071 -2.7893 -5.2542 1.7185 9.6056 -8.854 -6.9708 7.5839 -9.1822 -3.4917 
7.7309 8.9543 1.8405 -9.8906 0.79095 9.6508 -0.33883 3.4371 -4.8924 -5.455 
-0.9061 -9.3975 6.2602 -5.2512 -4.7544 -0.0096736 -0.66933 -1.8627 6.0968 5.7715 
-1.7315 -1.1781 -2.2714 9.8675 -1.0006 -1.1517 4.7301 1.9037 9.0791 8.5605 
-5.6454 4.0142 5.6576 4.944 -9.9017 -1.272 1.7448 -3.7047 -6.1206 -3.4191 
-7.4869 4.0599 4.3001 -8.2187 -2.2848 -4.1678 -3.3737 0.9865 -1.2588 -7.1045 
-3.8217 0.20333 9.9949 -8.6186 1.0495 -3.5512 -1.4463 8.9826 5.1603 1.9578 
4.5221 2.2449 -9.594 5.8678 7.8335 9.7366 -9.1652 -1.2947 9.0341 -5.3224 
5.6574 4.9274 3.1833 -9.9104 -4.7703 9.9183 -4.3072 1.5497 -3.9643 -5.8846 
3.8758 6.0287 0.65827 -5.6999 4.3829 -8.6004 -3.962 2.9253 3.3162 -5.8004 
-9.804 -3.2655 9.1444 -4.5294 -8.9439 -1.6012 -8.6337 -2.1027 3.2358 4.1578 
6.8643 1.2819 3.9068 4.0722 5.4838 0.90001 -0.52976 7.3658 -4.1394 7.3896 
8.4466 7.1053 -0.64975 6.1219 4.5361 -3.934 -4.0301 4.4906 -5.6081 -3.9781 
5.4191 1.7832 -4.068 3.1925 -2.1691 -4.7568 -0.55787 -9.7622 3.1038 -6.6011 
-9.1468 0.16482 -1.5849 -0.61159 1.4625 -2.967 -6.5846 -0.73615 0.9614 -6.3681 
-2.4363 7.0686 -2.0762 5.2664 -2.4064 5.2626 5.5953 2.2335 -8.8017 4.0723 
4.0868 3.676 -7.9309 1.7927 -2.6313 -6.394 9.9594 -7.5913 6.8776 -3.01 
4.5903 -7.8732 -0.43587 4.85 4.5345 -9.9998 2.5287 -9.6382 5.872 7.0162 
-5.5145 0.039137 5.5225 2.3141 7.101 -0.20716 -7.6075 -8.3102 4.1397 -0.20465 
-4.6189 -9.6167 -0.5434 -4.297 3.2823 -4.4015 -3.4334 1.5977 -0.42851 4.1613 
3.4606 -1.1478 -3.6186 -7.5469 2.903 -1.6849 6.6573 6.2272 -9.6467 -0.72871 
-0.45016 8.1435 -2.2558 -0.42379 1.7152 7.7763 9.2389 7.4496 -4.0712 -5.1832 
2.4743 -9.1066 4.1265 0.067632 -3.458 -9.8832 -7.1689 6.8486 -2.5368 5.7368 
-5.2711 8.9038 7.9485 -5.4551 -5.3327 7.065 -3.6777 1.4022 7.5103 -7.8328 
-6.4575 -6.3924 5.1021 1.595 1.6088 -2.8313 -7.6913 8.5977 -6.09 6.9246 
6.5929 -2.6018 -7.2867 -4.7801 5.3997 0.52282 0.38551 -0.33936 1.5294 0.831 
5.3384 -5.8952 -7.6521 -8.9544 -5.8468 6.4261 -2.0885 7.4204 5.7143 4.9449 
8.6896 -8.0883 -8.0922 -4.3819 4.8859 8.8886 3.1385 4.0714 2.8361 -9.4658 
-7.8422 -1.3452 -4.5504 5.3195 -0.60591 -7.0583 3.0691 -9.7095 -8.0614 3.7585 
-6.3554 -4.4488 -9.0012 -2.6644 9.7074 9.2473 2.1922 -4.7745 -3.2279 9.94 
-8.0181 -7.9828 -6.6941 -6.5602 -2.3145 6.49 -3.7283 9.2602 9.4716 7.5582 
-0.20472 -0.021591 9.3859 -0.071789 9.6984 2.1243 -2.0912 -6.8996 -7.376 7.9905 
-6.1351 -5.2193 -6.4474 2.7544 0.37627 -3.4002 -4.5245 7.5222 -9.5115 -6.7672 
7.9178 -3.008 -0.78399 -3.2277 4.4185 5.0534 -7.9478 -2.5823 -7.7982 -4.6251 
-8.0182 1.1652 4.4673 9.9484 -4.8248 7.2494 -8.5349 -4.5282 1.7627 -0.16752 
-9.1167 0.96134 -0.16253 7.6708 9.2871 -0.85623 3.4314 3.5648 -7.9143 -4.3961 
1.1459 -1.5745 1.2303 8.9101 8.5486 -0.48677 3.6597 7.9142 -9.397 9.3067 
5.4499 -2.29 5.1089 9.0278 -6.7835 -9.285 8.0879 -9.7658 6.823 0.62641 
-3.7612 -2.3867 9.3618 -9.5377 -8.5207 7.1881 -5.5211 -1.0091 -6.2591 5.4365 
-6.4204 -4.3854 -2.1765 -0.7548 -5.9189 -0.67064 -2.887 -6.4979 5.79 -5.6338 
-3.2209 -6.4018 3.0359 4.1755 0.86106 0.017294 -6.6043 -4.2459 -8.9674 7.083 
-5.7971 -7.4543 -8.9623 7.6492 -0.62455 5.4032 7.5813 -2.7918 -2.9062 3.6207 
0.20305 -9.6862 7.8602 -7.4474 -4.3107 7.1983 -3.6899 5.191 -7.7016 0.39877 
8.1273 5.0618 7.7663 -3.3442 8.1414 -7.9325 -1.3109 -0.5453 -7.8784 0.27573 
2.5785 0.099104 9.8423 -4.2965 -3.0906 0.6183 1.9053 -0.81563 -6.7194 2.3827 
-7.9693 4.4422 -2.3236 -5.4266 0.80998 9.9134 -7.171 -4.7058 8.8648 -6.0151 
-2.1829 5.222 -3.1351 1.1106 -8.5121 4.1715 7.1661 -6.6486 2.9669 3.8883 
-8.9077 -4.621 4.1634 -0.60363 -1.1257 4.3013 3.8924 6.0156 -5.8809 -6.3365 
0.025658 -6.1276 2.2972 -4.7088 3.82 3.5954 -2.0022 5.8528 8.4125 0.49746 
-1.3656 -8.717 7.0006 8.7103 -8.683 2.074 6.2604 -5.3848 -5.8806 5.8995 
9.9512 -1.4925 8.8616 9.3777 1.3887 -1.2017 6.2234 -1.4961 6.4286 -4.2681 
6.2321 4.0429 9.6825 -5.6855 -0.99724 -7.0962 0.74062 8.754 -6.83 -1.1257 
-0.28697 9.5464 8.0522 -6.7615 -9.6443 -2.9167 -8.4018 4.3114 5.5457 -8.0196 
7.889 1.0317 -9.3718 -0.87821 5.3411 -5.776 8.4691 -8.1411 -2.7751 0.88981 
-7.2491 -9.1239 -8.2635 -4.9036 1.0932 -5.8753 4.4107 8.6643 -5.0811 9.3678 
-2.1999 1.643 -2.7932 -4.6813 -9.6208 3.9644 -6.5174 -2.433 -5.557 3.3481 
8.5471 -4.4325 -7.8075 9.8159 -3.1794 -6.3965 -9.7182 -6.2321 -7.891 -4.2508 
8.3499 0.84388 -2.0114 1.1814 2.351 -0.55666 -7.7499 1.6017 6.7582 -0.018079 
4.2715 -1.1336 4.7573 6.9561 -7.1203 6.6845 4.065 2.5197 -8.5928 -2.6842 
2.3667 -7.6559 7.4643 -3.4813 -9.7132 7.0998 8.2544 -1.3853 -1.6585 -2.9991 
-3.1342 -2.4012 -3.4807 -5.2922 1.6146 8.1659 -6.5431 5.3961 -1.8754 2.0489 
8.7205 5.2967 8.0836 4.5302 2.4145 5.1525 -1.1971 -7.6892 -7.1503 4.8631 
-7.5045 8.3674 2.9662 -7.2458 1.9937 -8.4881 -4.1468 8.9008 1.191 -2.6468 
4.6117 3.854 -1.6512 1.7805 -3.2908 8.3483 -7.5498 -8.268 -8.2059 -6.666 
2.9295 9.4125 6.5924 3.7071 6.3114 4.3142 -7.1444 -6.5043 1.0862 1.8336 
6.663 -7.4767 9.7897 8.8128 -2.1798 3.5252 -0.15578 -2.1911 0.15329 1.7474 
-2.0344 2.9283 -2.42 5.8189 7.6268 0.76489 -9.8405 3.1615 -6.1857 3.9456 
4.9964 -2.263 -0.29209 -7.0754 -9.9161 9.7977 -0.45332 1.234 4.8981 -3.1917 
6.7044 1.2469 2.3352 5.1762 6.3524 -7.5116 -1.1649 -1.6155 0.70691 0.61744 
-3.5508 -6.033 -1.8413 -1.8513 -3.0888 7.8445 6.6557 -8.387 -3.2325 -6.0746 
1.0452 -2.1215 2.4898 -2.7566 -3.8535 -9.4982 0.99864 4.3449 9.646 8.7889 
9.5826 -3.1952 2.1385 7.9871 -4.0903 -1.1737 2.6896 7.8717 2.3984 -6.2625 
0.98617 -2.8704 6.1055 -0.85313 -5.018 -9.746 6.7563 5.4311 -9.8287 -2.6032 
-3.3915 -2.5392 1.817 -6.662 6.4499 3.7616 -5.0933 1.7511 4.8471 -2.8858 
2.3894 -7.6927 -4.543 -3.1109 -4.9709 3.0188 -4.4833 -5.4087 -0.96288 1.4402 
-2.7873 0.024195 -0.70886 -8.9921 -1.9062 0.9178 6.3513 2.6656 5.3705 8.1053 
5.1302 6.3383 -1.3513 -8.1283 3.0638 4.0229 -6.6143 -8.3879 7.287 -4.5409 
-1.722 -3.1299 -2.8153 -6.7264 8.0204 -5.4222 9.3976 -4.9551 4.5563 9.93 
-0.1531 -0.029276 8.2308 2.6363 9.5925 -6.9355 -4.7411 2.7121 0.79591 -9.5549 
3.8949 -7.6395 -3.061 4.8663 0.80348 -6.8861 -7.9147 -4.6822 4.7904 2.8409 
9.4547 1.5103 0.76077 5.5844 -9.1889 0.76012 -0.85269 9.2236 3.5571 1.9488 
-3.4449 0.30928 -5.8843 0.41617 8.4857 -8.4201 -4.3423 4.2737 0.52939 5.8961 
6.7561 -2.8945 -0.039337 -9.5516 -3.5696 8.6539 -1.6773 -2.9238 4.1893 0.60118 
4.7814 7.267 -6.7314 1.9899 -9.0 -7.0435 -9.6982 -4.4016 -2.6438 0.49526 
9.0835 -3.1197 0.44489 -3.2367 -5.1963 -0.12203 -0.091678 -9.7847 2.2966 2.436 
-9.3615 -0.86237 4.2923 5.6877 -8.5312 7.3526 8.2974 5.7555 -1.5435 -0.025006 
-2.8626 -5.2382 -4.0545 7.9175 2.0538 -3.7644 -9.9507 9.6178 7.0083 -8.0581 
3.2531 5.4233 1.8506 -1.4819 -0.22245 -9.2867 6.9592 -8.4972 -6.058 4.9596 
-4.37 -4.5319 6.8811 9.9629 7.6824 -5.0302 5.2584 -0.65582 9.0172 -3.5057 
-5.3923 0.50004 8.0316 6.6154 -5.814 -2.4011 2.3266 -9.2314 -2.2793 4.0652 
4.2226 0.62227 5.5938 2.5768 3.4825 8.1775 -9.871 0.077721 -6.6222 2.3179 
2.4915 7.4677 -5.6268 5.7559 9.2234 7.0659 -9.3849 3.9612 -8.469 5.7958 
1.8122 8.7523 2.6687 9.6566 6.8616 4.4615 -4.9806 5.7934 -8.1035 -4.0597 
3.2088 -9.0257 4.2534 -6.4136 1.8639 -7.5682 7.1642 4.55 -2.7143 3.2187 
-9.0489 9.5769 -9.9346 -1.3341 2.0134 -0.80023 -1.3641 3.0737 1.0463 -8.5626 
-3.0243 2.6465 2.0716 -1.6849 -0.15418 -2.1166 5.4308 9.5299 -9.8729 -2.9257 
-0.97319 -8.5473 8.8433 9.2784 3.3355 2.0563 -2.6687 -4.971 3.0114 4.9955 
-5.1819 -5.7635 -8.2579 -7.849 -2.3048 8.7798 4.1668 -0.87821 -4.7293 7.8407 
4.3009 -2.8023 -5.4888 6.2252 -4.8601 1.2692 -5.3319 -8.5639 0.93015 -1.3485 
7.1236 -1.4664 8.4324 -0.80948 0.3341 2.1412 -4.3777 8.4001 -6.1712 -2.8262 
-4.3698 5.1629 -5.9843 2.5124 -0.40265 3.6233 5.1733 9.93 -5.1268 3.0734 
4.621 8.315 -3.9307 5.7439 9.2734 -4.9551 -7.9759 -2.0856 -6.138 -9.1704 
-7.2447 2.5948 3.5858 8.494 -8.2566 0.72616 -2.0707 -9.51 2.7307 -7.2328 
6.7345 9.1182 -5.6971 8.5556 -5.8971 -7.1593 -4.4805 7.4521 -9.244 3.9906 
-7.228 5.1024 -0.84391 9.8014 -6.2738 2.469 3.3629 -3.6748 5.9349 -2.778 
1.7642 0.52222 0.34043 8.4068 6.5194 0.65219 -0.12244 7.1443 8.5068 -6.6079 
-2.6769 7.0022 -1.4745 -1.3774 -3.906 -8.6385 -6.9785 7.0262 -1.1687 -0.82004 
6.1352 6.3206 -0.18935 5.5534 1.1366 -9.4245 -5.4834 3.7837 5.5908 1.8751 
0.075616 -7.3574 -6.249 -1.6155 7.8103 -6.2022 -1.6218 8.0991 -6.9137 -6.954 
-0.20811 5.2145 -7.9036 3.2771 7.5375 -5.7988 5.7293 7.4631 7.3781 -6.2319 
7.541 2.3446 8.8161 -6.0912 -1.7799 -1.314 -0.19989 6.8033 0.6278 5.4668 
-2.9372 -2.0471 -7.4237 -6.5274 -8.6882 0.0911 7.5278 6.0382 -8.5707 7.2817 
-1.0111 6.8254 -3.3129 9.1291 6.9469 -9.6377 -4.9995 1.1328 -7.8172 -5.5269 
9.2706 -9.2336 6.0975 9.7007 -5.2787 3.8727 -5.6054 5.0488 0.26095 7.5608 
-9.154 -8.0759 -7.178 8.8276 -8.8683 -7.1082 0.61281 8.3095 -8.3549 -0.91718 
9.4592 8.962 0.88471 -3.9705 6.8198 9.7377 -8.5584 -1.9077 -4.2931 9.1024 
-6.2159 -2.0797 7.3813 8.5324 -8.068 9.1815 -1.6668 -8.1971 -8.0837 4.9539 
3.3424 0.64524 8.8457 0.61168 -6.3378 -1.7263 6.2869 8.722 -9.7386 4.9193 
1.7288 8.0728 -0.83538 7.2054 -8.7196 -5.0423 8.6507 1.6927 3.4149 1.9357 
3.5022 -3.1993 -4.739 -4.5411 1.2553 -0.39169 9.0683 -5.327 -5.4914 -6.8599 
-2.7796 3.2779 -6.3161 8.8515 7.5454 8.8209 0.6119 -3.1195 8.6836 2.2127 
2.4056 4.5472 3.9553 0.3983 -3.896 -6.1822 -9.9112 0.17806 -4.1918 7.9885 
6.223 -5.5397 -7.5214 -0.36981 3.046 -8.6948 -3.0501 5.5659 0.7916 0.90174 
-9.6149 1.1091 -6.9731 -4.6137 -5.5302 -5.9395 -6.5148 -7.0058 -4.6766 -0.79507 
-8.3225 -0.89535 4.04 2.4743 -9.2993 -4.7799 0.05242 0.87289 -4.1191 5.8332 
9.496 2.2053 -1.978 9.1079 2.8869 -9.1823 3.1695 -2.3047 8.8142 0.3604 
3.027 0.8798 -5.0158 -1.2451 0.78932 8.3048 -9.869 -6.7748 -7.4978 -5.4706 
-5.3752 0.36713 -4.1133 7.4485 9.9216 -3.0956 2.6234 8.4097 -3.1998 1.5336 
-1.9302 -4.279 0.65815 4.0282 -1.6153 2.5899 -4.3036 -6.7854 -1.3289 -7.9468 
-7.5596 7.5803 -6.7291 -0.45435 9.0198 9.2627 -9.1073 -2.0781 4.2969 2.1027 
-4.6312 8.7309 -9.6167 -2.212 9.8534 -9.6969 -4.9113 -7.0204 -5.383 -5.082 
-4.8431 6.1242 -9.9749 -2.149 -6.017 -1.7353 0.3368 4.5695 6.3818 1.2224 
-3.3667 9.3817 0.010512 -6.6668 7.4051 7.8034 -0.67731 9.7707 -1.098 7.368 
-6.9553 0.4847 8.3504 -2.2985 3.9634 7.4873 6.2929 -9.6615 3.4084 7.1936 
-3.0398 -7.7426 8.9175 -5.1025 -5.4893 6.2088 -1.9932 8.0716 -0.86682 -6.4194 
-7.5668 3.0047 -3.1331 6.2113 2.0017 -0.7644 -4.1174 -3.1429 -3.1732 -5.0253 
7.6831 -6.1823 0.84668 -3.6564 -9.6155 -5.3219 3.5171 7.2192 -6.3765 5.0502 
-8.1144 7.1387 -3.0089 1.2268 4.265 2.9693 -8.583 9.196 -1.8428 1.9741 
8.6008 8.8571 0.062618 -4.1451 0.46858 -6.275 6.9492 1.1993 -0.23974 -9.3088 
-2.0196 -7.9311 -8.2082 6.1206 4.6236 -5.7349 -3.493 -7.335 4.8559 -1.1709 
-9.052 -4.0712 -4.4569 -6.309 0.62887 -7.249 -9.6875 1.4961 -7.6571 -4.2119 
-3.1525 5.9807 -2.4305 -9.5812 7.3242 9.9396 -2.393 -0.29154 4.4447 -7.8784 
4.7193 -1.1657 5.6917 -2.379 -3.8672 6.3399 4.3279 -9.5613 6.4487 -0.73971 
5.8936 -0.14959 -7.0816 -7.4305 -9.8874 3.1039 1.954 -0.72487 5.4362 -0.23264 
0.89812 -9.4097 -2.1447 -9.4868 -6.2253 1.7862 -6.9059 0.56099 8.2953 -2.3151 
3.7245 1.4529 8.5646 -1.5585 8.223 1.8625 7.0375 0.29055 -0.006281 -4.4579 
7.8727 1.4492 -5.022 7.0481 7.9056 -1.3804 5.454 7.9712 -8.0609 -1.2294 
-8.9042 4.8338 4.6381 -6.4507 6.8066 0.55189 1.3142 -6.9654 -5.4564 6.5403 
-3.9268 -8.4679 -3.8657 -7.7367 -4.8434 -3.3999 7.0059 7.0297 -1.678 -6.5765 
-9.0762 5.7433 -0.54267 -7.321 -5.826 -5.1731 6.3857 -6.0092 -2.0732 -1.5495 
-6.0905 -6.1301 3.1692 -6.9432 -3.0364 7.021 5.561 -2.9336 -0.40344 -6.8967 
4.4033 0.61855 3.6739 0.47567 -1.3721 8.2808 -5.4933 -9.1476 1.6314 -1.8215 
4.4351 8.4826 -1.2541 -0.031193 1.9499 -2.4247 2.9083 -6.9947 0.044702 2.9268 
7.556 9.7211 -9.5303 1.312 -2.4525 -2.3693 -8.7773 -5.3929 -9.5345 -2.2592 
1.6487 9.5059 -1.7849 -1.1395 9.3054 0.49094 8.009 6.1476 6.3529 2.6815 
-8.5863 -3.9046 6.807 -1.6325 -3.5057 -5.6501 -4.1758 -0.42943 -8.162 9.4181 
8.4549 5.0728 8.3265 5.9648 1.5591 9.1955 0.43009 0.00068694 -9.9172 5.4732 
6.0074 -5.8729 1.5992 -2.2469 -6.9997 -6.2326 1.9226 4.1056 -0.83804 6.3704 
-4.2811 7.2276 6.833 1.5571 2.7724 2.0856 -6.6251 -7.6878 6.2313 9.0982 
0.87326 3.1569 -2.8665 -2.8894 2.2164 7.6596 6.4835 0.73277 -2.1937 -1.89 
9.6955 -7.9559 7.029 -0.88894 -3.2007 -1.6423 -2.4688 0.40781 -1.7479 -4.9383 
4.3136 1.6093 7.8213 -2.0623 -9.483 -3.4541 -2.7381 9.1405 0.70129 5.9021 
6.7794 9.2698 2.5639 -7.0396 4.6181 -4.3314 -0.37756 -6.412 6.911 5.1782 
-1.3348 6.8975 -2.0165 -6.8157 -2.6778 -2.6661 -9.144 0.69055 2.7977 4.0758 
-0.58751 5.0621 -4.9804 -9.5853 -1.3409 5.6299 -1.0384 6.7702 -9.8782 6.2554 
1.2143 4.061 9.9258 -0.67234 -7.5285 -4.0373 -4.9768 3.4127 -2.5549 -5.1697 
-4.6182 -5.0675 2.7455 0.6167 8.3055 8.2451 -4.6451 0.76101 2.8378 -8.8715 
4.9804 -9.2012 5.0884 0.9356 -3.5585 -4.8974 -1.2147 -6.2269 -6.0117 8.3529 
0.077755 -0.75774 7.5959 -9.1566 -9.6362 1.5098 4.5335 -7.365 7.8456 -7.7716 
2.9362 -7.6525 -0.73593 6.2312 8.5102 -8.226 -1.855 -7.6016 2.1033 5.282 
-3.8451 -6.7676 -4.5098 3.0749 3.0112 0.34664 -5.5848 2.7536 -9.4951 9.3223 
-7.2255 -1.6049 -0.51928 1.8592 -1.3304 9.1854 -2.6338 -6.6884 -0.25386 8.2304 
-0.48854 3.3223 -9.4015 4.4142 4.9406 -6.0604 9.5441 2.9557 -1.6927 4.0846 
-2.7508 9.4631 -5.4291 -2.0604 -8.7689 7.115 6.9063 -8.5818 6.0031 8.5428 
5.7623 -4.407 0.80722 -5.7012 -5.6634 1.1778 -3.6641 8.9445 -9.7751 -7.0717 
5.6059 0.62786 -2.0088 2.534 5.1 -0.60662 8.0804 -1.774 -8.4223 -6.8473 
3.3702 8.6139 5.1092 6.4019 -5.4531 0.030207 9.5811 2.4503 0.86886 8.0805 
-7.3299 -6.6668 6.6391 1.407 6.9771 7.0338 1.1761 -6.4268 -7.1994 -0.98357 
-9.5689 5.785 1.1997 4.0894 -6.419 -8.0459 -9.5726 2.0135 -7.1563 -0.67135 
1.1968 -7.9407 1.314 4.4674 -4.1886 4.7799 2.7054 1.6321 -7.2035 -6.1739 
-3.9836 7.6725 1.9693 2.7814 9.845 -6.623 6.4911 -9.3854 -2.6246 -6.9033 
8.7882 0.44475 1.3191 0.91792 -1.9989 -6.4481 9.1057 9.6007 -0.61363 8.6765 
9.6181 9.4825 -0.44502 -7.4494 8.777 -3.394 -9.5624 1.6549 -6.8491 4.2885 
-4.2676 5.1221 -3.1837 -9.6649 9.7663 -5.7097 2.9262 2.5511 -1.6225 -2.4158 
6.0164 4.4514 6.2342 1.4888 -4.1982 -9.6626 -0.77607 -4.5886 3.7984 3.769 
7.9222 -9.948 5.9615 -1.9071 8.0108 3.3783 2.3396 -3.5321 -2.3703 3.1769 
1.9505 -5.8877 -4.3551 8.3585 6.6635 -0.17776 -8.312 -0.48504 -3.6226 -0.39483 
7.6803 -4.7926 -5.7559 -7.6742 3.314 -1.6739 -5.4704 5.3902 -0.19262 -1.4173 
8.8746 -8.4009 -4.99 1.0524 3.1095 -2.8509 -3.5719 6.93 6.7423 -9.7065 
0.98316 4.7066 -5.7309 -5.0982 -5.0841 0.12556 5.3514 8.5517 8.5824 -5.3156 
4.5677 6.453 1.0717 -6.4793 -7.7674 -8.1058 -3.2106 4.9598 -4.0156 -0.5664 
1.5352 -3.1322 0.51455 8.5502 9.0641 1.1592 -0.44967 7.1143 6.8736 7.0501 
-9.4829 -7.2772 -3.9031 -7.5293 5.979 1.6152 7.5093 0.29195 -9.9851 -9.5498 
-1.0694 3.3178 6.6769 6.0428 -4.8174 0.26603 2.667 3.1889 3.098 -9.081 
2.926 6.6088 -8.4084 -3.2031 0.012099 -1.5492 -8.6982 -5.7799 -4.464 -4.304 
0.42406 3.4724 -1.9819 -7.8728 -8.955 -0.71269 1.6381 -5.2889 4.4092 -6.0976 
-2.5537 -7.2108 8.0001 -2.8755 -1.7235 -6.6981 -0.91907 2.7535 5.7886 9.3954 
8.7427 -2.4235 7.4935 7.2836 -4.4431 -0.50593 9.817 1.9116 9.1744 -8.2677 
6.5907 3.5673 -5.4958 -2.7955 -4.5307 -2.0139 -7.2488 8.093 2.7292 5.5316 
6.9817 0.3185 -5.3144 8.641 8.4842 9.9989 3.7466 8.3348 -0.45805 9.0119 
-2.5493 9.5611 8.6611 5.0568 -4.7842 -5.6725 6.561 -0.84073 -6.5286 8.4726 
1.8637 -4.6455 3.0095 2.8786 5.0076 -3.521 -2.4341 -0.65762 -4.6486 8.1152 
7.4511 7.3382 -4.3921 8.1585 2.5967 -4.3675 2.2321 -6.5773 -8.089 -7.2343 
8.67 -2.5249 -7.6449 -3.3139 -3.2894 -4.6417 -9.7732 -6.4894 -2.108 -8.9768 
3.3693 -7.2674 4.1708 -2.0123 -6.3703 3.342 -4.0733 6.6159 0.62688 -9.1561 
-5.8645 -8.3462 1.5274 3.9332 -1.4085 -4.8374 5.1238 -7.1501 1.15 -7.3845 
3.077 4.7765 -7.447 -5.1169 9.5124 1.9715 3.4438 6.4138 7.6009 0.69893 
-8.559 -2.5586 -6.7021 -3.6754 3.4801 3.9509 9.8221 3.5444 0.75646 -0.95828 
-1.8655 -2.3897 4.4388 4.1459 4.8578 -1.395 -0.092368 -4.2559 -6.8271 -0.23643 
3.3386 -3.9565 -9.4439 0.58589 -7.0769 -9.3365 9.8366 5.267 -3.4927 4.952 
8.6745 -4.1095 -4.6786 9.601 -2.6762 0.29121 -6.3046 3.221 7.9103 -7.4542 
6.219 -4.8037 9.2313 -2.6904 -9.6835 -6.1299 6.2679 -8.7528 4.1309 -4.1334 
-0.30903 -0.7305 -9.5086 2.3968 -5.1233 2.5422 -5.6033 8.9562 -1.1911 3.9383 
5.135 9.757 5.915 7.6054 6.9423 -3.798 4.8514 9.3749 -9.9328 9.1039 
-1.6591 -2.2985 5.6843 0.65868 8.0773 -5.4357 -9.8704 -5.2227 1.4605 9.7597 
9.4357 8.8647 -8.0562 -7.5057 -3.429 -8.227 -5.0013 -4.7029 0.91473 8.7225 
9.7595 -6.66 4.2874 6.2075 -8.2235 -8.6668 -1.4577 2.4807 -1.95 9.9696 
7.283 8.5001 -9.0703 -1.1536 2.2183 -4.552 6.2511 -5.2892 5.7566 -9.1637 
-2.2223 5.0867 -8.7561 -1.4197 -5.7602 2.4902 6.7626 5.3737 4.7802 6.8979 
-0.90516 7.132 5.7842 -7.0902 -0.73992 -4.6489 -7.2495 -7.1703 6.8328 -4.5313 
-5.0663 2.0477 5.5107 -5.5725 6.2256 7.2541 -3.8315 9.6275 -3.7428 -1.5087 
5.6885 -7.8527 9.7477 -2.427 -9.5328 8.0478 9.4885 -0.45037 -5.4773 -5.1611 
7.6568 -0.89055 8.903 2.5748 9.8046 -0.58262 3.8187 -1.1316 -9.2888 -6.3771 
8.2742 3.0918 4.6577 3.8624 -1.4146 1.9504 5.8396 -5.1219 -3.2032 -4.5053 
1.1657 -8.8493 9.1581 -3.0605 -0.78285 2.7802 1.555 5.2355 0.0077653 -5.9466 
1.9774 -9.5747 -7.4043 4.2482 3.3307 -5.001 5.837 3.8846 5.9061 -5.2958 
-7.0225 -4.204 3.3656 -5.6805 -3.769 -0.088352 2.5958 0.23216 -3.3683 5.6117 
7.9943 8.6296 -2.3982 2.2863 -2.0584 3.0101 8.372 -1.5922 -0.18051 4.0637 
-0.99213 0.28039 0.7807 -0.49075 5.839 -9.8338 3.4462 -8.6622 -7.8529 9.5208 
-5.8866 7.506 8.7459 -3.1831 4.0573 0.49316 7.4414 8.4211 1.7053 8.4568 
7.993 -2.438 7.879 4.8974 4.9228 6.1345 8.455 -3.743 5.1042 4.0175 
5.2517 7.6902 -5.5054 3.3935 1.4845 -4.0742 -6.2288 9.9152 0.75368 9.5115 
7.6497 0.69548 -8.2473 1.143 2.4175 -8.3534 7.9745 2.6356 -5.8123 -3.3787 
-4.301 7.8521 -5.691 4.5563 -6.0091 3.9759 3.5001 -3.5262 9.1283 -2.1336 
3.4645 -7.9447 3.6165 8.7049 8.0049 5.2954 3.7397 -6.7839 -7.4038 2.435 
3.2856 -5.7591 -1.3456 -4.7297 -8.0403 -8.671 3.0889 6.1417 2.684 -7.2247 
-7.5437 4.0321 -0.29437 -6.2143 -4.0922 9.1199 1.3069 7.6432 0.050594 7.3667 
-1.8536 -2.773 4.4073 -4.5926 7.9597 2.273 7.4639 1.8003 0.5635 -3.3497 
-4.4943 -9.9721 -3.6533 -7.0346 5.5471 -0.39025 3.504 -6.2086 9.407 7.686 
4.3334 -2.3138 6.7291 -6.7128 -6.4842 -9.4523 2.2029 -5.2429 -6.9661 -4.0943 
-4.3323 -3.5971 6.3901 5.9872 8.4877 5.2722 6.7953 0.82358 8.4323 9.0407 
7.924 -2.1331 -3.9377 -5.4751 6.8286 8.6113 8.8206 7.8097 7.1564 -2.834 
6.5316 -6.375 6.2809 -8.663 -6.1357 -6.7929 -6.8122 2.1692 3.2311 0.78073 
-2.1995 -5.8125 -9.4764 -5.9969 -0.70365 8.6856 -9.2242 -6.5697 1.8019 2.2643 
-0.041941 1.8745 6.7471 8.3431 -4.1424 -4.2977 -0.055518 -1.1229 -3.7696 6.0424 
3.8961 1.8893 -0.21448 -3.996 3.6105 -4.968 2.54 6.6347 8.8736 3.9072 
6.6874 -6.5506 -7.9465 0.39095 -5.3448 -5.0462 9.8845 6.7028 -5.536 -6.1705 
2.1926 8.66 1.5777 9.6529 3.6506 -6.2841 -3.6529 3.7135 -9.1813 1.0221 
1.4947 -8.8757 -6.9628 0.42201 4.5586 6.3745 -0.53101 7.1548 9.3105 2.9817 
-3.4792 -5.9655 8.3911 1.3517 -8.1668 0.65372 6.6373 2.5168 -3.8787 2.4643 
-0.87151 0.16504 4.5394 -5.5395 1.4925 3.3726 -1.8226 -2.6707 -5.0072 6.4265 
4.2759 5.1843 -7.0846 -2.5872 -5.5594 -7.0877 -0.39323 -4.3195 -9.7906 -4.9449 
7.6881 -7.079 -5.8447 0.11679 -8.2283 6.956 -1.8059 8.0583 8.9296 -7.5711 
4.4171 8.6215 -0.15866 -0.87876 -6.1741 -1.5949 7.7175 4.4711 -2.2281 2.1728 
-9.6277 -1.561 -4.1609 8.5407 9.9043 -9.0909 7.9188 -5.891 4.6028 -2.5719 
3.4955 -8.87 3.2522 4.2721 -9.9329 -9.2131 -5.7271 -5.9426 -8.1948 6.7929 
-1.2298 3.484 -7.9644 3.4191 -3.6658 8.1134 0.43552 -7.1426 -5.4266 9.262 
-1.2436 -4.4038 5.3978 -6.7105 3.9981 -6.6132 4.0421 -1.977 5.3805 5.0415 
-7.6593 5.6017 -4.1082 -7.1736 -4.8939 7.1229 6.4925 -8.3506 4.5425 9.5545 
6.2936 9.2568 -6.7741 -3.1766 -3.7304 -5.5058 -6.9509 4.3304 0.84445 9.4272 
-3.5029 3.7649 -4.8715 -9.7101 -4.1201 0.047083 0.10221 2.8852 0.35769 -1.8408 
-5.0754 -0.031549 9.4122 0.90194 1.5521 6.0428 0.50032 5.0855 -1.4797 3.3139 
-3.1457 -8.0194 -5.9179 -2.5597 -1.4774 7.8146 -1.2475 -6.0838 -5.3308 0.81957 
-2.4862 -4.245 8.1057 8.9373 0.57446 4.6262 2.1746 -4.7107 -8.0437 7.7184 
0.93108 0.76225 -6.7734 4.8649 8.3896 8.2196 0.72687 -8.7155 8.9193 5.781 
1.2384 -9.7734 -0.57399 -7.7096 -9.2401 -5.4724 -9.0272 0.81723 -5.005 -0.87735 
-2.0836 -4.3431 8.7466 -3.5095 -1.4243 -2.0355 1.5409 0.62962 -7.5819 0.03433 
-2.0374 1.7914 -7.285 2.2494 -7.7883 -7.1854 -8.5837 -4.2062 3.4361 -8.1157 
0.30734 -6.559 5.7048 -0.38356 -5.4692 -0.66741 1.0504 0.34329 6.9166 -3.8307 
3.1506 -6.598 3.2836 -6.3722 -6.7079 -2.2007 0.95027 6.6066 2.4698 -3.1005 
9.0183 3.5269 4.6234 -5.7861 -0.74551 5.6051 7.6405 7.1108 -7.6262 -6.5678 
4.447 1.3919 -6.4845 -6.4333 -3.0805 -8.0469 -9.1093 8.5947 -4.903 4.9523 
-1.9984 1.0334 -2.6303 9.7809 5.3092 -5.9524 0.48297 7.1824 3.0574 -1.3213 
6.6374 9.3488 4.1644 0.22464 5.9728 6.1617 -7.886 -2.0424 -5.7164 -5.8458 
-7.3132 2.5684 -1.7359 9.9986 2.7262 -9.9509 9.1916 -6.8657 8.8359 -3.975 
-8.7907 -3.509 -5.0868 -5.4097 -4.8888 7.9612 6.9837 8.8592 4.1696 0.92756 
-8.3151 0.42031 7.6446 9.9025 -9.9693 1.3975 3.488 9.3358 -1.8615 0.17734 
-6.722 7.2987 3.8953 6.3077 6.9901 -7.0172 -3.2357 -4.6138 6.0292 7.471 
-3.5156 9.8822 3.6015 -6.6135 3.4955 4.538 -8.6649 9.0711 -3.8826 -0.34635 
-3.9655 6.7698 -9.3805 5.8868 -9.5894 4.3651 -0.25274 9.1046 8.8129 0.81187 
-9.7664 -3.0521 2.9341 -2.4735 -3.3068 -8.6111 -5.478 5.0599 2.9504 6.5553 
0.7981 4.9882 -8.8747 0.080922 5.3184 0.57515 8.8352 5.6328 -0.64115 -8.45 
-8.0925 8.7883 4.7582 -6.2163 0.31972 -6.2635 3.2641 1.4555 3.7499 9.8766 
-7.0697 3.3616 9.6902 3.4212 -9.6113 -6.0185 -2.2908 -9.6885 -2.8521 9.4375 
2.6228 -0.37595 4.0526 5.5294 -3.6006 3.8648 -5.4905 -1.301 3.6673 -5.6797 
7.1864 -4.2767 4.8988 -7.195 -0.82661 -3.6778 -1.7859 2.6261 5.7531 9.5855 
9.4844 1.9031 1.5885 -9.3622 1.0907 7.292 8.034 6.4831 7.0687 6.2076 
1.4168 -3.2719 8.9786 1.3112 0.16039 1.4777 -0.44813 -5.9875 2.9222 -9.7704 
9.937 9.191 -8.102 3.8993 3.3448 -6.0213 -5.4896 -1.762 6.1771 -9.7411 
1.0708 -1.1585 8.3015 5.0179 1.2325 2.8268 -4.8797 9.2029 -0.30881 -5.9077 
0.30917 9.2399 -0.20127 3.7265 4.2577 -2.012 3.3323 -8.6877 -4.8831 -7.0763 
-3.3864 3.5277 -3.337 -0.040865 9.4151 -9.7014 6.8442 -1.7515 -1.908 3.5621 
-1.4 4.1216 7.1668 -1.1835 8.3206 -2.8934 5.715 5.594 -8.4448 -4.7292 
-0.16387 9.1539 -9.4746 8.463 -2.3326 -2.4826 0.77188 1.0137 -1.5338 6.2124 
-8.5793 8.7975 -5.7044 -3.4252 -4.2031 4.5469 8.1115 3.686 -8.9667 6.8467 
7.7548 6.6752 -0.30573 0.79138 -4.4915 -9.1433 -4.2427 0.99986 -4.031 -4.3541 
-8.7073 -6.8952 7.9752 1.3018 5.5727 8.2961 2.2372 7.1851 -5.2435 -1.7979 
-1.2763 6.6086 4.4658 -3.0308 -2.2431 8.5828 -1.9746 -3.6229 -3.0482 -9.6436 
6.5326 -0.71719 7.3924 9.3168 7.0398 1.1258 0.90308 -5.7662 7.9996 3.3556 
-2.1093 -4.0262 -1.8605 -0.059691 7.0354 -1.4425 -0.58657 -1.978 -5.0349 3.7052 
2.2695 0.46611 -8.1034 7.6305 -5.3351 8.3414 -8.9902 6.2857 -0.58235 -3.0524 
6.3728 6.6326 -9.4113 -0.16467 -4.209 9.6321 -0.63809 2.7867 2.6983 -5.5065 
7.7247 0.78265 0.2814 4.2725 -6.8946 -7.7944 -4.8251 -2.4968 7.4231 7.0818 
8.6222 -4.8034 0.013406 -2.4159 9.6531 4.0456 9.3665 -3.1819 9.8248 6.8106 
-6.1843 -2.9192 5.748 7.7291 6.6269 -6.8166 4.9568 -5.4976 -5.8672 8.7173 
-4.8284 -6.2652 6.3278 4.8889 1.9986 -6.7724 -8.6707 4.7202 8.9016 -3.8222 
7.9573 -2.9869 4.6053 7.3596 -1.7746 2.7612 -1.3945 -9.6167 4.6023 7.9067 
1.8672 -6.2056 5.4203 -5.0261 -6.5272 -5.6074 4.2004 -7.7779 -1.0528 9.5017 
0.076802 6.7138 -3.3482 8.6537 -8.5472 0.69237 1.3973 -4.8233 2.5537 -4.0629 
2.2562 -2.317 1.7547 -9.5124 9.3751 -2.9965 -6.7197 2.2233 -2.1076 -5.1362 
6.3884 -9.81 6.1113 5.6699 -4.2902 0.10778 5.4941 -8.7149 4.1361 -3.4316 
0.63778 -3.8195 -6.7535 -6.9068 6.4858 -0.27429 -8.8457 -8.6579 3.505 4.498 
-5.9585 6.7349 1.9149 -8.5349 7.2088 8.7028 -9.8945 -1.2347 4.8949 -1.5264 
-0.92213 -4.3733 8.9441 7.1118 0.66995 -8.593 7.797 9.9332 1.8861 -8.2648 
-1.4418 5.6269 -1.2828 0.84542 3.0543 7.6219 -8.4139 -1.0775 -9.0564 -7.6429 
9.3211 0.63028 -4.7758 0.38229 9.2401 1.099 -2.9651 -6.2181 2.1781 8.7027 
2.4011 -6.9217 8.6823 -7.1688 -2.8319 -6.4797 5.6467 -7.7664 6.2507 7.9041 
3.9078 0.50507 -6.4324 -8.6621 6.3047 7.3329 -8.4595 -4.5275 3.5518 -4.2094 
4.4033 -4.3352 9.8492 -5.8348 3.5701 3.6159 -0.35189 -9.8777 2.8068 -0.29322 
-3.0621 4.2973 4.4383 -3.1099 -5.1637 6.1019 -2.6553 -4.9564 -8.9585 -3.762 
0.33981 4.6878 0.58964 1.4207 -9.7978 5.4749 5.2845 -8.1445 -0.33163 2.062 
1.1339 -1.0073 -4.3905 6.6729 -7.6593 -1.4374 6.7915 5.6648 -5.2094 6.0084 
-6.8701 -6.3585 -7.4908 8.9606 0.57076 -9.1045 0.71946 9.1317 1.6368 6.4776 
1.2411 -7.2892 -7.3482 0.92387 -1.0832 2.6341 -9.0557 3.8067 -6.1876 4.2837 
3.8961 -4.5446 4.9309 7.8565 -5.278 -8.6825 -4.9201 -7.7938 -9.0568 -8.4321 
-1.4709 2.7129 -3.169 6.0551 5.7561 1.5062 -7.3339 7.8574 3.6771 -5.0428 
6.7254 6.1238 -2.577 -7.1327 1.1145 -6.7544 2.7433 9.2451 -9.5129 -4.4886 
4.6277 3.3575 -1.8154 -1.8121 9.8262 4.2759 1.2999 -2.0709 4.2737 -9.0807 
-2.7994 -4.2682 6.6727 -6.4958 -0.24952 -2.4815 -2.1498 7.0707 -0.59602 -2.9985 
-0.91575 -7.1512 2.3755 0.33324 -2.141 -5.6652 -4.492 1.2406 1.5687 8.5178 
-2.2722 -5.0825 -6.5826 -9.4889 5.8946 8.8207 -0.22908 -7.6583 -2.8817 -8.8707 
5.5111 3.8379 -8.1983 5.6519 9.622 -8.2364 1.5752 0.7597 0.65925 8.778 
4.6854 -8.5651 -5.1044 2.7576 -4.2945 -7.8183 -1.9546 6.7565 7.6835 -6.5242 
-1.3944 -0.026782 -8.2017 0.61645 -1.0447 7.4891 -2.3686 0.98176 5.442 -2.5625 
3.8751 9.72 -6.4585 -7.3388 7.61 5.2083 -8.0484 -1.1091 -8.9252 -4.0128 
8.9043 8.098 -6.335 -4.5276 5.9114 -8.1128 0.9405 8.5077 6.4106 -9.3308 
5.6847 1.5042 -4.0778 9.3303 -9.8372 1.9681 -3.7062 9.7588 2.4216 2.7761 
4.1114 5.3303 2.5665 0.35324 -9.2545 4.1585 -7.5697 -0.9578 4.1393 -3.2707 
-7.8133 4.9353 5.2745 -0.036965 0.89342 -0.4097 9.4075 -1.6222 1.8762 -8.252 
-2.2014 3.9066 0.25525 -4.2931 0.52424 8.1238 6.5623 1.9013 -1.8981 3.3276 
1.8181 3.5463 3.6945 -3.5837 -5.3333 -8.1699 6.1378 -3.211 6.2846 7.7352 
-0.8124 -4.352 -3.8347 8.5385 -2.504 -4.0052 -9.0816 -1.2449 6.0628 9.4337 
-8.9932 1.6374 -4.1557 6.3168 3.2169 1.96 -0.51922 -8.5812 -1.0399 -5.8237 
-5.4262 2.3774 -2.3276 6.6265 -7.5107 9.3735 3.1858 -6.4067 -6.0664 -5.6496 
6.6838 6.2848 -3.8584 8.5479 -0.18677 5.1016 3.2539 9.4264 0.41332 1.471 
-9.6871 -9.6803 -1.752 5.265 -8.2295 3.9114 6.5413 1.066 5.3513 -2.8106 
7.2742 -5.7129 -0.98601 4.2388 -9.9221 -5.2111 1.9969 -0.73346 -2.3406 1.057 
-8.4386 9.7573 -5.3749 -9.7657 -5.5853 -1.4604 1.0285 -2.2792 0.98571 4.9071 
3.3809 6.3467 8.3656 -2.4841 2.8329 1.7007 -2.432 2.1623 -3.6435 0.77537 
0.0042265 2.6416 6.4172 8.7633 1.3878 -1.0114 -8.5063 -0.53065 5.9849 8.417 
-5.6401 3.6429 9.0323 0.23383 1.2117 -3.0234 -8.7602 3.9233 9.3587 -3.4781 
1.4323 6.1643 6.5894 -2.4632 -9.3678 6.7251 4.9171 3.5564 8.9836 -2.7464 
-7.5562 -4.4068 -5.2852 1.6339 2.5217 6.6968 5.5398 3.3505 -7.4049 5.7793 
3.4233 3.2994 2.0543 -8.4585 2.8841 8.5598 -5.809 4.7466 3.4564 -4.8144 
1.9917 -9.4135 0.81177 -1.529 0.91067 -0.043362 -9.2241 -6.3056 6.7368 7.5494 
-8.8805 0.8876 5.5883 5.0635 6.9217 3.9954 2.707 -4.0418 0.05376 -1.5754 
-8.8731 0.5794 7.5409 1.1154 5.9748 -5.3005 1.6596 -3.6523 -6.0735 -5.4613 
-6.95 7.4633 -2.6439 -7.0754 7.5395 -9.0821 8.9956 7.0621 -0.20155 -5.7977 
-9.6076 -6.2478 6.3355 -6.109 4.2248 -5.1888 6.4474 7.2743 8.48 4.6385 
-1.2965 8.6292 4.2041 8.9093 -6.6524 -2.1135 2.6575 -1.3859 0.086655 3.8157 
6.6444 9.527 3.9318 5.4698 8.2586 -4.5378 9.6745 9.5104 3.3863 -1.9514 
2.3478 -3.3759 -5.2652 5.5773 5.4002 -7.6768 -1.0098 5.3308 8.8 8.4981 
0.40259 2.4742 -7.2876 0.97554 -3.2999 -0.27349 8.9724 -2.9985 -2.0142 9.0728 
7.2774 0.54121 -4.0965 3.8204 7.8223 6.0838 -0.43995 -3.1434 0.20823 9.0297 
-8.046 -0.81837 -7.4656 -1.6548 6.8426 9.3661 -0.76926 0.43452 -6.9096 -3.5014 
8.161 -2.8287 -2.3007 4.1653 -5.9701 -2.1256 -8.9942 4.105 -3.988 -5.1298 
-7.8397 -3.3146 9.292 3.2607 5.3267 -7.3773 -8.423 5.4428 5.4251 -3.318 
0.33994 -8.3361 -5.468 -8.9216 0.74022 5.4263 5.1519 9.404 -2.0996 6.5056 
-7.1369 -2.192 -4.3506 5.7914 -2.2226 -7.6054 2.9475 -9.9654 -7.5279 5.7737 
1.1874 -5.2131 4.5143 -4.1868 -7.8346 2.4528 1.7279 6.5781 -6.0801 7.8682 
-9.9084 -0.27456 -7.0959 -7.7977 -6.2954 2.0269 9.1393 4.5518 3.5618 7.445 
5.3336 4.0019 6.9083 7.6919 -9.0637 -5.3401 -6.1862 8.2055 -8.4845 -5.3798 
6.9742 -7.2546 5.3021 1.6397 -0.87769 -3.7114 -9.7668 -0.46715 9.5765 -0.11355 
8.3364 6.5293 6.2126 2.4961 8.7043 8.1568 4.6788 2.9046 -0.83788 -8.3833 
9.7394 8.6011 7.9918 -7.6754 0.64042 0.53999 2.9192 -2.5578 -8.303 8.7149 
0.10266 6.5746 7.7217 -5.2616 -9.4752 6.1558 -6.6219 -1.5395 7.7364 -3.4729 
-4.5716 -0.30094 -9.6877 9.8557 2.5173 1.6705 -8.5038 6.2751 7.6766 2.2631 
-7.985 3.1954 1.1166 7.088 3.0457 -3.2119 -0.70672 -7.1875 -1.9689 6.494 
0.15698 -0.87198 5.5722 8.2046 1.9258 -8.8927 -9.7209 -5.1319 6.3828 -3.2608 
1.7122 -1.6308 -8.4145 3.3696 0.1343 -7.1963 5.865 9.3042 8.2278 -1.9755 
5.2577 -9.3141 -5.1575 5.6314 -8.6385 4.4365 2.7893 -4.1957 6.2818 0.11469 
-8.3407 8.537 -0.8915 8.2456 -7.1105 5.0672 -5.3451 -6.4207 9.9702 1.1914 
3.2319 -9.1324 -0.69612 -6.043 7.562 3.3256 -3.2013 -9.6446 -5.8518 -0.36043 
0.33958 -0.4788 7.7831 4.34 -0.10498 1.6195 -4.6051 5.1355 -7.7936 1.0589 
-6.579 -2.285 -4.6114 -5.732 2.0647 4.8092 -4.8301 -4.7834 -3.0052 -0.97364 
8.7712 0.68117 -7.5029 4.199 0.10292 5.0813 -0.77309 -0.25005 4.231 9.9393 
1.8097 9.9634 -5.272 4.629 -3.5153 -4.6481 -5.9299 9.1553 -3.8751 7.9794 
-1.1873 8.0495 -4.8604 -1.1091 2.8131 8.3944 9.9408 0.70918 7.958 0.53688 
8.8384 -9.7049 -8.4092 7.316 -9.3243 5.7167 -3.1456 -7.8233 4.443 5.5795 
3.1183 5.6103 3.4022 5.4485 -8.7938 9.0728 7.4982 3.881 3.0331 -1.2036 
-0.96109 -0.29421 0.49695 -6.1142 7.8887 6.2428 9.0282 -3.6127 0.77423 -9.1356 
6.7939 -2.1956 3.6778 -1.4193 -2.2632 0.2184 -7.4005 -2.4787 3.6106 0.97677 
0.65247 6.4618 -0.17045 -8.4747 -7.3667 4.4167 -1.5103 -5.572 2.6571 0.55074 
1.0777 7.4884 -4.3514 -6.5498 5.8686 5.0834 -5.654 -2.1032 -1.2238 -6.4339 
3.6013 9.9671 0.48242 1.6861 6.1904 2.6872 -3.6437 7.9715 3.4104 -4.2225 
-2.6562 -6.0868 8.4964 -3.4573 -5.2172 -6.6512 -9.8748 8.4732 -4.8742 4.6593 
-5.2142 7.3994 5.0594 6.5018 -0.51455 -4.2979 1.8428 1.5274 -0.33665 -6.6904 
1.5785 -3.8502 -0.062988 4.8531 -7.4503 -2.1255 0.12984 -8.7292 2.6097 -1.3502 
7.3377 -1.7753 7.847 -9.8497 -9.7514 4.7588 2.091 -5.4321 5.3945 -3.2027 
-1.8645 6.3268 8.3328 5.3763 -1.8218 1.6054 7.5736 1.9184 -8.134 -7.7589 
-7.7477 -2.6349 -0.89902 -6.8168 -5.7431 -9.1871 2.7825 4.4196 -4.1903 -8.3832 
-1.1231 -1.4757 -3.4738 1.6803 5.7458 -9.1271 8.3468 8.2891 4.657 -0.43728 
-3.9963 -8.1757 -3.2642 9.7178 -9.8363 -7.6171 -4.1222 -0.76997 -3.3078 -1.2612 
-1.9723 3.35 -4.8686 -9.8033 6.918 7.6205 3.3514 -6.6839 -0.17274 -4.9113 
6.6673 4.6262 -5.3008 -1.3993 6.4299 -5.4999 2.306 -3.1023 -4.6924 5.6501 
-1.9274 -3.9836 -2.8007 -1.0122 4.0857 7.8414 -2.1166 6.2301 8.3312 9.4756 
-2.1965 -3.2401 -4.3319 -8.5639 5.3026 5.6829 -6.7272 -7.1448 -6.7777 5.4168 
-2.791 4.6864 9.7131 -0.21892 5.3379 4.7199 0.72183 5.0098 5.2674 8.3571 
-7.1949 9.7091 -0.15757 -8.2599 6.4126 -8.4198 8.4939 5.4798 -3.9268 3.4048 
-4.7974 3.9754 3.8156 4.5851 2.0799 -1.7143 5.2382 -1.2218 -6.4453 -5.5147 
-8.2637 -8.2014 -6.9121 -3.3538 -8.3311 5.7758 5.6866 -8.1344 -3.2601 -1.9595 
-1.4121 -0.58525 -1.134 -0.86538 0.26964 0.71675 5.4614 -2.2339 -4.4732 -6.4613 
-4.8543 2.7073 -6.7891 -0.49268 0.61046 7.9776 -3.3501 -9.2887 8.4951 1.0034 
-4.0489 0.50539 -1.9715 -0.46007 0.81415 -9.7729 -8.6219 8.6879 -3.1545 -6.5415 
-1.5028 -7.1732 1.9344 -2.4459 -2.4902 -2.2805 8.2729 5.008 1.8329 2.458 
-7.6159 -4.4897 6.8955 9.9858 5.8732 -7.7142 -9.0022 1.7001 -5.2972 0.60512 
-0.098662 9.7421 8.179 2.9882 -3.0541 4.5159 -4.9021 2.8275 -6.8178 7.3072 
4.1281 5.9 -7.1169 -8.801 0.33679 7.4867 -3.9268 -6.3001 -7.1917 5.9244 
-5.1285 8.6667 1.2059 -6.3851 -3.8497 9.269 -8.9005 -6.1632 -7.8407 -1.4949 
5.7014 -3.0325 -2.2345 -2.3494 9.9824 -4.0409 6.5961 0.31587 9.8398 -6.6257 
-8.5182 -5.8173 -3.9485 0.11854 0.89514 -9.6116 -1.2386 1.5065 8.0136 -9.4361 
-2.1223 3.6073 4.9857 7.9199 0.065923 -9.5924 -9.5994 3.6209 -3.3991 4.2399 
-9.9321 -2.8915 9.5082 -4.3078 -8.6476 -7.5684 -4.9997 -3.197 3.076 7.5423 
-5.5865 -1.2325 -2.87 1.5792 -1.2598 -5.2977 0.849 -3.6492 -0.55434 -0.1103 
-9.974 8.1756 0.11668 9.8541 -6.5391 -9.1166 8.3022 8.4796 1.5475 -4.6941 
-6.2164 6.6718 5.9092 8.6752 -9.1076 9.0678 -9.5379 -2.799 -9.8173 -6.2154 
-7.1503 -2.1723 3.7576 0.83501 -6.2722 4.6388 6.9776 -4.8864 -6.5947 -7.9715 
-4.6385 4.6796 -4.7511 4.6688 -2.0781 -0.79936 8.3965 4.1956 -0.97881 7.8579 
-6.5022 -4.1868 2.5277 8.1524 -6.8926 0.89146 3.0827 2.4256 4.5801 -0.88766 
-7.227 -4.1573 -4.275 8.6363 3.4507 4.4444 9.302 -4.2807 -8.9273 -2.436 
1.9777 -4.0641 -7.3837 -4.3896 -6.3879 -9.429 8.994 4.7684 -8.0772 7.3995 
8.0212 -9.5032 5.1966 4.7264 7.4208 -9.7268 5.1092 4.3612 -0.076987 9.2921 
8.7876 8.3568 2.8233 -2.1671 5.358 4.8357 -8.7731 -9.0081 5.0152 3.8884 
-5.5763 3.7206 0.32202 5.6541 -0.64753 -3.3258 2.6971 -1.3004 -3.9341 -9.3248 
-0.34657 -5.3144 3.9394 -9.5731 -1.5914 -6.9667 -1.127 7.1441 5.3377 5.5295 
-2.4798 -0.052947 -1.1489 -8.3002 8.2623 -5.2728 0.95816 4.2663 -2.7083 9.1973 
0.4756 5.8116 -6.4794 -5.145 -3.9219 1.8303 -4.3185 -6.1033 2.5694 1.3844 
-4.7025 -2.3953 9.0752 -4.3888 -0.60322 6.01 -0.933 9.7997 -6.6957 1.3539 
-8.6329 -5.6283 -9.5708 -4.3933 6.879 2.2556 0.26099 2.5643 -2.5368 -7.9614 
-1.2735 4.4533 1.4559 -3.4561 -6.3555 -2.1953 -5.6123 7.36 -5.8079 -0.29607 
-6.5229 5.4567 9.9073 3.9675 -2.4151 1.5958 5.9385 -7.0241 -9.8965 5.2046 
-9.4779 3.8657 -6.6445 -3.6916 -8.6261 -9.0806 -6.506 3.8998 2.7988 0.0015809 
9.0936 2.3935 0.10533 7.9501 7.469 0.55994 3.715 1.782 8.4083 1.1388 
-1.3881 5.2461 -1.8126 2.209 -8.1141 -9.9058 6.7969 -6.9161 -8.7145 8.1237 
9.2312 0.22961 8.7639 -5.8911 0.42082 -2.7104 8.0454 0.71555 -5.8686 -3.6557 
5.2483 -3.4119 -0.16854 8.9483 0.4396 -4.1475 -8.3284 -6.1257 6.3734 -5.6825 
-9.853 -9.9731 4.0539 1.5092 0.74941 6.7275 2.7994 4.8156 -7.9369 9.9532 
3.6008 1.6129 -2.7264 -7.1731 -0.017766 -6.3912 -0.69896 -4.1793 0.53298 1.3957 
4.119 -6.5632 -3.0054 -3.4639 1.0429 6.2929 -4.3832 9.1642 -5.5275 8.7588 
2.9026 -6.1019 8.7293 -2.9478 -6.1452 6.2307 -8.5633 6.2521 6.6601 -1.3634 
1.0462 -6.9936 4.4897 1.4318 -1.7558 4.2617 -2.8374 -5.5317 -9.8058 -5.2545 
-5.6378 0.10839 6.5788 3.8745 -5.8667 8.9446 9.3866 -5.9236 -8.1978 9.0207 
5.4473 -9.6523 -0.23203 -0.8298 -6.4106 5.2403 -1.0481 8.787 -7.9118 1.3222 
-5.4394 -0.57584 1.3533 -4.0903 3.3019 3.0034 2.9977 -8.9823 -6.843 1.4378 
-2.5827 -9.0785 4.5844 5.1424 2.084 1.6112 -3.0255 6.274 6.8954 -3.6233 
7.8186 -1.1547 3.3415 9.6873 -9.3118 -4.2393 0.56807 -9.7644 4.0304 -7.4966 
7.1275 -6.7288 -5.0161 -0.97279 9.6742 -9.2316 -1.0039 -8.2854 -8.2997 -4.3255 
-1.9513 1.442 -3.9979 -5.754 -5.146 -7.1839 3.6136 4.3268 -1.7393 3.5621 
-3.6396 6.3664 -0.39614 3.1713 -4.7075 -0.82626 9.8299 9.6556 -8.4097 3.6379 
2.1727 -8.2932 9.1532 -6.7815 5.7689 -6.4689 9.3099 1.6103 -7.2005 -4.5631 
8.2039 -5.3433 2.9283 4.0529 -9.2795 -3.4914 -3.8273 -8.9814 -1.7648 0.37908 
8.182 -5.0791 3.6119 1.5548 -8.2415 -6.3561 -6.0749 3.0279 -2.1588 -7.8456 
1.8319 -2.9613 8.8488 -4.3134 5.7885 6.5404 7.0049 -3.3759 -2.6727 -2.0779 
-3.3486 -1.8183 9.9601 -9.3161 -8.7433 7.0307 0.95211 -6.0751 4.4579 -3.4918 
7.0613 -7.7151 -1.6441 -5.0981 -4.6416 -2.6772 7.5672 -7.8479 2.4376 -4.9814 
-1.152 -1.8557 5.3152 3.1396 -4.7166 -7.6512 9.7019 0.69172 0.4225 4.5237 
8.0871 3.5186 -1.0568 -4.9496 -5.8953 -1.4341 -9.3034 -9.8885 -9.3752 -4.2788 
-9.3364 0.86048 3.4809 -0.64866 -3.5218 8.413 -2.4228 -8.634 -4.215 -5.4175 
0.64853 -2.8574 -8.1098 6.26 -9.5274 0.01119 -0.064043 -4.4559 4.7273 -1.8855 
4.3299 3.2319 3.71 -3.7697 -5.7393 -7.3342 6.4446 9.6872 5.1099 -1.308 
-6.414 3.5741 -4.3084 -6.317 9.3112 -0.85457 1.4039 -2.2254 -3.2536 -4.2724 
-3.2693 -7.3688 -5.3121 1.1984 -7.7216 8.459 3.6038 1.8075 0.97338 1.1091 
-6.2457 -1.2076 -4.8151 -5.5892 -5.2158 0.84529 7.9214 1.7324 5.2402 -6.7292 
-3.5615 8.7439 9.3882 -6.097 -5.5461 6.9618 -2.5381 -3.3135 -9.0948 8.6378 
-1.9229 1.4045 5.7156 -3.7715 3.0368 -4.7865 4.1092 2.8244 7.2136 8.512 
0.97133 1.5528 4.1218 3.0556 8.8539 -8.697 5.1696 -6.8897 6.6505 -7.5316 
-9.0252 5.292 9.6465 -2.525 7.5673 2.1159 -5.1875 3.2211 6.0093 -2.6969 
1.0546 -5.061 3.8239 6.5082 -7.4835 -3.5138 0.267 4.3762 9.5047 -2.6739 
-4.5038 3.8771 -5.9122 -0.30819 -8.6107 -5.462 -4.9083 -4.7415 7.7369 6.0806 
-5.17 -4.1027 0.27494 7.3798 -9.2006 -2.1604 -9.5495 -0.91186 0.5875 1.3946 
-5.1371 1.414 -0.56542 2.1764 -2.976 3.212 7.41 6.6709 3.4074 4.6324 
-6.9168 2.6961 -0.61432 6.9196 4.9831 -9.1048 3.2629 0.40353 8.9117 -3.7782 
9.1283 -2.0222 8.9636 -9.279 9.1012 0.42812 7.7468 6.7488 0.39187 9.9978 
8.7132 -5.0223 1.8701 -1.2803 -1.9641 -9.3325 8.7921 3.8903 -7.9806 9.8409 
6.3743 8.7066 -6.7925 7.8634 4.0081 -9.1551 -1.3142 -6.059 -9.6185 0.6993 
4.5652 -1.022 9.3231 -3.9428 0.28779 0.1532 0.5934 -9.0716 -6.3656 -0.86196 
-6.4838 0.63568 2.0957 -3.2501 0.20456 4.0757 -3.6721 6.6775 2.6023 -1.7539 
-2.7926 2.6968 5.5026 -0.01474 -8.1408 -0.34021 3.8931 -8.1064 6.966 5.8673 
-6.2242 3.3624 1.6878 -3.9406 2.0354 4.6956 9.122 -0.48575 1.8637 -7.3632 
-9.976 -1.2197 3.8715 -6.212 -9.7872 8.7105 3.5955 -6.7276 6.2958 -0.22653 
-3.6716 -6.5402 6.5659 2.777 7.8878 8.9648 6.2771 -3.5193 -2.7434 9.8974 
3.9923 3.8877 -5.6191 2.9303 -8.8732 2.2994 7.8742 -8.0368 6.889 -1.4028 
2.5051 8.4985 -4.9991 -9.3974 -6.2401 8.7119 7.4988 9.8 -1.3302 6.094 
0.86124 -2.5879 1.8723 1.7542 -5.2935 -0.24483 -8.6002 7.8786 5.0039 0.34483 
-1.2193 2.7758 -6.6283 3.1764 -8.7084 1.1024 5.3646 -2.5205 3.8627 -6.0364 
-4.2515 7.7936 3.2508 -8.5856 -6.9387 -4.07 -0.71161 -9.4125 5.4423 -3.7989 
0.033182 -0.34115 4.6284 7.6459 -2.3285 6.7922 9.0765 -3.4038 0.2572 1.3486 
5.2309 2.5964 -7.161 4.1786 -6.3945 0.13546 -0.57733 -2.0333 0.24035 -5.97 
5.2482 -0.69965 -1.5843 0.19362 -9.2692 -2.1181 -9.0179 7.419 9.967 2.1869 
1.5211 -7.8165 -5.7368 6.3621 -6.6939 3.1818 -7.7315 0.13282 -0.16461 9.5631 
4.9533 -7.7377 -4.3666 -8.8636 -8.4189 -8.9481 -5.7147 -3.6128 0.57845 6.8386 
2.9107 -7.8422 3.7051 -4.7064 6.3624 -0.0020634 5.8519 4.1382 -4.7331 -4.6523 
-7.5356 -1.0854 5.2547 -5.21 -6.3585 6.3356 -5.2931 -1.1193 1.274 4.7001 
0.087957 8.7769 -2.9004 5.8221 6.9557 7.1251 8.4476 9.933 -2.4228 9.0215 
-3.0548 2.6763 1.9541 -6.1201 -5.2925 5.8261 -2.0974 -5.6495 -5.1547 7.2582 
-8.157 8.5934 -6.5591 7.0374 -4.9253 5.187 0.49937 -2.8143 -7.8852 2.2032 
-7.043 -8.7425 -5.0342 9.9824 6.8175 -5.7707 -2.2363 8.8758 1.4875 -8.5926 
-6.0366 -3.8612 -8.9478 1.2234 -5.0923 6.6968 4.3751 2.288 5.2774 -7.4516 
3.4454 8.9953 -6.67 -2.554 -5.8251 7.0198 8.4971 3.275 1.995 4.9694 
-1.3698 -9.7927 5.8842 9.8844 5.4853 -5.8285 3.3699 -0.54028 -8.1686 2.6057 
3.8881 -6.6434 -8.7512 2.7784 -3.9826 3.3983 -0.32387 -1.1912 9.1126 -0.81777 
-4.8643 5.1054 -8.1127 -0.99699 5.6232 8.3008 5.7919 -1.4099 8.9402 1.171 
-9.8048 6.6764 -1.3199 4.8856 7.8998 -2.5563 -9.8425 -7.875 4.6163 -2.5227 
0.64566 2.1172 -9.7644 -5.0417 -6.2579 -9.0802 8.133 0.78966 -0.8011 3.3692 
-4.4122 0.35834 -6.5617 6.2498 6.7211 -0.71101 -7.106 7.4407 4.2141 -5.7287 
8.9246 8.8572 9.6275 -0.79527 7.3678 4.0623 5.1676 6.3257 5.3015 2.4252 
8.1289 4.8241 0.87011 4.7788 4.6812 8.622 -9.9057 -0.74494 -8.5382 6.7186 
-2.1463 4.0216 8.3089 0.97064 -1.6904 -5.6294 -6.7287 0.30194 8.8481 -3.9907 
-9.5029 4.8944 9.4681 1.3483 -0.58531 -5.1434 -9.409 -0.87086 -6.9722 9.4802 
3.4287 7.4765 -7.5508 7.7631 2.82 -4.6337 -3.4902 -6.1112 5.4625 -9.2203 
6.7434 9.2824 -9.8897 -5.6661 5.1132 -6.3819 6.9237 7.213 -2.8963 1.4747 
9.43 9.6383 -9.7157 2.2493 8.153 -2.0163 5.6078 -9.6512 6.8925 6.6399 
-8.8613 8.3727 9.4629 -5.6233 -4.5039 -8.0948 -0.38013 -3.1588 -0.50249 3.6551 
-0.99352 -4.3304 -2.7955 5.2971 -2.6937 -7.1389 -2.2046 -4.716 -9.2655 5.0447 
1.6494 -8.8275 -1.1128 4.6127 5.4807 7.5946 -1.7194 -7.0562 -6.3542 2.4961 
3.7328 6.4199 -1.3708 3.5363 2.7405 -3.059 7.2733 9.0096 -1.7184 4.2029 
4.3887 -6.4096 -5.8956 -0.66685 -9.0421 7.5643 -1.2064 -3.6255 4.0546 2.4474 
3.0008 -9.3014 -0.58852 -4.923 -4.1565 -3.3938 9.408 6.8367 -1.0148 -5.8883 
4.5383 5.4265 3.8241 -5.8719 0.9812 6.3234 4.1164 3.1702 -1.7156 0.45159 
-2.523 0.81052 -1.0738 1.1918 8.0754 8.4262 7.5783 -3.3073 -5.0587 9.3912 
1.6316 -3.3692 -1.6507 5.4487 4.1263 -9.1265 -6.9241 -9.2675 1.3822 -7.638 
-7.6776 1.5643 -5.3943 1.3803 9.7199 4.4536 -3.7994 0.11759 4.4981 -8.2922 
-8.8469 7.0901 7.2079 0.14274 -2.1359 9.7245 6.7268 2.1852 -0.99292 -0.25568 
9.5953 2.8475 8.8005 8.7076 1.2521 -3.4109 -4.184 3.3073 -3.2389 9.7979 
-4.3035 -1.5979 -3.6728 -1.2774 -4.2054 -1.6434 6.5907 -8.2556 8.0118 -2.5521 
1.8995 0.91826 9.4118 5.1342 -5.2016 8.0994 7.7839 -6.5727 4.4174 -4.5997 
9.2432 -6.354 7.7643 -1.7235 4.3106 -0.80422 -7.2328 9.8941 3.3534 -6.1643 
-6.2844 -5.2745 6.4412 5.5437 0.34137 -9.0979 4.0343 1.4409 -9.4095 -5.2212 
-6.1392 -5.8917 2.8924 -1.8533 -9.4881 -4.4441 -6.8831 9.6558 -6.6222 5.9251 
-3.1671 -4.8063 6.6999 -2.9791 8.1151 -0.6973 -7.9341 -5.2869 4.9595 7.7992 
8.658 8.8526 -9.0523 7.7778 -5.6004 -2.3319 9.1511 1.963 3.0335 -3.903 
-2.1866 2.8314 1.8273 -8.9924 -4.6367 -3.8387 -9.763 8.4516 9.7927 -2.7228 
-4.5357 6.5813 9.8482 -0.3093 6.109 1.1957 -5.9171 -7.6596 2.1629 -7.5935 
-6.9611 -2.2248 -4.8713 6.1994 -8.7249 -8.4512 -6.6397 -2.1132 1.8584 -0.34471 
-2.0578 -6.6318 -7.8764 -1.1065 -6.0976 -3.0947 7.7824 5.8327 -3.0748 -1.7057 
-2.5056 4.8024 -5.1436 0.88085 -1.3973 9.8689 -3.8811 8.1184 -3.1537 -8.8179 
-7.3777 7.4559 -3.5431 -0.6514 -9.4804 -2.9308 8.2695 -6.4577 7.1254 8.8627 
-1.2992 -2.8895 1.1621 -7.5121 2.822 -0.40697 9.863 -7.7025 8.1949 -5.026 
-8.1697 -6.4234 -4.0735 -4.9982 -9.4906 0.57863 -9.2109 -9.3831 -3.676 -7.3448 
2.2925 9.9285 4.1736 -1.0853 1.4012 7.2605 -4.6042 -3.6252 -9.8096 6.4504 
-9.7804 9.1826 -1.2836 -6.2303 -3.4544 0.19089 -9.5877 7.1901 -2.5643 -2.8994 
1.4652 -6.8801 6.9236 2.9297 9.6641 8.9294 -5.4915 -3.3078 -9.4232 -9.4729 
5.7946 8.5787 -5.0184 -5.3414 3.7852 8.8941 6.9466 -0.48532 1.5596 -2.6575 
-5.2927 -1.5085 6.421 -7.2339 -5.4868 4.0381 1.4265 8.8811 9.47 -0.012017 
-1.0396 -5.5383 6.5134 -8.9654 -3.5646 -6.0338 -6.8749 -9.327 1.8185 -5.5404 
1.3872 -7.2721 -4.8982 5.4462 -2.8189 -9.7711 -5.9798 2.6354 -4.3139 8.5583 
-8.772 -4.7965 4.6728 4.1405 6.5769 8.4051 3.3267 6.2589 -8.0759 -0.26393 
-0.074222 0.88931 3.2768 2.3571 -3.9848 -0.061087 -3.8643 0.17838 -4.1435 -2.4159 
2.8463 -8.3558 5.7187 0.87868 1.9293 -5.2992 -3.3247 9.4167 -0.70261 -6.5996 
-5.5747 1.9625 5.0761 -9.3551 0.347 -5.5133 -3.4291 7.3643 -8.5427 8.4059 
6.7411 -9.4163 9.9466 1.4292 0.75433 5.4399 -3.9134 -5.2241 -8.2945 -7.3797 
9.4215 -0.90182 5.408 9.192 -2.7374 -1.6099 -5.1624 -3.1155 2.613 2.3315 
6.9275 -3.35 7.6246 6.5947 0.17018 5.4234 -5.4397 -9.0704 3.3683 9.4938 
0.11999 8.8735 -2.9889 -2.159 0.32507 -5.0133 -5.4594 1.3549 8.0476 -5.2888 
-4.4225 -3.938 6.1968 6.2286 3.8107 5.9609 -0.078266 1.6956 -3.9398 2.8414 
4.9323 -1.4355 9.4065 8.2184 9.7561 -0.68462 3.6773 -9.339 -7.06 -9.402 
-5.2614 3.2207 -5.2586 6.211 4.6907 -7.8336 7.4971 6.7368 3.8151 -4.465 
9.1469 -2.3782 -1.5467 -3.5552 4.1595 7.0264 -6.0006 3.1752 -2.9827 -3.0803 
2.4052 -7.2766 9.9293 3.1493 2.5178 1.155 -2.2073 8.4518 6.1389 -5.2873 
2.0052 -8.0675 2.2355 -7.8009 -1.1043 7.6322 0.9502 8.7445 5.7832 -5.0094 
-6.5479 -3.8968 -9.6301 6.5452 -1.4435 -6.7622 -5.1014 -9.563 6.0054 2.8787 
-8.1931 6.4777 9.1641 1.4363 -0.2401 8.3473 2.2554 -8.223 7.5108 9.2777 
-4.8948 2.5451 -8.9034 -4.5369 -1.0524 3.3346 -4.5178 -6.267 -5.8168 1.4171 
7.1714 -5.8813 9.371 -8.0997 2.3884 -8.0612 -2.3291 8.0677 2.8016 -1.2668 
8.2213 9.6037 -1.6791 -5.5 7.2735 -6.6799 -1.7084 7.1991 -0.2799 -4.2179 
3.9927 -1.2445 7.0204 -7.2419 3.2645 -1.2509 -5.6337 1.1236 -3.9831 -8.7109 
4.5036 6.7039 7.7497 -6.2421 3.2822 0.80885 -0.1865 -5.1405 -9.9718 -7.3042 
-5.4023 0.78361 -0.36477 -6.9426 2.5768 6.1257 0.031257 7.6185 4.6687 8.9376 
1.5211 -9.4975 -8.1951 -4.442 -8.2879 -4.8727 -4.9064 2.908 7.225 -6.9605 
6.2126 -9.8635 -0.1727 3.4255 -0.10856 0.4076 -1.2364 -3.9204 -4.0254 2.6204 
-1.9231 5.7217 2.5447 -7.8638 -2.0006 -5.4306 -7.2788 -0.62376 9.4453 -2.8997 
9.7688 -1.0521 2.1039 -0.12417 -4.6931 6.6042 3.4566 -3.3112 5.6549 -8.4337 
-8.2 -4.2253 1.5888 -8.7442 8.1034 7.2437 0.77221 -2.7446 -1.2111 7.1016 
-3.5812 7.2636 3.4526 0.68388 6.0248 1.5084 1.5409 5.1588 9.7654 -3.2847 
0.22818 3.1246 -2.1843 0.98831 -7.3692 9.2289 -5.1191 -9.2949 4.9995 7.7479 
-8.7879 -4.3061 -9.2009 6.714 -6.4049 -2.0527 -0.42516 7.9861 7.9291 -5.6347 
4.5138 2.8913 -8.2305 -0.86009 -9.9397 7.5822 -6.8569 -6.0218 1.6555 -8.7229 
1.1311 -4.7284 9.8281 3.0962 8.9407 -9.2696 -7.6059 9.5327 7.0972 -5.36 
0.5872 -6.5044 -4.7421 9.5005 -7.3332 -3.9319 5.8182 -8.4622 6.4533 -9.4553 
6.5996 -2.6276 -9.127 4.4393 1.5554 -2.6798 -2.0565 -5.639 7.701 2.7435 
7.1752 0.75084 4.7651 2.9331 2.091 -7.9976 -0.043027 -7.189 -6.1788 -0.2127 
5.7806 8.5281 -2.9262 -9.1295 5.7353 -7.1452 -3.5895 -2.2111 4.254 -4.6698 
-3.6433 4.9824 5.258 1.9434 7.2628 -7.1974 -2.4629 4.2414 2.4378 -3.1775 
-0.95585 -7.0453 5.6822 -0.16527 0.74758 8.4743 -2.0286 -9.3471 -8.9142 -1.513 
5.0446 -9.9422 -9.4342 -6.3551 2.0096 5.1429 4.5546 2.9953 9.2901 -5.6141 
-7.8028 -7.4597 6.0676 7.8759 -7.3123 6.7175 -0.4683 -0.17808 4.3473 1.4461 
-7.8052 8.3384 8.2708 -6.9376 -7.0901 4.089 3.0449 9.3702 -4.8748 -1.3508 
-4.6023 3.4424 9.1063 -0.81551 -0.59476 4.2868 2.1838 8.6736 -4.6042 0.37431 
0.49275 -7.7242 8.7359 9.0183 4.5135 9.0123 4.4004 -4.0641 -6.4861 -6.461 
9.453 9.2045 7.7182 1.8572 4.8667 2.7845 6.9475 -6.0295 -5.946 1.9118 
4.2082 -7.6123 6.7219 -4.9541 -3.0647 -6.4995 -7.5078 -5.6156 -4.5011 -8.7873 
-3.7628 -0.15169 8.2154 5.4051 -8.835 7.095 9.4766 9.6091 -0.90702 -5.2397 
-4.1709 -2.7737 1.3609 8.2577 -1.6667 3.7653 -5.8116 -9.517 0.25172 -5.8001 
7.0071 -0.59999 7.6208 -1.9588 -0.52329 -4.2928 -9.0365 -2.1171 4.1289 -6.55 
8.2329 -8.8244 -5.7876 8.6344 -8.8632 4.2899 7.6436 -5.0626 4.4645 3.2606 
2.7855 -3.3998 5.7156 3.4503 2.56 6.0257 -8.3155 -8.8054 -8.1439 -0.62325 
-4.8926 -4.7096 -1.6098 8.6006 -2.4323 -4.8524 -7.8332 -4.4255 6.3625 3.1575 
-8.2267 -5.0816 2.6197 4.5975 -3.3894 -5.4668 -5.5446 -8.2294 9.262 0.043026 
6.7651 8.9535 9.9024 1.8363 2.4963 -4.7319 6.8516 -9.3592 7.5523 -7.0584 
1.6944 -9.3512 -7.1438 -7.7869 -3.3608 4.2141 -4.6994 8.5588 -4.9054 -1.829 
8.9622 8.123 -2.6226 5.7156 7.9995 6.8456 -9.946 -7.2411 0.9668 -9.8601 
-8.7794 -2.63 -9.6632 2.2661 5.7917 -7.5472 5.8614 4.8489 -5.798 -8.0999 
1.6928 3.2508 0.3138 -2.9481 -9.5074 4.1008 -8.979 3.4361 -3.1174 9.8625 
-4.2978 9.0725 2.3545 2.4663 6.9497 -6.8941 2.2037 8.518 4.9851 -3.646 
6.5546 -8.1174 -7.0595 -0.5103 1.5519 4.1643 -7.954 -5.8136 -6.0497 -0.30967 
-6.1803 3.7063 -7.8515 2.5188 -8.1392 -9.241 -5.0685 0.57466 -0.41048 -7.7455 
-1.1494 -1.7512 9.1509 2.8248 4.4913 7.9701 -2.0331 -5.9424 3.2884 4.4264 
-2.1318 -7.7642 8.0193 7.7537 -0.86936 -5.2547 6.2147 -8.6357 -0.14837 1.8311 
6.5315 -0.1633 6.0319 -8.5152 -0.095488 0.92813 4.2629 6.3643 -6.2539 5.5546 
3.5374 -0.76895 -8.231 2.9675 -6.4258 5.9992 5.1599 -0.97748 9.9552 -1.3729 
-5.8479 7.5412 -9.4964 2.3812 6.3732 8.0445 9.1524 6.2511 9.3255 -6.8932 
-3.6379 3.2048 6.6954 -1.3923 5.9121 7.4211 5.1088 -1.1833 2.154 7.7927 
-7.3238 -4.4407 -7.053 -5.8599 -3.5199 1.9599 9.1524 -3.3478 -1.0341 -7.5749 
3.4293 3.1434 8.5097 2.8002 -4.0548 -3.7268 -4.4781 9.0812 2.3989 -7.6216 
1.4198 2.9083 8.6693 -8.881 5.1318 -9.0589 3.4784 9.4242 7.0492 8.0056 
-6.6047 7.9445 -7.8578 4.3651 2.7482 -1.7972 7.4373 -1.5808 -3.3102 -1.6604 
-7.0469 7.6467 7.5522 3.8098 -2.0384 -7.4951 -8.6294 9.8735 4.9031 3.0381 
-0.47841 -3.2966 -1.8734 -8.7662 8.4969 -6.3702 0.18541 -2.371 2.0749 4.7606 
8.162 -1.46 -7.217 2.5009 9.6552 6.4217 -5.3824 7.3211 -6.5796 -6.5249 
1.0435 6.0753 5.9346 5.6561 3.5192 -9.9349 5.9486 -6.8643 4.1519 4.9579 
-9.3412 8.4619 -7.3418 -0.99277 -0.52832 -9.0219 -3.175 -3.0059 -5.7712 -7.4948 
-8.9227 7.3345 -0.23596 -6.8374 -7.7852 5.4091 -9.3793 -1.7258 9.0652 -9.5041 
6.1013 -0.0069945 5.1745 8.4806 9.4283 -3.9737 7.6111 4.3616 -5.6528 4.8621 
-0.9725 1.6897 9.1336 9.0341 -0.70489 2.4142 4.9253 1.2679 -8.6437 6.585 
-2.3471 8.4951 8.8466 -2.2762 3.3504 -7.6028 -2.0938 -2.9984 0.36297 1.7884 
5.7929 -6.6777 -3.5591 7.4099 -9.1901 7.3769 9.5698 -4.1782 -1.5123 -1.2198 
-2.7143 -2.5128 8.4803 4.7779 2.6822 8.0153 5.752 -0.3089 7.0969 -7.2843 
0.647 -4.8118 2.5354 9.2219 4.2082 -3.9321 -4.3836 7.2205 -8.7092 2.0434 
4.2331 6.6096 2.8935 6.6914 -0.09948 -1.6483 -9.4776 7.8044 7.2397 2.3131 
7.4295 -8.5965 2.2253 -1.9783 5.0359 3.2605 8.2967 0.67195 6.2722 -2.155 
-3.4262 -4.3794 -9.0422 0.10482 -2.8909 -7.5112 2.5583 9.2502 2.4438 -2.1196 
3.0024 1.1009 3.5358 2.9276 1.3414 9.6229 -1.2558 8.1294 7.1464 8.7647 
9.4967 2.3793 9.319 5.4793 0.023468 -4.0012 -9.3713 -2.5203 2.5189 -2.7192 
-8.4807 -1.8043 8.4822 8.276 5.5203 0.83846 -7.9225 -6.7954 -5.9529 3.6215 
1.7404 -4.8314 -1.6749 4.0621 3.1189 -9.7388 6.6758 9.1443 4.3041 0.20372 
-1.7223 -1.6651 -3.5606 2.4714 5.1667 6.9021 -0.76223 1.9064 -8.4711 1.9416 
-3.8173 -2.3589 -7.5175 9.3622 5.8377 -2.2272 3.8779 -2.8911 4.1362 4.9596 
-4.7233 -8.0733 4.9672 -8.4235 -9.6729 0.41953 6.2729 -7.7101 -0.80797 1.9182 
5.1753 -7.3743 -3.6468 -6.0953 4.5513 -7.6416 -3.9944 9.1368 4.5945 1.7722 
9.9043 2.198 -9.4094 5.0518 2.5539 6.468 -3.865 -9.8646 5.9519 5.3012 
-6.2686 3.1239 4.5942 0.61138 6.64 7.305 1.6281 2.9674 3.099 7.5242 
5.6229 6.8199 3.6552 8.044 -6.7216 6.7614 4.4036 -6.1754 -4.84 9.4149 
-6.084 -0.0036424 0.28951 -0.30873 9.654 2.3526 -9.1345 4.6036 5.4288 -6.4485 
9.8472 -3.856 6.1595 9.5333 6.1649 -3.646 -5.3156 -1.7217 -0.39824 -3.7864 
6.0452 -6.6047 7.9071 -5.4712 2.6057 9.9766 0.14253 -4.4299 7.9788 -3.9849 
-1.5155 -9.0247 9.8487 4.3146 4.4726 1.5804 -5.2032 -6.8074 4.6434 6.0961 
4.5773 -5.4837 -1.9095 2.2674 -5.1469 3.9704 -1.5226 -2.5887 -6.378 0.70356 
-0.032928 -2.6606 -5.2376 0.28635 3.8903 9.7611 9.9137 -8.4013 -2.8726 5.841 
6.1798 1.3569 -7.2603 3.4086 2.1498 1.1906 8.9798 -7.0664 -5.0557 -5.3487 
-2.8698 1.3943 -1.3401 8.4004 -9.7451 -1.7919 4.3411 6.4428 -3.779 4.7562 
-8.5351 5.5755 6.8045 -6.6876 9.5305 -9.7342 -0.55508 -0.67008 -7.7441 4.9065 
1.8198 1.8048 3.672 -5.3411 8.2657 9.6781 5.9457 8.2947 1.4068 -9.0857 
8.2038 -7.7867 -3.9254 5.6845 -0.40079 1.4577 -9.3215 -6.4942 3.0891 5.7277 
-6.1247 2.8136 -2.5569 -4.5778 2.1903 -3.7169 1.1069 5.6428 0.27361 9.6618 
-1.3526 -8.5596 -6.4389 4.3928 -3.9676 4.7005 7.2899 -9.0125 7.0118 3.1494 
4.9832 -2.6831 -2.8248 1.6384 5.2504 -6.1008 -1.8716 -4.8364 4.0983 1.032 
-9.2163 -4.2539 -4.8848 7.8731 -3.3548 -4.212 4.5688 4.4377 -4.6443 3.2489 
8.9265 4.8288 -2.3175 2.2611 -5.1348 -3.4823 -9.7589 -4.1337 -3.0709 1.4058 
5.2735 -8.6603 -6.0758 6.6809 -2.3479 3.7522 -4.6815 -1.8208 8.3284 -6.5104 
1.1764 5.1433 -1.0476 5.2943 -8.8206 5.3014 4.6521 -4.2648 -0.45132 -9.5125 
-6.3231 -5.1857 -8.3481 -4.2022 1.8403 2.6887 -4.991 -7.1709 -8.2192 -4.8199 
-0.041024 -5.3818 -4.7736 5.3608 -4.5841 -8.0099 -5.3232 8.9928 1.9629 9.6324 
0.35691 -9.7602 -0.54808 -5.9782 -7.144 3.3597 -5.3343 -1.5747 6.2199 5.147 
9.8849 -7.3505 -1.3448 7.3423 3.0027 -3.2099 -9.1957 8.0085 4.0604 8.7053 
7.097 -5.8123 -9.591 2.0458 8.3883 5.8805 0.57952 5.5792 4.1351 -0.63052 
9.2481 -5.7163 -6.8304 -1.337 8.4847 -2.379 -2.8947 8.4394 4.7523 6.0107 
3.5788 8.1159 3.2324 -3.1095 -3.4786 -4.5203 2.8896 1.2061 -6.8867 3.941 
-1.93 -4.4445 1.6996 -8.9317 8.6231 7.4933 -3.5221 5.5759 -2.2417 -5.4065 
8.6996 -8.058 -6.3761 -3.6275 -1.5922 9.7459 6.9686 -8.8851 0.31677 6.6896 
-0.41031 5.6564 -3.0145 -3.9336 1.7797 9.2915 -1.9924 4.8492 5.9931 5.8938 
-5.3642 3.3504 2.5433 5.4363 -5.6141 4.4212 -5.7457 -4.1687 -7.734 -7.7226 
-2.0742 2.2535 0.23881 9.3776 9.6438 1.278 2.3798 -9.5021 0.18142 4.1983 
4.1015 -3.1242 6.8337 -7.9885 9.6036 0.7811 -2.0641 -9.582 -0.73083 -8.098 
1.1712 3.8068 -7.9545 9.0806 -5.1477 0.46651 -5.3395 -4.4049 -0.46811 -8.3308 
5.1326 -5.3288 9.2276 7.5626 5.2315 -1.9824 -5.7084 0.64255 7.5087 -3.4293 
9.9096 -3.8394 -6.9199 1.233 -9.1947 -6.8114 -9.6363 5.0264 1.9935 1.7693 
9.2486 -2.854 4.6991 -7.0762 1.537 7.1914 -4.096 -6.9263 -6.1552 9.2794 
0.70134 -5.666 9.8484 4.4636 4.0166 -9.9819 5.0132 9.1325 9.1755 9.3227 
9.2774 3.5456 -0.6048 -8.0847 0.6036 1.3907 -2.3412 -6.3955 8.4586 6.138 
-7.6875 4.7203 -0.71726 0.48638 -0.20486 6.0183 -2.5556 -2.0252 4.0277 -2.3151 
-8.971 -9.7996 2.208 -9.6344 -5.2112 -9.2052 -9.7513 0.83289 3.6408 -4.3899 
-3.913 -2.8817 9.1936 -7.5534 -2.397 -2.5209 -3.357 -6.8817 8.4541 6.4827 
1.6038 -5.2009 -4.3609 -8.0316 -5.7026 3.2423 -8.3626 8.5319 -4.2919 2.7568 
0.61929 8.5522 8.6635 -7.1084 1.4675 -2.1974 -0.93022 -6.1179 8.1811 2.9055 
8.0242 5.2597 -4.8971 -3.5535 9.5387 1.5471 -3.6285 -0.0018358 -2.1985 6.3596 
0.81101 -2.4123 5.6437 6.0278 -7.241 -4.0339 8.4697 -6.3629 6.6197 -5.9412 
-1.3604 3.7191 -3.8388 9.4836 -7.826 4.722 1.0519 -1.9787 -8.2165 1.3472 
0.85334 3.9775 -4.5761 -2.6527 1.9899 8.5158 -3.9018 3.5672 2.4006 6.4366 
4.2483 1.808 -7.0675 8.2203 -0.67299 9.5643 -9.0295 -8.7427 -0.19617 3.4484 
-9.6665 9.2411 9.6662 2.8143 8.1456 -9.4869 -9.2657 9.9177 5.5922 -3.8228 
6.0184 5.6269 -8.7448 -8.2778 3.7699 8.2546 4.9505 -4.0414 -7.4738 -4.4568 
-7.1498 0.76855 4.9388 0.4668 -9.6763 -1.9902 -2.8869 3.5262 3.9952 8.8217 
-0.43051 -8.1172 -3.9383 -7.4401 -6.3168 2.8597 -4.6564 7.1148 -3.5095 1.3535 
-4.8633 7.7202 3.7285 -9.0389 5.9601 6.3623 7.6148 -6.2404 9.853 -2.1344 
-2.6182 -4.8501 2.892 -5.5586 7.8164 0.44006 4.774 7.1775 1.5776 3.0329 
3.2353 -0.72986 -7.6292 -5.7045 -4.2887 -9.7953 8.9062 3.9891 2.848 -7.4956 
-6.6078 -3.384 -1.2874 1.4291 5.975 9.9866 -1.6704 -9.8095 9.1237 -0.76197 
-4.4243 5.1355 -4.3954 -1.3615 7.5237 6.067 -8.0364 9.86 7.8233 -0.35132 
-6.0356 6.057 -7.4019 -5.6177 -6.2158 4.1741 -1.9124 -4.589 7.0195 -2.4384 
-6.0986 6.0624 0.88202 -0.2905 -1.9926 2.9378 -7.8426 6.4521 9.1327 -1.5637 
-3.4632 7.5327 -3.3785 -4.3516 3.9777 0.56542 -0.61894 3.9849 9.2945 -3.3011 
7.6068 -8.2505 -8.714 -0.39895 3.0163 -2.8767 4.1458 6.1791 -2.6628 7.3525 
-0.57796 3.3583 -8.2489 3.6833 -7.3176 4.2872 9.8671 -4.4267 2.5713 3.7286 
-1.9206 0.048439 -1.8104 -6.0394 4.3 9.0418 5.2819 -8.3014 6.3634 7.5152 
-6.4154 -3.2888 4.6328 -6.8142 8.0266 5.6492 -2.2956 -9.5518 4.0596 6.3894 
9.3785 1.7712 6.8923 7.5008 2.935 7.417 -6.1889 -5.9714 -2.062 -8.4047 
-1.8509 -2.9613 -1.8352 2.9497 -7.0538 9.9474 -1.6988 -3.4663 8.363 8.1684 
6.8897 -5.8656 3.9685 1.5496 -3.5874 8.1085 2.7368 -1.3477 2.1115 -6.8746 
2.3065 -4.7569 -1.3501 1.4937 -0.33586 0.72985 -8.3972 1.9119 -6.8968 6.2339 
-2.4678 -8.027 -5.6546 -2.4372 5.7744 8.7045 -9.2226 -8.6806 0.58137 3.5056 
7.5436 -6.9987 4.3751 5.2788 9.1866 7.8107 -9.5068 6.7229 -1.7198 -3.5581 
5.697 -3.5796 -1.7891 -8.8923 -0.45402 1.4598 7.0335 -2.0678 1.0383 2.4769 
-0.70091 1.8878 8.3602 -2.3534 0.12933 0.7267 -6.3707 5.5564 8.1758 4.5005 
6.2795 -6.9252 2.8971 1.5447 1.624 0.54716 -3.0494 -9.0387 -7.5666 -4.5638 
7.9689 -8.7475 -2.3351 3.8566 5.1413 4.1466 8.7838 -8.793 -8.3158 4.4446 
-1.4152 -9.8444 -2.8899 1.3685 5.6537 -9.8722 -4.8255 -7.551 8.5471 -2.0803 
-3.3134 5.4852 -6.6515 -1.773 -5.5242 -9.7475 6.0957 -6.0553 -2.927 -3.6912 
1.9329 3.6409 1.5299 -4.2331 -6.8499 4.8319 3.31 -3.6117 -0.75718 2.6178 
8.0398 -7.5899 3.8262 4.3853 1.725 -1.6918 3.8097 4.514 3.4715 4.3684 
4.0413 4.3851 2.1518 5.7844 0.38086 2.8287 9.4746 1.0419 6.9243 0.63141 
-2.4509 -6.7629 8.9287 7.5738 6.9539 -1.8555 2.236 -1.2935 -2.6639 5.3971 
4.6991 -7.5968 5.1479 3.373 1.1591 9.9536 -6.0551 -3.7321 1.7135 9.0073 
9.0821 3.623 -5.8345 -3.7029 -4.8704 -1.5421 8.3166 -9.5105 -6.4296 -0.48634 
0.85626 -7.1035 2.26 -2.6371 0.4757 -8.0537 2.3534 8.382 7.7262 -5.5321 
0.80212 -8.8434 4.0968 -0.96347 -4.9078 0.96966 -6.8177 -6.0955 -8.1635 5.6361 
-3.7778 -7.3012 7.0763 8.2997 -7.1889 -2.9517 -2.8678 3.2733 -0.12489 -4.4774 
-8.5753 -9.7044 -0.17052 3.7455 -9.4017 -4.1272 2.343 -7.0365 -3.9057 -9.2596 
-6.3604 -6.2177 7.2476 5.7989 3.8275 5.0968 -8.0011 -5.537 -7.7367 2.1995 
-8.1402 -8.5828 3.6636 3.3247 1.4508 -2.9498 7.1193 -5.9406 -1.4891 -5.6864 
-0.73022 -9.2428 -7.5605 -8.8597 0.59168 -8.0194 -7.5171 5.5507 -4.7434 5.8636 
-9.8133 -3.8426 8.7678 -8.7088 -6.1108 -3.4635 0.39181 -2.871 2.5558 9.8233 
8.3005 0.31471 -9.8618 -5.8783 -0.93657 5.5812 -6.0595 3.098 6.6036 1.2006 
2.8548 -2.1298 -6.7496 0.35846 -5.8113 -8.0404 -7.7045 -9.0626 -5.972 0.12042 
-9.9716 9.9039 2.6284 -8.2283 -0.45392 -3.4583 -2.2766 -9.1181 2.4872 -1.5129 
-9.3923 -1.208 -5.8807 1.7674 4.4907 5.4531 9.1932 -9.2365 -9.2597 7.4862 
-5.8306 -6.9712 3.6328 3.0356 -9.2226 -3.8559 0.78508 1.7455 9.7733 0.57964 
-0.90068 5.561 1.0071 -2.7907 2.5686 -6.2011 3.7104 3.3116 7.1865 -6.2053 
-7.4547 4.8235 5.6588 3.3336 5.7743 8.5185 8.5323 9.3914 -8.2071 -5.995 
-9.827 -8.2471 -4.5826 -1.4472 9.355 1.3748 -5.1052 -5.992 -9.0675 5.3378 
4.5416 -0.59149 -5.0106 6.9022 -9.7395 -5.866 -7.9964 -3.3294 -7.4748 9.1137 
-2.9177 -4.1434 8.7094 -9.694 8.1193 -5.9864 -1.4706 1.0289 9.2631 -1.4016 
5.6089 -1.863 -7.0009 5.002 8.4863 -3.6782 1.3096 3.7252 -8.2012 -5.6809 
-1.2669 -1.3953 -5.536 6.3996 -5.0146 7.6938 -1.1888 7.3799 -8.0377 -2.9406 
-1.2689 7.4252 1.3901 -7.7648 9.3277 4.3991 -1.5548 -7.5197 8.6232 7.9868 
-9.0157 4.145 3.376 9.2022 0.37462 0.51682 5.6108 -7.1237 -8.088 -9.3579 
-9.0074 -9.7141 -4.2843 -1.616 -5.1832 -8.7394 8.699 -8.3501 1.5054 0.050012 
-8.178 -9.5083 0.48566 0.72877 -5.5415 -8.9089 -2.6675 0.91541 -3.1022 7.3617 
1.8807 -5.2601 -5.5934 -0.66018 -0.93688 -1.2153 -2.5597 -5.8454 2.1469 -9.2433 
-5.1783 1.9653 1.3122 -4.3996 9.406 1.0444 5.1665 -5.3532 -6.5171 6.497 
6.8274 8.524 -2.7042 4.8968 -7.4087 -9.3882 -8.3691 1.2642 -6.8511 2.905 
7.1443 -3.3117 -0.19768 -9.0744 -6.7769 3.4654 6.28 5.5163 6.8319 -9.6625 
9.2722 -1.1393 -1.2129 0.348 -9.8259 4.7768 5.8055 -7.5271 9.7764 -4.528 
-0.222 -8.0172 8.687 -6.7076 3.261 8.8358 -5.5592 -5.6453 -8.3376 -4.6862 
-5.5938 4.303 8.8994 6.4211 -7.0657 2.7554 0.46235 6.6674 0.14388 -9.6884 
-5.4758 4.4328 6.9783 5.3289 -5.9892 -1.6799 -3.6347 -3.1821 -5.7172 -0.0054083 
0.73576 5.6494 -7.9699 -6.9307 -4.5372 -4.9547 0.85117 -4.5852 7.6679 3.1554 
5.2422 8.8409 6.5006 6.9962 -5.6649 -0.15773 3.8693 7.8177 -6.4761 6.7893 
-3.0487 -9.0486 -4.2485 -4.1639 1.7657 7.8634 -9.0422 7.9166 -2.3621 9.5381 
-0.77536 6.007 0.54614 4.4604 -7.1612 2.9902 9.1608 7.3152 4.2927 9.447 
2.7865 -0.66423 -7.9405 0.075233 -3.8467 9.202 9.3373 0.54665 -2.198 -3.2392 
8.3467 -4.4172 -0.9708 4.8439 -0.086206 3.51 -7.4936 -0.7673 -2.0805 -3.0099 
-6.7685 -9.1056 -3.9617 -6.0257 -9.828 5.7916 -2.7029 0.94165 7.477 4.7035 
4.3127 5.751 2.3211 6.2183 0.86181 -1.8946 -2.7544 6.1161 -9.372 1.6451 
1.5548 7.9825 -2.8277 6.9645 -2.1753 -2.9927 5.051 -4.468 -0.77603 2.2734 
-1.334 5.5137 2.2252 -6.8824 1.0312 -3.948 6.8878 -7.366 5.9385 -2.1283 
7.6849 6.749 7.0632 3.9043 3.0204 6.3166 -4.5323 5.1537 -3.0634 -1.7005 
-2.139 -3.1116 7.0775 2.4722 -8.5788 0.4332 8.0537 -7.6602 -3.9112 9.0457 
-6.4205 -6.1761 0.93048 -9.991 6.2217 -5.9794 -9.2833 5.3885 -6.0977 -5.5477 
2.6667 -2.4312 2.7772 -0.091053 -8.5625 -1.9864 -0.67155 8.284 6.5528 -7.3424 
2.48 -4.8733 -3.681 -1.7147 -7.8863 -5.2359 1.8722 9.4931 -2.8868 -0.60819 
-3.4412 -9.5707 -8.4423 -8.904 9.6372 -2.0374 3.0784 1.2408 -3.2259 5.3747 
6.0593 -4.1344 -9.7659 1.3705 1.7584 4.3683 2.7483 -4.5969 3.3947 8.9026 
9.9896 -5.1915 2.7453 7.3376 -3.4864 -1.6762 -0.24359 2.3567 -1.2499 -4.8509 
9.6196 -5.9482 -0.37731 9.1025 9.8798 2.3354 1.3271 -0.67826 7.5784 1.6628 
-7.4593 -3.0356 -9.0722 0.48248 -1.573 -5.9921 5.8601 -7.3645 7.8564 2.1716 
-5.3552 0.74299 1.01 5.6245 -4.7483 -9.1748 6.7503 -1.6538 4.8137 0.80408 
-9.5274 -7.5137 -3.1438 -9.241 7.1529 1.1336 4.4442 3.8767 -3.0565 -8.0062 
2.1487 -6.1452 -9.5958 -7.2443 1.9585 -8.9078 -5.5224 7.8569 9.7788 -5.4494 
-7.7838 -0.22761 2.8917 -9.4263 -9.9564 -1.3847 -8.4104 -9.2176 -9.6977 -6.4901 
-1.8508 -1.8598 0.99204 6.26 7.1295 -1.5226 2.9911 9.8557 -4.6917 2.2891 
7.6815 4.6984 -1.702 -3.4977 -9.8204 0.38382 4.0203 9.3265 3.7345 9.4877 
0.96266 -4.0019 6.0938 8.1995 6.1218 -8.411 0.39959 4.0553 6.688 6.7674 
-2.6199 6.1427 -6.8285 8.4931 -9.7444 6.5688 7.014 3.1695 -2.0487 1.6453 
-5.8331 8.2733 5.0436 8.8405 0.93597 -4.5366 8.5595 1.7612 4.3432 -6.2698 
-1.1811 5.3022 -0.25243 -0.93206 -2.0573 -0.13316 -8.4325 9.7454 4.0301 -6.7958 
9.1239 -3.3158 -1.5935 -6.1413 -4.2293 -7.9705 -2.5043 6.4851 -5.7819 -1.6089 
-7.5195 4.3868 3.6248 -7.2351 0.39939 -2.4912 -6.4803 -4.302 -7.8879 -6.6028 
-0.58474 -9.3281 9.8867 -0.38848 -0.97484 -5.4325 -7.6393 -4.339 -3.4821 2.6681 
7.1379 2.3125 9.6615 -8.7017 8.1669 -0.30233 2.036 7.3003 -5.6321 7.0358 
-9.1322 -7.7563 9.9628 7.3308 -9.0587 -0.31249 4.5637 -0.054072 7.3006 -8.0938 
3.8325 -8.988 0.3981 -6.7395 -2.895 -0.56116 0.79507 -2.0717 -2.5996 -0.67993 
9.5797 -8.8958 3.2932 -1.9769 -5.8235 9.0726 4.7478 1.8741 6.1389 2.0405 
-4.3346 -9.4756 6.2096 4.147 -6.2429 5.504 9.6121 2.8221 -7.4885 -2.2665 
-7.3244 9.1087 -5.4548 -1.8684 -5.8877 -6.9466 -4.4681 -0.82739 -3.8825 -1.3628 
3.7056 0.50428 3.4233 5.1177 -7.6993 0.71878 4.0302 -0.87026 4.8316 9.2185 
8.1891 5.1251 0.3713 7.1785 -3.0349 4.4626 1.6197 8.2435 -6.578 -0.68407 
2.2174 1.7964 -5.1732 6.771 2.4554 -8.291 9.6238 1.0461 6.965 0.03429 
7.9997 4.7781 -1.2328 3.5252 -5.8185 -7.5913 -3.5114 1.2952 -6.1011 9.5789 
-6.1313 -3.6117 2.4527 0.41308 -1.1846 0.77635 9.0869 -4.1298 4.4512 -8.5556 
5.0885 6.9626 3.2657 9.0451 -3.7785 4.101 -9.0999 -7.1015 -5.3566 -3.3554 
-3.0748 -0.12706 3.0629 4.8852 7.9739 -2.6439 -8.7699 -3.5794 -3.2077 -6.762 
-1.6275 -7.7033 8.3937 4.4481 7.3266 -8.0689 -7.6605 2.1913 -6.663 -1.362 
-6.8856 6.2454 2.1431 -7.487 -8.4822 2.6539 -3.3931 4.3841 6.5935 5.289 
6.38 3.3366 -8.8605 1.7607 -1.7522 0.21861 3.8008 7.8793 -2.9941 -1.8373 
2.4985 -2.3643 -1.6944 -5.6663 8.1616 -6.3879 0.049225 -3.8625 9.4417 -0.73342 
4.7712 4.3762 -0.53972 -9.3103 -8.1821 5.3566 8.341 8.181 6.3341 7.9848 
6.1022 -1.6274 -4.3415 9.9762 8.5719 -3.5899 -5.5736 1.0431 -0.52862 -3.2837 
-8.6555 -8.8813 -4.5762 -2.4473 7.5854 -8.1177 -7.6207 -7.6012 -0.069277 8.8761 
9.0158 1.7 1.6638 9.1961 -4.0035 8.0361 0.35634 -9.085 -6.6917 1.7288 
-0.04846 -4.0234 0.70749 -1.5296 -9.8836 4.1031 1.4164 -9.15 -7.6401 -6.1498 
5.1029 -1.8087 -2.8173 -6.7048 9.9279 -2.8102 0.98634 -9.2394 -3.5127 -8.7051 
4.8481 1.7218 0.96399 -4.7676 1.6444 -0.60568 2.7952 -4.4588 -5.8405 -1.794 
6.6226 -3.6876 -8.1815 -3.7434 -4.4938 -6.082 -4.7938 9.0212 0.25013 -6.2947 
-6.87 -7.0528 -4.2645 -6.1082 1.3859 7.37 0.077597 0.18719 4.4416 -6.6783 
-0.85383 9.8306 -0.16385 -7.6645 0.69388 7.9961 -8.4487 6.4298 1.3082 -7.5752 
2.362 -7.8501 1.1982 8.9212 -4.6935 9.3631 -5.4818 5.8053 -8.9009 -0.86868 
8.6437 -3.3149 -1.5743 -1.1979 0.36064 5.7879 3.732 2.9313 -9.3225 -1.547 
6.7018 -9.2408 0.22352 9.9393 7.3208 6.0057 -2.0929 -6.859 -8.485 -2.237 
7.9085 8.4481 -2.0815 -1.7053 9.4293 -9.9766 1.7558 -1.8317 8.2093 -4.1044 
1.6504 -2.5372 -7.0257 0.25376 7.3683 0.30883 -1.7906 4.1054 6.0444 6.3096 
1.6549 9.7832 7.6919 -6.9627 -8.9458 -5.1687 -6.0004 -1.0679 -5.1234 -1.992 
7.0985 0.86912 -2.9069 -0.92392 -5.3331 -9.9654 -4.4191 -4.9671 7.5424 6.3749 
-9.3027 1.2663 1.6465 9.2556 9.6619 -2.3068 5.1266 -9.1071 7.1567 1.2908 
7.7084 -6.242 1.7674 -9.5045 -1.1176 -8.347 -0.72588 9.1722 -8.6904 6.6803 
-1.8454 -5.6901 2.5941 -9.9771 -4.2823 0.20831 2.6741 4.566 -1.2408 4.1904 
-9.2724 -0.29386 2.0942 0.63244 1.5414 0.54216 -5.0238 6.0571 2.4753 3.0147 
4.923 -5.61 4.1715 5.7527 8.0543 7.8772 3.06 -0.56901 -8.9908 5.8019 
-6.9034 8.7375 4.4287 -5.136 -1.9277 -1.3586 -0.60429 5.8554 -6.5242 9.444 
-7.1218 -4.4475 -1.7501 8.3341 -0.88193 0.91843 -0.77962 -8.0802 5.5006 6.6749 
2.1192 9.0621 -6.2882 1.5708 -9.8215 1.7944 -1.8032 -1.6607 0.074108 2.6053 
-4.9104 6.2987 -9.522 6.8132 9.6471 8.6034 5.147 -8.3181 -0.85048 -0.95807 
-3.5169 -3.008 -1.8831 -9.9124 7.9824 -7.1271 -8.0127 5.4096 -1.5736 -3.8767 
-1.9642 -9.5679 7.3185 3.0118 -0.94304 -9.5476 7.7144 -4.8237 -3.582 8.4531 
-1.8725 -3.1797 7.4973 -4.8079 -9.958 -6.7007 5.5446 2.4948 3.2582 9.3208 
-2.2762 -2.312 6.1237 4.5878 1.6292 8.1467 -2.4271 -7.0977 4.3065 -4.4206 
2.196 -8.1342 0.92779 -3.2162 -1.2938 9.7024 -2.61 -4.9677 -5.816 -9.0263 
-6.6622 9.3851 3.7942 -7.0212 4.0909 -5.0075 -1.3232 1.5256 -3.3403 -4.3432 
-6.2382 -6.1991 3.5793 -2.7846 3.0213 9.1314 5.346 -9.8313 4.0504 6.4446 
-8.1074 -6.7076 6.2483 -9.7449 -7.5016 4.3625 5.5885 -9.0769 5.8763 -2.5719 
-3.5363 0.14063 -7.388 -9.8217 -1.8787 8.643 -0.72587 8.4834 -0.19839 1.8545 
5.3919 0.16477 -6.6057 -2.2288 -9.7694 -5.2218 3.787 4.1549 5.9477 -1.3941 
-5.3176 -8.9704 4.034 7.7395 -6.2897 2.7143 8.5898 -1.7574 8.4666 -1.2481 
4.8073 -2.6598 -2.9697 8.8539 5.3297 2.2613 -1.6748 6.0536 -3.1192 -0.58273 
3.8564 1.6959 2.5955 -3.3814 -7.1975 1.7243 5.0581 5.9675 7.9479 -9.9064 
6.4816 9.895 6.5957 -2.3204 -1.0571 7.6978 -9.5491 7.0628 5.3883 -1.5726 
6.5596 -1.2974 -4.8462 -0.24838 -2.8322 2.0042 7.0243 4.9813 -0.33363 8.2116 
-4.1326 3.92 7.3364 2.3103 -3.7085 0.83776 -7.6089 7.277 -8.0543 -0.84212 
-3.8126 -9.6705 9.0217 -7.7308 -1.0484 7.3748 -7.2825 -3.4536 6.8259 -1.1821 
0.4606 -6.9492 -0.88968 -3.85 9.6748 -1.4219 -3.4737 -2.0337 -0.54526 -8.4457 
-3.494 7.9908 -3.4761 5.9035 4.176 -9.558 7.6495 -5.1084 -0.17816 -1.2527 
6.6369 -9.0725 -6.8445 -0.53174 9.8991 -1.5885 0.22185 -0.54317 -7.841 3.8586 
6.2059 -9.4135 6.2019 -4.8988 -7.3287 1.1684 1.8197 5.9424 -3.3417 3.594 
1.14 1.4889 6.1258 1.1075 -9.6687 4.4963 9.4519 -7.3501 -9.9763 3.7622 
-4.7407 -3.1919 3.7581 9.2652 4.8214 2.9458 0.75494 5.8124 -3.6753 -1.4827 
3.6113 -5.614 -5.5242 -6.7463 -6.2044 -4.2416 -0.62686 7.6317 0.86637 4.235 
-5.3269 8.0798 -3.3296 1.3891 -2.897 -4.8004 -1.3078 -8.208 8.2407 -4.4219 
-0.87149 3.6618 -8.9956 4.0092 -4.3565 3.2043 -5.6416 -8.5067 5.4831 1.5143 
-2.3087 -2.567 -6.6772 3.8291 -1.7969 -9.9214 3.66 -0.92041 -0.77547 -5.5245 
0.77203 -1.9776 -2.1553 7.385 6.3376 -7.1323 8.513 0.279 -9.0875 -4.8004 
9.8341 -5.9006 7.8633 -9.3653 -5.8349 4.6045 -4.556 7.4207 -1.8565 7.344 
5.1044 -5.246 3.2688 -8.7909 -7.3445 1.8526 -9.5584 -4.3098 8.1442 -4.9017 
9.6091 7.6872 -3.4163 0.51514 6.7441 -5.3384 2.3427 4.8895 -4.921 5.483 
-5.3043 8.4249 6.4924 -2.7199 3.6223 -1.3799 -9.3628 9.3809 -3.4968 -9.2113 
0.57118 5.633 -5.1564 0.69275 -5.1101 -1.1392 7.7727 7.1355 6.2104 -3.5811 
-8.9713 -5.1617 8.1474 4.0254 2.8474 5.3909 -4.1464 3.9995 6.9512 1.5602 
5.1375 1.6719 -4.1704 -3.2341 -8.7562 9.7182 -9.0033 -5.4439 -1.8994 -9.6438 
2.0396 -5.9629 2.464 9.5316 4.2718 4.4265 -5.6606 -9.1017 5.3357 -4.4468 
7.1434 -7.4586 6.1352 2.993 9.9489 6.8116 -7.786 -3.2976 4.6692 9.8142 
9.7655 3.7534 -9.3603 8.9164 4.2486 -7.6001 2.0256 8.1696 4.7123 -5.1545 
8.5897 8.2148 7.5863 2.7943 9.1994 -6.1646 -6.2502 4.2796 -6.4687 8.2757 
-1.8097 5.0188 9.7709 -8.8414 5.7005 4.8396 6.6554 9.379 8.7217 -4.0798 
-9.9932 6.4582 2.986 -1.4918 -5.0184 -1.9495 -1.3647 -9.6381 -8.9831 -2.1982 
0.81757 -5.4976 -2.4266 -0.5439 -9.8611 -1.5356 4.6454 -3.3907 6.5226 -7.5028 
-5.8454 -2.2651 4.6253 9.1174 0.86772 -0.23259 -6.2123 0.16226 4.1416 -8.6115 
-5.6143 -1.6262 8.3995 1.4278 9.9501 7.1359 -6.0293 -0.2104 -5.0277 -0.43268 
-3.4839 8.7157 -0.092574 -9.2652 2.4309 4.1298 -5.0327 1.3833 5.1992 -0.66804 
-8.081 -7.8889 -6.3841 6.0698 -4.6945 -9.0094 -9.7581 9.1361 8.711 3.4961 
4.9507 0.62579 -0.53173 -3.2603 2.1389 -0.53349 -1.1064 8.8036 -1.4759 -2.334 
4.9702 2.4238 -8.5717 -3.7882 8.6842 6.8657 1.0417 -9.7398 4.237 -4.3795 
0.86599 -4.3932 8.3261 0.41903 1.1538 8.9407 -1.5486 0.90456 -4.3601 -9.5014 
-3.2374 -6.0447 0.23599 1.633 -3.1214 7.7826 3.3431 -6.1773 -7.7038 -8.787 
6.6467 -1.8323 -4.9086 2.8198 -1.2755 8.8812 -4.3628 -0.27852 -7.1232 0.52129 
1.0514 -2.7479 -1.9087 1.0532 4.7717 -6.7148 7.8021 -9.5817 -3.7791 6.0987 
9.1509 -6.762 9.1833 -9.524 -5.3118 -6.1591 6.3245 3.3806 -1.3778 -4.6113 
7.8567 7.8705 3.142 -1.2565 -6.4515 -1.3406 4.7978 -9.0782 -9.3375 -7.8034 
-2.8699 -1.1905 5.3862 -5.5828 -6.8552 -1.8529 5.21 -6.3885 6.0771 -7.3496 
0.92804 3.4062 -7.7091 3.862 4.5581 -4.0039 -1.1928 -2.9222 -3.9797 -9.2969 
-3.0664 -5.7915 -4.7201 2.935 3.5201 -8.1097 1.8093 7.5419 -3.2233 -8.3777 
2.4561 -0.57708 6.225 -1.6138 -9.0386 -5.3483 -8.7173 -5.1513 -9.3938 4.9614 
5.9325 -9.0017 5.1737 7.7754 3.9494 4.5801 -3.9927 7.947 8.7556 -7.2454 
4.9175 -0.08137 -1.5363 1.4949 -9.6188 4.4561 -3.1105 7.5825 -4.5036 4.5543 
-7.4893 -4.6056 3.7929 -5.0111 6.225 -7.8352 -7.1451 4.1096 -5.9229 3.4904 
6.4479 3.6835 3.7524 -1.2255 1.5663 -1.9373 4.2276 -6.9295 4.1588 5.526 
-9.497 4.9599 -6.3447 -1.9853 7.6618 9.4819 -7.7661 9.7918 -4.7415 2.1305 
-1.7114 -2.1672 -9.7554 -0.11546 -6.8781 7.9094 8.1846 -8.5286 7.4351 -9.3754 
4.6281 1.1765 -9.4332 -1.8388 0.88592 9.9265 7.4753 -5.3508 -6.9471 8.4202 
5.6275 4.6449 -7.9704 7.2259 -2.2535 -2.0352 9.4512 9.7847 2.8649 2.7141 
-2.6543 2.2324 6.8612 8.1762 -2.2102 -7.8288 0.80062 2.0976 -6.1127 7.2645 
