1000 10
-2.4079 -5.3263 -2.3271 -3.2021 -7.2743 8.399 -3.974 5.7857 -9.8509 -1.5049 
-3.6186 9.5756 -6.8374 3.174 -3.7725 2.4907 -6.8218 -1.83 -9.2921 6.2951 
9.721 8.8604 2.8377 -2.5633 -5.759 -8.0152 0.95874 -1.6769 9.0241 -6.9353 
4.3636 9.6213 -9.2318 4.9945 4.6255 4.9172 -1.4223 -5.2809 -5.9546 -3.6241 
-1.7363 -8.6607 -8.663 4.7708 6.9912 -8.1593 -7.0091 -1.1526 0.43365 7.5812 
-8.0274 -6.0949 0.77972 -3.35 -0.021854 -1.2933 -3.6269 -3.0229 -2.177 -3.1251 
4.6912 -1.5319 8.3651 5.3563 3.389 9.6379 5.6636 3.7128 6.4056 6.9605 
2.7461 0.74153 -6.6657 -4.6266 -1.3982 7.8561 5.0731 -6.9992 7.4256 5.7823 
-8.5232 -0.73446 -7.5078 -6.126 -5.4894 0.11801 -1.0305 -1.9664 3.6157 5.9074 
-7.5898 2.5182 -9.7261 -9.2083 -4.0332 2.522 1.5424 -9.8764 -8.1614 1.9361 
9.6319 0.051188 5.2553 -2.1369 9.8956 -0.14161 8.8121 5.0428 5.6733 -4.6109 
-0.064012 5.8355 4.4551 4.8422 6.3983 -3.3811 -4.6122 -0.95745 4.0169 9.0323 
-9.5517 4.207 7.0888 4.5811 -3.7355 -9.9512 -1.5799 -1.812 -8.0612 6.0867 
-8.9234 1.3881 -5.0009 -0.28861 8.7297 6.7934 0.95426 -3.3118 -3.0054 -9.2585 
-7.1825 -6.858 2.298 -7.3836 4.043 -0.5539 -7.6808 -2.0233 -9.8616 2.2256 
7.8695 2.5121 -9.0278 3.7445 7.2407 9.006 9.699 -2.1212 2.032 -2.2678 
-0.6836 8.5167 -7.7441 -4.7041 -7.7873 1.7286 -2.1853 9.5179 9.3807 3.1396 
1.2171 9.6639 -3.0371 -2.6908 -5.3803 -4.7722 0.088518 -0.79859 -9.2892 7.9068 
-0.11087 4.4635 -0.56102 9.3438 -0.49611 -8.6441 6.0721 -5.3868 -4.6675 -9.9612 
-8.6443 -6.2488 -8.4094 -9.9324 8.3603 -8.3854 9.284 -3.4132 -1.9937 7.7937 
7.9529 7.2026 3.6406 -1.572 2.0172 3.2637 1.383 2.6093 6.4021 1.0378 
-4.2287 -7.4188 0.50575 5.3015 -4.914 5.5495 -7.7706 2.6084 -7.6233 -7.1936 
-4.6191 4.8694 0.31733 -3.3525 -1.1357 -6.0471 4.6195 -6.8597 -6.885 1.0274 
1.8839 -9.0424 8.8078 -9.8083 -6.7183 -1.4918 6.6133 -9.7969 5.5778 -7.997 
-0.48242 2.994 -7.3655 7.6705 1.7818 3.0652 8.4735 -4.6679 -2.9737 -9.0887 
-2.6338 -8.8093 3.0156 7.949 0.48416 8.9871 -0.99651 0.24217 -3.2923 5.864 
3.1122 8.3952 6.9437 -8.3866 4.9215 4.3027 6.7621 5.0825 4.0264 -2.0988 
8.764 -6.5655 -3.0819 4.956 -7.1041 -2.9731 2.9434 -3.6974 2.3686 -5.7702 
2.4085 -8.2391 -8.637 -9.6351 5.9511 -1.5985 -3.0059 -1.6702 -6.6924 -9.0442 
-4.3432 -3.9091 -9.7704 -8.3836 -6.7251 -6.4445 7.0992 -4.9951 4.1501 8.1607 
-5.8964 3.4319 -9.8642 -4.4561 -5.6206 -3.7004 3.7471 4.8152 -5.7292 -4.6564 
-1.2173 -5.9111 -4.1505 3.5457 -9.6154 -7.0335 7.9662 -3.3107 -8.3516 5.4235 
-9.455 9.4962 -5.6468 -3.6004 5.0969 -6.4947 -7.8084 3.5494 -6.6643 -1.4616 
7.5237 -9.2088 -3.962 -9.1707 -1.7063 -3.1491 3.9372 -5.1539 9.6686 -9.4081 
2.2018 -0.16418 1.9079 3.3688 -1.9727 4.5479 -5.8806 3.928 5.4768 -5.8905 
-5.9282 2.8187 1.2739 1.4612 6.2252 -3.7608 5.6443 -5.2927 4.3691 -3.7889 
0.39834 -1.8997 -5.6401 -6.4335 -9.3019 0.63369 0.991 2.1805 -1.7799 2.4846 
-8.9235 -8.8584 -2.1883 0.56965 3.7352 -4.5611 -6.1935 -0.073223 6.4733 9.2653 
7.2437 2.6067 -3.2375 8.9913 -4.9215 0.42989 -7.8066 -4.1475 9.217 0.46432 
-1.1413 -5.7084 4.9175 9.0275 -3.7985 9.4305 1.0721 -5.1285 5.4695 -1.4097 
0.96018 2.5942 -2.6201 -8.0981 -0.32076 -8.7815 1.5675 -7.7087 2.978 -1.8174 
1.3372 -2.1088 -1.5356 5.4242 6.554 -5.0018 -4.5887 -0.8403 -0.89833 7.6188 
3.6079 5.9222 1.4287 -1.4674 -1.2945 -5.6666 6.1567 -6.1979 2.8789 8.1692 
-2.5724 7.5807 1.7624 -2.2682 -3.6896 -4.4163 2.5835 -8.9832 7.4378 -7.8334 
-8.4354 5.6015 -9.4251 8.3838 4.1003 6.5192 3.7249 -7.7577 2.8216 -6.3441 
-0.87299 4.0497 -8.1774 0.6132 0.76693 -3.2855 8.5904 7.628 -5.7294 4.5897 
-9.0431 -1.5866 0.020425 -5.6288 -7.3725 -5.5685 -5.8146 9.6911 8.7198 7.8258 
4.7651 2.8771 8.3651 -4.2856 5.2238 -6.6776 -1.5792 7.9821 -7.1024 5.4036 
-9.24 -8.4338 -5.0477 -4.4015 -1.7685 -3.766 -1.2986 2.005 1.0799 4.3488 
9.0849 -2.385 3.0588 -8.006 5.1921 -2.8622 -6.2901 7.756 -0.76118 -6.697 
4.8474 -1.2462 -8.6959 -2.4673 -6.7839 -3.5213 4.7218 8.107 -4.9168 -6.0293 
8.749 -1.861 -9.6733 4.6118 3.2762 -4.4396 -4.7936 5.2535 -9.4311 -3.2586 
0.26728 -4.5243 0.40179 -1.7351 -8.0282 -4.0889 8.1383 4.6886 -5.5987 9.1242 
-5.1819 -5.373 3.047 -5.1904 5.433 -2.3599 -1.5229 0.53515 -8.6771 6.8865 
-4.8007 4.758 -2.1169 1.1093 -9.5493 7.2582 -6.0051 4.1284 -2.6407 -5.6742 
5.1795 7.588 -2.3873 -8.7581 -4.2465 4.0821 -2.4231 -3.8882 -4.414 -6.9498 
9.8669 5.4498 -2.6079 -7.8691 4.1177 4.9002 0.87164 2.9903 -6.0929 7.3669 
-2.8659 -9.2833 5.0626 -2.4905 6.2439 -5.2264 5.8589 -2.9562 -2.6242 -6.6195 
5.0572 1.0863 2.238 9.03 4.4238 -7.4739 3.8964 3.0053 -1.084 0.32519 
-7.799 1.7635 -5.217 -8.2411 6.4984 -3.9199 0.82606 -5.9714 1.721 -0.99919 
1.9409 -5.0762 8.5052 8.1016 7.7786 6.6848 -0.70477 1.8241 -0.22947 -3.524 
-1.3881 -2.0323 -2.3623 0.047102 -3.1261 -0.58698 0.62365 -1.0468 6.8188 -8.6209 
4.6144 6.1356 -2.5309 -4.9084 -0.54402 -5.9207 -4.7387 -3.679 -2.7791 3.5804 
-4.7765 -3.9633 -3.4045 -4.0385 3.4598 1.2157 -1.4422 3.6053 3.3109 3.8513 
-8.1038 -0.20731 8.0757 2.1093 -7.7963 5.0853 1.5943 -6.7009 -7.318 -6.4336 
-0.98073 5.6257 -0.67767 -7.122 -7.255 4.3736 5.4419 4.0961 -6.366 6.398 
2.8015 -1.0005 0.16401 -7.6024 6.7794 4.572 -3.8851 8.0845 -9.0563 4.2344 
-7.3592 6.6648 5.8946 -7.6747 -2.121 5.0424 -7.3141 -0.4356 -7.8984 -8.4944 
-0.94355 3.5335 -7.298 -9.3312 6.6082 -1.0174 7.3939 -9.8715 -8.5747 4.9595 
3.044 -8.2674 -5.9001 -8.805 -9.5693 -5.5507 7.855 -3.292 -3.6076 -1.7914 
6.54 9.6144 -6.1965 5.4888 9.4914 8.5588 8.3981 -2.9782 -4.2941 7.2496 
-3.8385 1.3286 -9.9622 4.5061 -7.8778 9.8532 -2.69 2.9079 -8.6192 -2.0295 
-1.9527 -5.8464 7.1555 7.9711 4.3169 5.429 -3.1859 7.687 -3.7783 -9.6273 
7.6846 -8.0878 -9.7998 -6.1354 9.1291 3.1028 8.4176 -4.4715 6.3347 6.2965 
4.0116 -8.7496 -9.8263 -3.8015 6.7201 4.7736 9.9422 3.7147 -2.9704 9.0423 
-5.1626 -9.4844 6.8097 -5.386 -2.0395 -0.5701 9.1843 0.78689 -2.0774 -4.1975 
5.1966 -3.3175 5.4009 -9.7441 5.6325 0.52159 -7.9788 -9.1452 6.17 -4.9615 
-4.1815 1.1361 7.1432 -7.8279 -0.56952 -2.9876 -2.5376 -3.9036 8.8573 -3.7845 
-4.4512 6.9188 8.669 2.9475 -3.4736 8.6225 2.2652 -3.4646 -8.3689 3.0987 
-9.8778 2.5351 -9.6985 -2.7982 -5.2323 -0.69675 5.1899 9.1513 -7.3641 6.1292 
-2.5058 1.9973 -6.2031 7.1662 -6.6341 1.0042 2.5792 0.87645 -2.3953 1.7533 
-1.2613 -5.7873 3.8821 -0.38068 -7.1908 -9.8653 8.2483 -7.0565 5.916 3.7646 
-3.914 -4.9217 9.546 -6.8716 0.649 -3.8936 -9.327 -3.0247 0.9556 6.8796 
-4.1828 3.0395 1.5052 -3.5341 -9.8575 0.97527 7.0465 -3.0178 6.4245 7.5908 
-5.1497 -3.4217 1.2474 1.8521 -8.5647 -4.6942 -9.8345 3.2731 6.4525 -9.5865 
8.7337 0.46348 8.8355 7.9766 7.0406 2.4344 -9.124 -2.7187 8.7313 1.6368 
7.2038 -7.5057 3.7271 5.0202 2.0606 9.7884 -5.9994 9.9301 -5.595 -1.3653 
-2.0554 -0.94607 -3.3768 4.4029 -2.0845 7.746 6.5589 -2.5369 3.4572 6.465 
-0.41162 9.8519 -3.1989 -7.3259 4.5413 7.4913 -2.6307 -2.8001 -1.936 4.5961 
1.2999 -2.0154 8.6874 5.516 -9.358 5.085 -0.73575 3.7714 -1.3418 -4.6006 
-0.20761 -8.7618 -3.8501 1.9086 0.76796 3.8589 -8.9916 -2.2567 -2.6155 -3.1971 
-4.6038 -4.1408 -9.2247 9.8048 0.65402 3.5903 -3.4502 -6.3654 -1.0206 2.0094 
9.7948 1.0454 1.3556 -9.6876 -8.4999 0.40877 -8.1224 8.2844 0.77994 0.96574 
-6.3265 4.8025 3.017 6.6641 9.7006 -1.4511 -1.298 7.2754 7.4371 6.5443 
7.2331 -3.6319 4.7738 -7.1721 -9.3667 4.3332 8.5474 8.7569 -3.4219 2.4772 
-9.3473 -0.12284 9.1275 8.9144 3.44 -3.2035 4.9197 2.4307 -2.9844 -0.96088 
-3.3608 2.5734 -3.8789 -3.1437 -1.8279 -7.985 -0.57186 -4.8452 1.5025 8.6408 
4.9749 5.0629 5.1821 2.0929 -2.8898 9.9904 -5.3241 -9.56 9.741 -2.4956 
2.8873 3.8777 -4.3735 -8.6526 -4.8592 4.1357 -1.3859 -2.4978 5.8534 -6.0042 
-6.6152 -7.2624 8.0382 5.9044 -4.1271 0.3777 2.1263 4.4486 0.19286 -5.9488 
9.0441 8.1392 3.4118 -4.467 -4.5012 -8.2481 -1.4822 4.6847 -6.543 -3.5057 
0.8654 -2.4225 -4.169 -9.3294 -5.0455 8.2102 -4.9018 -6.3677 -7.3715 2.5025 
-4.9717 0.59244 -3.5303 6.3769 -3.9238 -0.65701 0.20793 -8.0278 -0.45405 3.9612 
1.5714 9.7723 4.3354 5.4927 4.8797 0.97544 7.0611 -6.6398 2.5821 4.5875 
8.3095 9.1642 -6.3154 -7.3731 -5.5235 -9.2973 7.6352 0.21198 6.6902 -9.4127 
7.9119 6.3529 -1.1934 -7.5563 0.21033 -7.5472 3.5279 0.24444 -0.44753 3.4561 
-0.34987 -1.5221 -2.7097 -3.2074 2.3031 -0.96754 3.2903 2.2014 -2.5748 7.1591 
-1.1452 6.3595 -5.7299 -2.2105 -4.7758 -6.4592 9.1002 -1.4064 -4.5736 -2.6389 
-3.7649 -1.1101 0.67093 -4.6588 8.2116 -2.2579 -0.84005 6.2859 7.0498 -0.56595 
-8.8937 -2.3948 6.6454 -9.2832 -8.4687 -5.8496 6.3975 9.9429 0.98119 6.3876 
5.0758 4.1447 -0.5441 -2.3612 -0.1071 -2.98 0.075451 -0.528 6.967 2.6389 
-7.3611 -5.2217 2.6471 1.2001 -9.419 7.2889 9.3967 -4.0184 4.2257 -7.0591 
-2.8816 -6.4847 -6.06 -4.1605 0.6777 3.7981 -0.24268 -9.3578 -0.055132 9.4133 
-2.0826 -5.2371 9.951 -9.5679 -2.6315 4.244 4.3228 4.8488 -1.4001 -2.7517 
7.7104 -4.3282 -9.9532 -4.4385 -6.4418 -9.3775 -8.4123 -9.3124 -6.2672 -1.8621 
-9.5752 -9.187 2.3063 2.5016 -5.1404 1.7154 -1.3661 -6.7921 -6.0753 -3.5489 
6.8816 1.0283 6.4894 -5.2341 1.3852 1.0893 4.5458 -9.6707 -6.5842 9.8195 
-4.2386 8.85 -1.7187 -6.308 -8.6751 9.2116 -3.1212 -3.7564 -4.337 -7.9531 
-4.9931 5.7567 7.9263 5.5266 -5.9643 8.3679 4.2096 3.5148 1.7581 -3.0417 
-0.23241 -5.1714 0.24026 6.8421 6.7808 5.1723 -0.38186 -3.8124 2.0164 -2.0937 
4.5807 3.9195 9.2337 3.1227 4.4798 -5.2289 -9.63 2.6766 9.5255 4.4008 
-5.9477 -9.6948 2.1574 -5.5498 5.2387 4.1191 -6.229 -5.1428 -6.0052 3.4968 
-5.6745 5.371 3.3219 1.6232 -3.5383 -6.6781 -1.1739 -0.57023 2.3529 3.5798 
9.5267 -3.3621 8.4291 9.1652 4.3824 -2.7408 8.1251 2.4969 5.0423 6.4549 
1.8647 -3.5534 -1.0262 -3.5253 -5.7487 -8.2357 8.792 4.0763 -8.0958 3.9638 
-3.9119 5.3087 2.666 -7.3921 -4.0976 -5.7206 1.2662 8.2302 2.3789 -4.1942 
9.3541 -2.3167 -5.7697 4.8045 -3.6775 -5.1835 2.226 -2.6211 9.8328 -9.3041 
7.9194 -5.6275 1.2069 8.5707 -6.1218 -5.0986 7.8258 -7.1543 -8.9048 4.497 
-6.1995 1.2664 -7.9278 -2.6535 -4.6027 2.2695 0.11965 -3.7573 -9.2545 9.754 
-9.964 -5.5873 -4.1534 -7.5716 -8.759 -8.0816 -5.6985 9.1107 -1.4977 -5.5673 
4.2353 -6.7473 0.88034 -6.8253 -1.5878 -8.2501 4.0467 9.3807 -7.2036 -6.408 
7.3545 -2.0072 -6.3826 7.3496 6.955 -6.0121 6.1325 -8.9214 8.4345 -2.9671 
-7.6338 -9.5921 -4.4785 -0.26627 -2.9766 4.9978 3.4225 7.9254 -0.16295 -2.1432 
-9.2195 -1.5346 -5.3481 -5.9913 8.5074 4.7034 0.59708 -5.4296 5.7758 7.9617 
1.9639 -9.9345 0.97636 -4.9392 3.3703 -0.83663 8.2617 3.0378 -8.3595 -6.2934 
2.0863 -9.1028 1.141 4.0633 1.3023 7.003 -3.9407 4.1599 -4.183 -6.4105 
0.32865 -6.2175 2.4103 5.3386 -6.5831 -6.2585 -3.8844 -1.8371 4.7058 -0.75712 
-9.8499 -5.9733 -9.9869 -0.29086 -0.20077 8.9824 0.3921 -5.8232 2.5676 0.47242 
3.7787 2.007 -6.2443 8.4778 8.9054 -9.5932 -2.403 7.067 -5.8821 6.3155 
8.9204 -5.3656 -0.47461 2.4352 3.6121 -7.4395 -1.6324 5.7674 6.0713 -1.0817 
7.4707 1.331 -9.6369 -5.5099 7.3596 3.0962 4.1291 -5.4553 7.7689 6.9376 
-7.7345 1.015 -0.50184 6.4236 9.4761 7.4159 -0.60586 -4.5577 1.3989 -7.8523 
-2.9086 -3.2399 -8.4682 -6.6063 -1.352 9.0294 8.7757 8.2642 8.1185 4.8538 
-5.1613 9.7985 -4.9862 8.4176 5.7207 9.139 5.1727 -8.8212 -2.5218 -7.7791 
1.2067 -7.0328 1.6236 5.515 1.9579 0.96113 -0.16404 5.9688 5.1884 9.9175 
2.2545 7.0258 -6.9797 8.4021 3.0892 -7.7136 -8.8243 6.7092 -1.9107 -2.1195 
-3.9838 5.7436 -1.7958 -5.496 -8.774 5.9731 9.2769 -3.0557 2.4995 7.1254 
5.9628 0.48602 7.8607 -1.2548 -2.8751 5.4549 -0.1587 -7.1154 -0.1116 8.5014 
5.9128 -9.6232 7.0887 3.0905 -0.77482 5.4783 -0.0053749 -8.46 -4.8436 -8.4083 
5.6218 -4.731 0.85511 9.9669 -3.2255 4.0527 1.5988 5.9953 -5.5045 -8.6521 
-2.978 9.9718 -0.79084 -8.9742 -9.2089 5.4891 -3.6088 9.8567 0.49222 -8.8219 
-8.9141 4.2108 -7.0121 -4.2571 -1.9846 -9.9228 -3.6724 -5.4066 -1.7648 -8.5003 
4.1741 -5.6382 -0.22192 -6.8047 6.8899 6.2426 -5.4751 4.2065 0.031081 4.1014 
9.8586 2.8323 1.3824 8.4098 -0.87061 -8.9934 -7.0663 4.1557 3.9962 -0.40115 
-6.7505 -7.5786 -3.1708 -7.7789 6.0245 8.8118 0.70113 -3.296 -7.3377 1.9916 
-7.7287 1.1336 -1.6415 -8.5495 -2.4483 -6.9078 4.5609 6.8809 -3.6106 -7.609 
8.2575 5.7594 -6.4646 2.8933 1.1684 4.5481 1.1663 -9.898 -3.477 6.6839 
-0.36686 -1.71 6.6955 -0.69511 -1.9415 -6.9062 -7.8179 0.98195 -1.0618 5.9583 
7.0361 -8.3267 3.5159 -1.9719 4.8192 -8.7317 7.7706 -8.3581 7.9502 -5.2146 
6.1983 1.7421 -6.2911 6.2061 5.8345 -2.3022 -6.1843 -5.7029 -6.7682 0.23855 
-6.2648 2.7853 2.2227 -8.7791 3.0511 -0.84558 6.0287 8.1722 -0.78975 -5.469 
-5.056 -7.4969 4.103 -8.6669 9.7174 -7.9935 1.3289 8.2036 4.6603 -7.659 
-8.9162 7.3052 -9.4336 9.0019 9.6562 -4.491 -5.1156 -8.9502 -6.682 4.8263 
2.1792 -0.24431 0.41739 1.5447 -1.0465 4.3927 -3.3067 -4.2714 2.7297 0.34412 
5.5446 -4.4796 -4.8176 9.8446 9.607 -2.7693 3.9557 -2.7824 -2.9862 -8.7788 
0.22128 -3.7706 0.16432 -6.2292 6.918 -2.2889 6.4792 9.7132 5.4058 -1.7632 
-9.445 3.3313 9.4648 9.0238 -9.2874 -8.1448 -4.4856 5.5235 -5.585 -3.7333 
9.8077 0.0019616 6.3646 2.9113 -1.5246 9.2312 -0.66135 -1.8279 -2.7355 0.43048 
0.018798 -1.1172 7.1752 -1.6224 9.1607 2.7084 -8.6698 -2.7904 9.289 -3.3837 
-3.3601 -3.4883 7.9323 -7.6466 6.1809 5.9694 -3.3236 -7.3964 1.1465 3.0766 
-6.5223 1.3185 -4.0099 -4.5403 -4.0098 3.1296 5.3628 3.5628 -1.7492 6.8139 
2.5127 -9.6955 7.6005 -8.8996 -5.4804 7.1088 -2.3101 2.7314 -4.9172 -9.6161 
1.5027 1.0567 -4.8957 -9.549 -6.428 7.7676 2.9256 7.4292 9.3407 -7.8816 
5.0197 8.7165 -6.157 2.2 -2.2569 -3.974 -4.0945 -5.0811 -3.4111 6.9 
-6.9296 -0.36455 -6.2676 8.7053 -5.0906 4.34 -1.4713 -4.0018 -5.8758 -4.0302 
-2.8643 -3.4305 7.2222 4.3917 -0.04175 -3.531 2.1029 -0.32521 -9.8906 5.2589 
-7.121 6.0616 -1.108 -9.0456 -1.8537 -4.3028 8.5106 -9.0214 1.6177 -3.7681 
7.0122 -7.1307 -2.2679 7.2345 5.8973 -5.172 9.7378 7.0908 6.7308 2.3802 
-3.2426 -8.4275 6.6401 -8.994 1.2716 6.6666 5.4108 -1.0396 3.2935 -8.6274 
-4.4961 -1.0918 -5.8702 6.2601 2.7245 0.61753 1.0038 -9.4264 7.6114 -4.3762 
-9.8798 -0.68979 7.9561 -3.8417 -7.4055 -1.5549 -2.2683 -7.729 -3.3003 -6.2539 
6.0382 4.7336 -0.80994 7.5376 -1.5433 -1.7292 -8.5854 7.5319 -5.2905 -9.9332 
-0.051834 3.9807 -6.731 0.43547 -1.7529 6.5229 5.9185 8.7497 8.6656 -7.012 
0.75686 0.66181 -4.625 -0.42997 -5.3109 4.431 -9.7329 -7.4911 -9.8999 -8.9983 
7.4183 -5.8735 0.41402 -0.96376 -3.2996 1.9649 -0.36434 1.5194 -7.4503 6.9583 
4.4569 -6.8607 5.4474 -3.2087 2.1333 -3.7017 -8.7924 -4.1953 3.733 3.6332 
3.3617 -1.9552 -2.2522 -2.1059 0.0026641 -6.7725 -9.0225 -8.2804 4.7795 9.9738 
-6.4234 -1.2485 -9.1115 -2.2073 6.3763 -8.3261 -2.2416 9.333 -3.0526 -8.477 
1.0099 9.5013 9.737 1.8443 -5.2426 -6.8311 0.62784 4.9249 -3.6187 2.2052 
9.1975 8.5349 0.46047 -8.1338 -2.7698 5.578 6.2965 -7.3444 3.7842 -7.1694 
1.9204 -3.8387 6.8737 -2.1456 -0.7766 -9.3567 9.6597 -4.2245 4.6534 -5.8324 
6.1714 7.2517 7.8371 7.9125 4.8375 7.192 5.3058 2.8541 -8.5463 -6.2483 
9.6906 1.2045 3.7118 0.011481 3.2803 -6.87 -0.93154 1.9423 -8.6016 -0.32669 
7.7185 0.88325 0.35689 8.264 -7.8927 -2.8744 -5.2412 3.5334 -9.9231 5.605 
-5.7233 6.8456 -1.1609 -6.7919 -8.0178 -9.9273 6.7931 6.2883 -2.1269 -2.4778 
-9.3074 5.7594 -2.3972 -4.135 3.2163 7.4023 3.2253 7.1164 -5.1056 5.645 
-0.97752 0.72742 -9.3631 6.7293 3.6207 -9.9032 -6.3106 -6.7518 -2.9221 3.0349 
-9.7241 -9.9634 -5.6824 5.7282 3.3468 5.9658 -0.19893 4.4915 -6.9627 4.9518 
-0.52579 -2.597 -8.2939 8.451 -0.75443 -4.4942 2.575 5.4339 4.5888 6.7808 
9.0239 -1.2776 5.9375 -5.7631 8.9186 -9.2322 -9.0983 7.6593 6.8407 5.8783 
-5.021 2.6641 -1.9639 -2.8765 2.5609 -5.3942 1.3216 7.5098 -0.53819 -0.59595 
-2.2715 -7.0645 -9.0041 3.8444 -9.5226 2.7918 -7.4416 9.1403 -4.1265 -5.6565 
-1.3713 1.3073 -3.6702 8.6235 -9.6532 -5.4809 -9.2744 -5.4048 9.8353 -0.67757 
6.6177 -1.9377 7.4244 -1.3464 -8.9368 -7.7776 -1.276 5.0851 -8.9403 -1.9087 
6.4929 -8.9204 8.6281 2.1974 5.3781 -8.2997 1.8984 6.1633 -6.0131 8.556 
-0.94003 -7.2803 -1.4853 3.7555 1.7895 1.3392 7.3191 -1.0575 1.8753 3.938 
-2.3888 -2.1898 7.3231 5.8966 -1.6885 7.2343 0.40991 1.818 8.9794 -5.4059 
8.5174 -0.84889 -0.38714 7.3311 6.345 -7.4707 9.9762 -0.93041 -7.2811 4.2221 
4.8169 -3.3618 8.1668 -1.0991 6.3982 4.5894 -8.8437 3.9651 3.05 7.9358 
4.7527 7.1467 -4.9893 4.3877 -1.1105 -6.2259 2.9845 5.2197 -6.6901 3.6903 
8.9383 2.1431 0.53288 5.5088 9.6276 -6.5963 4.9984 5.4625 8.7948 -7.4732 
0.20199 -6.0576 -5.1034 -0.62829 1.2887 -6.6837 9.5263 -7.9947 -2.8439 -7.1518 
5.8376 -7.1296 6.7688 2.423 8.7705 6.0021 -8.0777 3.7685 0.54534 5.9101 
-0.95653 5.3476 0.51447 3.7463 -3.9187 -0.74263 -4.0997 5.4665 -3.8314 -9.414 
6.984 3.0545 -3.0039 -6.6813 6.9161 7.3602 6.3592 1.7921 8.5646 4.1149 
-2.1914 -3.1544 -4.8574 -4.5993 0.16739 -3.9536 8.5108 -1.5726 5.5158 -5.306 
4.7675 -8.8678 -6.6234 0.083533 9.6472 -4.6859 4.8241 9.6386 -8.6958 9.3024 
9.5288 -1.5928 1.9847 -5.88 -3.3651 -5.5178 1.3906 4.7559 -1.4288 -7.7266 
0.46598 -0.78272 6.2198 -0.95044 -1.6365 8.8058 -9.2109 -9.6087 8.8706 -1.5806 
-1.4017 0.71005 6.9784 6.0849 7.1653 7.0401 6.0406 -4.929 -7.7556 -2.0663 
-5.8568 6.5685 6.8954 3.4553 -0.3198 1.3871 -0.94303 -2.3818 0.89454 -6.8451 
-3.532 9.9674 -5.2999 -4.7086 9.8374 -9.2953 8.6577 1.5493 -2.9297 2.416 
-7.7826 -2.3519 0.16571 -9.65 2.2257 0.35837 6.1505 -5.1182 -9.6374 6.4604 
-2.4958 -6.1984 3.3871 2.4893 -3.8092 9.6182 8.928 7.6769 -7.0902 2.6426 
-3.4019 9.8478 -8.1852 3.4599 4.3138 3.4773 5.7593 3.0844 0.16782 5.2367 
-3.1579 3.5987 0.85997 -1.9817 -6.7659 7.0109 7.2646 6.1525 4.9572 2.713 
6.3424 8.6979 -4.0402 7.7194 -5.8018 -6.671 9.5049 -2.887 -0.7075 -7.1017 
0.63371 2.7282 -2.3631 -0.35302 -6.7398 -2.4303 -1.615 -6.0259 -9.1228 7.2636 
0.42244 2.9741 0.67773 -0.38834 -3.6031 -8.4172 -9.6556 -1.6354 -8.7613 4.5272 
5.4862 -2.3478 -1.4695 8.181 2.4871 8.7 -5.9436 3.5431 1.5876 -2.7943 
-7.5947 -9.4425 -5.3593 -3.7179 -8.7541 9.5337 8.1464 -6.9573 5.8641 -2.2723 
2.509 1.8613 -9.4316 -4.4322 -5.9018 4.7356 -5.8503 2.9082 2.4674 -3.4434 
-3.067 4.6261 -9.4794 7.2236 3.0187 0.96178 2.2496 0.50738 -9.0073 3.216 
-3.3076 3.0625 -4.514 6.9364 -5.2736 5.4317 7.1765 3.9974 -4.2786 -5.063 
1.4923 -8.7608 3.8896 6.4491 -6.6416 4.3595 -5.6116 6.4938 3.9945 9.8621 
7.2788 -6.9392 -3.4 1.7574 -4.7777 -3.9373 -8.9452 1.5771 -7.1156 -2.2888 
-6.0287 5.1131 5.0098 9.6847 -4.7506 -4.5003 1.3429 -5.2683 4.2317 -4.9131 
3.449 -0.083336 5.913 -4.9882 4.9299 -6.4775 5.4116 -1.475 -0.12141 -4.8084 
8.0366 -2.3126 -8.9252 4.9926 -7.5084 3.4329 5.2328 9.7424 -7.2834 -3.2345 
-6.0169 -4.2336 -9.8155 -3.8314 -0.87114 -6.7661 -3.6841 -7.1889 -7.361 6.6811 
-4.0343 -6.2727 4.5625 -9.5769 1.8037 -4.2509 -3.4579 -1.2409 8.0794 -2.6848 
-0.069595 8.9468 3.2878 -4.5136 6.8482 -1.1563 3.6415 4.256 -0.13684 -5.381 
7.7981 -2.0389 1.7065 9.8289 7.3286 1.8558 -4.9012 -9.4431 -7.6786 1.627 
0.028292 -7.217 8.3808 -2.424 4.3422 -7.9951 6.2029 4.974 4.1059 5.1054 
-4.4601 0.82745 -6.6533 9.8411 6.9393 4.7906 3.2424 -1.3254 2.547 -3.4106 
0.67916 -9.3897 9.4393 -4.7641 -7.2302 -7.4084 2.272 6.3416 4.7869 -5.6665 
1.485 0.969 -5.6079 3.0058 -7.3159 5.5938 1.1236 5.9447 6.3778 -8.4956 
-1.7439 -2.0682 -9.235 4.3395 -4.7313 6.6182 -1.8026 -0.88025 3.8592 -2.6369 
-9.7047 5.2189 -5.4208 4.3448 -4.8571 9.4927 0.19676 -1.6539 7.3607 8.5613 
4.0553 -6.7443 4.1553 4.7282 -7.3111 -4.5275 -7.9751 8.4974 -9.6129 1.8749 
0.13494 -0.638 -2.9476 -7.7948 7.2705 9.8805 8.7576 0.9665 7.4484 6.6897 
-2.3747 1.8729 4.1898 -7.2944 1.6369 9.4793 6.104 -8.1464 1.6344 -9.255 
-8.7014 -8.2933 1.7739 1.7123 8.822 4.6797 -8.9863 4.5636 -2.4392 0.038164 
-2.8284 -0.057185 -7.8249 0.28828 -0.049837 3.4444 -9.1211 -3.1369 -3.8783 3.6281 
-5.315 5.538 2.9365 2.7028 4.2572 4.9802 -1.7172 6.4696 -3.8851 -4.9304 
-5.9299 -7.3236 4.6223 8.2738 -8.7681 2.9246 0.50807 -2.0326 4.4393 6.1213 
6.2756 4.0039 7.2676 -2.8341 -9.0946 9.0937 2.6473 8.0024 8.2711 -2.9758 
-2.1313 6.6146 -9.547 -1.4382 8.6039 -6.9529 -4.489 -0.31531 0.66197 -6.2342 
-8.9285 0.26296 -6.976 5.9297 -9.8745 -6.8439 2.1042 -4.5075 7.8082 7.6803 
-2.499 -9.9037 0.50388 -4.0677 -2.2201 7.9207 6.4917 3.2246 -1.8263 3.0489 
5.4999 -2.8658 -5.4687 1.9388 -0.63751 -5.5003 6.1996 2.3811 7.9668 5.828 
-6.694 9.4604 6.8333 6.6775 -4.3063 7.1689 2.5738 3.2243 -5.3761 -8.4459 
8.2444 -7.1068 -1.3993 -8.2541 7.0614 7.4731 -2.0001 3.3706 2.2244 3.7868 
-3.6159 5.4953 -4.0122 1.7479 -0.87699 -9.2948 -1.08 -5.5191 -3.2058 -7.12 
-3.4044 -2.7804 1.5434 5.8338 -5.9573 -2.5684 -4.4913 -6.4121 -5.9541 1.1308 
-5.9153 -4.3684 -3.105 -8.9285 6.6816 -9.2578 7.6495 2.8274 -5.779 -4.001 
5.3443 0.86819 7.1402 -3.9269 -9.955 -5.276 -4.8551 -9.7629 4.0089 1.3296 
-8.6005 -1.8552 -4.2686 -8.9015 7.0594 -1.3394 -3.4893 8.6158 -4.6308 -6.8274 
9.0007 8.4061 -1.1809 -4.6348 -0.6182 9.7477 -7.52 -1.5128 -4.9128 -9.4384 
-6.8358 -2.862 5.3278 -3.9366 4.6047 -6.4538 -9.6323 -8.1967 -7.209 -6.6763 
-4.2711 -7.7498 -2.3397 -0.42764 1.2609 5.2008 -6.6296 -8.7062 -0.25187 -0.65271 
3.7426 -4.8983 -5.2239 4.6188 -9.4002 0.69257 -5.8062 5.5586 -4.1318 -7.3088 
-7.177 -6.8865 -2.1218 -2.0162 7.4569 2.0872 6.621 -3.7187 8.1422 8.1112 
0.24173 6.2622 -6.0833 0.40012 -1.232 -6.8126 0.51612 0.79215 -0.061234 4.2997 
4.4265 2.5928 -1.186 -7.5065 4.3047 5.1385 -6.654 -4.1425 -2.7392 6.3922 
8.5769 3.1875 2.368 3.2021 -8.6738 7.7919 3.8068 -0.39359 2.4796 5.5687 
4.6421 3.2824 -5.3629 -1.5059 8.8444 6.9174 -5.7847 -0.78017 6.3347 -7.4542 
4.997 0.94554 7.4287 7.152 5.6694 -3.9606 2.2853 -3.7541 5.8733 -7.1279 
-1.8536 -4.281 4.6284 9.1723 9.0127 -3.4424 1.7134 4.3225 -7.8717 -5.505 
-5.2102 -8.0537 -3.601 -5.1104 -2.5333 -6.8988 -9.0412 2.7763 0.7215 2.1914 
0.41701 6.6244 6.2355 5.1418 1.4194 -8.2342 -1.4263 5.2126 -5.0205 -3.2703 
-5.6185 -3.6996 -0.82289 9.4158 -9.6123 -7.7775 7.056 7.6718 -6.9762 -5.2832 
6.8478 1.9757 3.5194 3.7488 -0.29573 6.6375 -1.5592 8.0557 4.4533 -8.2354 
3.2587 -0.62465 -4.2443 1.9638 -6.0199 3.1492 -5.2982 -2.3987 -7.57 6.8186 
6.3247 3.1642 4.6104 -0.53617 -2.709 4.4498 3.0353 9.3748 -9.9111 5.8716 
5.8776 -4.78 4.6844 -7.497 -2.7162 2.7998 -8.587 -3.8736 8.5246 -8.2184 
-0.6179 -4.3094 4.1586 -0.53221 0.74878 -0.75781 -7.0351 5.9061 8.183 -2.8917 
-3.8095 3.8211 -5.8107 3.6946 5.348 -6.021 -9.7204 -0.012741 -3.5917 3.5954 
3.7516 9.4696 -6.5768 -1.6231 7.7876 -8.0835 -1.3245 0.34468 9.8452 9.0989 
9.737 -4.3488 0.67482 -2.9835 -9.5383 -3.5139 7.035 -6.287 -7.81 -9.4807 
5.3987 7.0799 4.1772 -5.9158 1.7463 -4.8703 1.7211 6.6689 9.9414 2.3933 
6.5916 8.0266 -9.9797 -6.093 -9.6738 -5.8973 1.9156 -9.8109 5.5692 5.3148 
4.1217 6.7551 -6.1803 -5.8415 -9.0704 -1.33 3.4481 3.2448 6.7342 -0.66252 
1.9067 5.0456 4.7203 -7.6247 -2.3801 5.6729 7.5378 3.1858 -1.9027 -3.8365 
5.0575 -4.8174 9.9109 2.5768 3.5672 -2.6163 -8.6938 6.0458 -2.4271 4.7227 
-0.065556 8.9428 -6.0574 9.2609 0.36509 -6.229 -5.8287 -0.7727 -9.5106 0.67875 
7.3027 6.9426 -5.3422 9.4795 8.6836 4.331 -0.83506 -0.16235 -9.0727 -6.8668 
-8.6394 6.8475 -3.2962 7.6889 9.1301 6.6497 -6.0404 -1.7592 -7.4372 5.0035 
9.3709 5.5431 -7.2194 4.8177 6.3162 9.687 3.2098 -5.6479 0.18109 -8.7515 
-8.0249 -0.52489 -3.2696 5.1796 -1.7314 6.2248 -2.1995 7.0393 3.1663 -7.7422 
0.93954 7.0233 1.3229 6.8169 -8.4139 1.0062 1.2621 5.3545 4.8335 -4.5786 
-1.9406 8.5837 -0.78013 -4.6686 -9.9466 -9.8283 0.7756 5.2222 -2.4419 7.4213 
-7.8592 -9.5151 7.8309 -3.5357 0.84081 -7.7501 2.3556 -5.0569 9.7904 7.8569 
4.4833 4.5817 -7.652 9.2789 2.2299 -9.1823 -6.443 1.845 -8.7782 -3.3633 
2.2736 -0.67361 -7.8764 -3.3864 7.241 -8.6308 -3.4421 -0.47833 2.0455 -8.9481 
5.6594 1.8239 -2.1622 6.8813 -2.8775 -6.6454 -9.5176 1.3408 6.1988 3.602 
1.3324 9.69 3.9349 6.9009 6.944 3.3179 8.8887 -1.7015 -7.4254 3.8084 
6.2264 6.9401 7.7705 -1.1167 -0.95961 6.7934 3.5394 -3.5456 -8.7937 7.7676 
1.5355 9.5339 -9.0759 8.6171 5.1234 4.2307 -3.894 -3.8755 -1.0655 -1.7219 
8.8806 -3.1029 -4.1564 -6.798 6.6162 2.0234 -4.0448 1.8561 -3.0892 0.2452 
7.429 -4.4527 9.075 -9.8065 -0.28905 8.9729 -8.5676 -1.1813 -9.9987 7.0435 
0.15204 -3.6719 5.2194 6.7409 1.2905 5.037 5.0554 1.9947 5.4409 -0.73171 
5.7765 -3.2702 -8.8846 -3.1304 -5.1089 -4.2375 0.63198 -1.5031 -4.7269 -3.2431 
-0.53939 0.962 -9.4315 -7.4821 8.4908 -0.13334 -3.8292 2.4814 -9.844 0.98048 
6.576 -4.2959 8.5414 1.1831 -0.65143 -3.759 -1.8632 -6.317 -3.7449 1.66 
-3.5504 8.3172 -2.5882 -5.7417 2.9012 -7.3024 -0.92412 -3.1639 4.7995 0.46299 
9.5229 3.4137 -9.6833 3.0722 8.6015 9.0889 8.0752 3.5548 -6.9693 -7.36 
-4.4358 5.7098 0.072725 -1.691 -3.0421 5.2074 -4.6269 7.9375 0.44144 -9.8482 
-8.5434 -6.3399 8.9831 -1.6553 -2.8753 -8.7353 -3.6089 -0.066373 -7.1719 -2.5862 
5.0245 -7.1823 8.6488 4.228 5.1642 -1.1061 2.9669 -6.3935 -1.5855 -1.7675 
6.6238 -8.8851 -8.9259 8.384 -7.3412 5.8769 5.7904 -7.4428 -5.8614 9.645 
8.4468 2.3675 8.291 2.841 1.1476 8.2371 7.7137 3.0366 0.43122 -9.9281 
-3.4595 1.7988 0.07507 -3.3944 -2.5621 7.0495 -9.2783 7.9171 -1.7625 -2.6813 
6.0814 -2.4993 -6.1692 4.3858 -1.0189 -7.0288 4.0468 7.1268 -3.4412 -6.9189 
0.76501 -9.5476 2.3767 -5.6701 -0.66783 4.5099 4.328 -2.8649 8.1435 -9.1313 
-0.7341 -6.815 7.5065 -3.6398 -6.4033 -5.8469 -7.8523 6.9238 -2.8082 -8.2614 
6.415 0.13546 -1.6024 -6.709 -2.9499 9.5138 -5.3069 7.8752 9.9008 -4.3287 
9.0381 5.7434 8.6086 -6.1519 6.6482 7.9048 1.1356 -8.3771 6.9926 -7.4149 
-8.4745 5.2408 0.60718 7.1208 -9.7379 -9.3153 -2.7865 4.3682 1.9563 -2.7938 
4.1734 8.6865 6.8879 -6.5225 3.011 5.7021 0.13496 -4.4051 -2.7506 8.1785 
-5.3015 5.9036 5.2101 -5.7214 9.6493 2.613 -7.8874 9.083 3.7873 2.6985 
-2.0221 -0.91477 2.979 5.0615 -4.6247 1.1696 -3.0823 -0.67067 -6.803 -5.6338 
-4.6375 -3.112 8.5858 7.0066 3.3756 7.8406 2.067 8.8574 -4.5915 5.0837 
6.6503 -7.3428 3.9716 -3.5505 -8.0032 0.68918 3.444 -1.4644 -3.2919 -5.2929 
9.9075 1.2247 -5.4338 -1.1898 5.4842 3.7219 -1.0077 5.398 -0.089737 -2.9051 
2.995 -5.8477 4.0681 5.9304 -9.856 9.0727 1.0706 4.5359 9.2432 -5.0664 
4.0791 -7.6399 -5.2394 8.6679 2.2528 4.6318 -0.32432 1.3329 0.85605 -2.2316 
8.6461 5.3531 0.80672 -1.2107 -4.479 -3.2521 -9.6061 3.7168 3.9747 7.7189 
3.7531 -0.85489 -2.4548 -6.8105 -1.8367 -3.7893 -4.7817 -3.1282 -2.9861 8.8277 
1.3671 4.5169 2.6576 5.9891 9.679 -5.8812 -3.7669 3.3053 -5.2565 -7.261 
-2.383 -7.8655 9.752 -5.3987 7.2797 1.5601 8.4346 -3.5668 3.9366 -8.9614 
2.6916 -1.2172 5.5386 -9.4005 8.6998 6.167 -4.492 -8.0565 8.5845 -9.1566 
-2.7354 1.1478 4.3376 4.792 -3.9491 2.5872 5.0362 -8.7595 2.3421 -5.5114 
-1.8476 7.1117 6.8524 -3.4541 -2.021 -1.4471 3.2655 -0.9572 -0.91608 9.1365 
-2.626 8.2386 -4.7617 -8.1588 1.2333 -2.8221 -0.453 2.7332 -9.3506 -1.2827 
-0.63202 -2.9734 -0.77433 -5.3558 -7.5812 8.3318 -3.2331 -9.3722 5.6323 5.0328 
0.068277 -2.5528 -2.7416 -8.8443 -4.8433 -6.9308 -9.3471 -2.7981 -8.835 0.52943 
8.2107 -7.9553 2.3399 5.9888 7.0946 -3.5117 1.7467 -6.4974 -4.8799 -4.0775 
-5.8714 3.1519 -3.811 -1.0399 -6.4327 -5.9657 -8.9051 -5.7094 9.4172 -0.90695 
-3.2279 -5.6238 2.6531 -8.6676 8.9221 6.8823 -5.3602 6.5856 2.5726 8.0793 
1.4825 7.3286 5.5811 9.5057 7.5789 -0.69405 -0.21073 -0.62475 5.6673 -1.0557 
-0.26135 -2.1319 7.7608 -3.8992 4.0298 9.192 6.0727 0.46456 2.8958 -8.0587 
-4.7556 -0.9223 3.5768 -5.8313 -1.5335 -9.7346 -7.5795 8.7337 5.0688 9.5563 
1.5919 -6.3649 -5.7121 2.3124 2.4452 -7.4099 2.5919 3.8755 -3.978 7.4048 
7.5666 -8.6512 -6.0652 5.8748 8.931 8.2769 1.0641 1.6404 1.1452 -0.24691 
-8.781 5.6911 -1.7878 3.4439 -1.1121 -6.1482 7.6526 9.7752 -4.9701 -3.511 
-1.1825 6.0373 5.3396 -5.6959 9.8358 -1.241 9.8062 5.9397 -8.7955 9.0437 
-8.3148 -0.73162 5.734 3.5606 6.7624 -3.4459 -9.3093 6.9547 1.845 -0.56896 
1.2648 7.0485 1.9919 -7.9162 -0.23664 5.1448 -1.5985 1.8857 4.3793 9.3888 
0.78621 2.513 -6.7988 3.8847 8.3242 -6.1413 -2.4455 3.5726 -8.9702 4.8496 
5.3612 -6.3902 -6.2478 6.2169 -6.0114 4.3746 -2.4028 6.5885 -0.69358 -7.4745 
-5.3382 -9.3986 7.1827 9.3147 -0.26162 -5.6396 1.6028 -7.8692 6.0972 -7.7809 
1.7472 -7.4044 0.30605 6.583 2.0244 2.6132 1.6012 -5.5743 3.4785 3.2968 
-0.82052 -3.6879 -0.62029 7.6227 1.1493 1.0243 9.7379 -5.9964 -6.9176 -8.588 
7.2196 4.6307 -9.8945 1.408 7.459 -7.841 5.2257 6.8514 2.6333 0.21017 
3.2167 5.4596 5.152 8.3856 4.8442 2.9583 -4.2824 5.5078 6.3467 -3.9458 
-2.9224 -7.0286 0.2737 -8.0521 -3.4971 8.6071 -5.0508 8.0972 -6.8142 6.5146 
-3.0563 5.916 -1.1619 -8.1592 -9.1293 0.22531 9.4703 -7.9013 9.7267 9.874 
-4.9256 -6.6931 9.4891 4.0431 -2.9119 -0.81665 -9.4543 7.6299 2.7385 2.6245 
9.0506 4.3421 -2.9935 -7.4456 5.1964 -6.6972 -1.0535 3.2858 3.4812 -8.2646 
-4.036 -8.4289 -6.046 2.6723 9.3356 3.7585 3.7308 1.7472 6.6519 -6.5222 
-6.8319 -2.1227 -0.42814 9.5631 5.4235 -2.3384 -1.0973 3.0162 -3.0777 -2.8539 
-2.7741 6.3166 7.7779 -3.6587 -4.2854 1.4091 3.8283 7.1236 -7.3239 3.8287 
4.8326 0.59951 1.1965 1.4062 -2.7484 -5.5605 -7.0302 -8.664 -2.5223 0.78062 
4.118 8.9471 -5.0176 -3.9425 4.7092 0.62485 -3.7578 1.0327 -3.3862 5.0233 
4.0178 -3.6664 -4.7007 -3.2646 -5.4985 -6.3247 -7.4843 8.8687 0.94074 -5.4115 
-9.8755 1.5633 1.2676 2.6106 8.1253 -3.1088 3.1691 3.9164 3.0143 4.0475 
-2.5131 -6.1954 5.8631 7.3005 -9.6664 9.6653 7.1088 -8.7417 -6.1453 7.9542 
8.0299 -2.1548 -9.5764 -5.5568 5.6141 -1.7778 1.3578 -3.5007 -4.9232 -2.2266 
-3.6331 9.9751 4.7383 -2.3894 2.5605 3.6584 6.3066 6.9266 3.0328 -8.7196 
1.9417 -3.1262 -1.9772 -5.6741 -0.47933 -7.5706 -3.576 -0.99458 1.064 -4.0223 
-4.0441 8.1714 4.2013 -1.1541 -9.9805 0.11173 0.88748 -8.2104 -3.1415 0.92049 
-7.4997 3.9533 2.822 -0.11812 -8.5297 5.0944 9.0467 1.8003 -1.5272 -1.9315 
-2.2329 -9.4046 2.9559 5.2731 -0.82873 -4.5124 9.0162 -0.7101 -6.7942 5.6248 
6.3538 -0.37446 9.1745 -6.9312 1.844 -6.2657 -9.075 -0.40539 -3.0742 3.3467 
9.6235 3.5381 0.31337 7.7659 -1.6549 8.8765 4.5571 0.13379 -4.2812 -9.6766 
7.2398 -1.9503 -9.7431 9.2398 4.0478 6.3661 -4.7903 -6.0251 -4.636 2.538 
-8.3236 -6.9182 6.5719 8.943 3.8921 -3.2486 8.8258 -0.73622 -5.9416 -8.8276 
-3.2458 1.2234 2.5307 -2.1013 2.3499 7.4857 2.4896 2.8576 3.5466 0.60393 
-5.2774 8.9865 2.1677 5.6141 -1.8194 4.7564 -1.7901 6.689 -2.968 4.4591 
-3.6439 9.1859 4.1199 6.7769 -2.7814 -7.1789 -3.7614 0.29307 8.3213 -0.85455 
9.689 9.7988 0.7012 5.2491 -9.7409 -5.6628 -0.80626 1.825 5.1048 -4.0051 
0.96502 6.7203 -8.7772 -2.2157 9.3038 -4.6142 4.6422 1.8938 -3.9139 -4.9932 
4.985 3.0816 1.1124 -3.101 -7.1925 9.7673 6.8586 5.1817 -0.24616 -7.5224 
6.837 7.3835 -8.662 9.5457 -5.6026 8.7888 -6.8965 4.691 -6.7835 -3.8048 
-6.6622 7.2754 5.0398 6.0724 -3.7245 0.37412 2.5189 2.1524 -5.252 -7.2833 
8.062 5.2385 -9.2922 -8.5915 7.8 7.5661 2.0971 1.0477 7.5707 3.166 
-7.8975 -6.6946 9.1724 3.2995 -7.7347 -5.6695 7.9792 -4.5935 -1.9861 0.28412 
4.9019 -8.4105 -2.5237 5.891 -6.7982 8.444 5.6161 -3.2463 -9.1091 9.4308 
4.5874 0.17789 9.9358 4.9007 -8.9503 8.0195 -9.8665 6.1524 6.0311 -9.3992 
4.3494 -8.1392 5.1746 0.011472 6.1315 -7.5602 6.1695 -4.3419 6.8412 -2.155 
-7.3314 -1.2428 -8.3329 5.2009 6.4039 3.068 -8.2599 2.9398 -0.068659 -2.5873 
-1.0842 -3.7606 0.2548 1.3054 -3.0408 0.024828 9.159 -0.0282 -0.0049956 2.2316 
0.17574 -2.417 7.3387 5.4787 9.9421 8.061 -9.7803 -8.7189 -8.4917 -8.4259 
0.60981 9.9118 3.1867 2.511 -4.4361 5.966 -5.4545 0.95953 -2.7299 -2.6601 
7.1943 7.3898 -8.6229 6.0859 -0.31589 -6.8893 0.84753 6.0432 -7.3105 -6.0478 
3.5545 8.9581 8.5028 0.91062 5.6646 -8.5326 2.9458 9.33 3.6637 2.0548 
6.1168 -4.9139 -9.2129 -5.0159 -6.7856 -7.0122 -6.1561 -4.5196 -9.0667 5.277 
0.62486 -9.0302 9.8144 7.9028 7.4238 3.9579 2.538 -7.7213 -6.9511 6.3929 
9.1179 6.6368 3.9927 7.1017 5.2986 4.951 0.75473 2.0381 5.0323 6.5411 
-8.6665 3.7745 7.2397 1.7762 -0.11917 -2.3984 8.9778 0.17414 6.5812 -2.1371 
0.83036 1.9204 -6.6328 -8.9478 2.0071 0.8936 -5.604 9.0448 8.8279 -1.6023 
-4.3668 -5.7052 3.8101 -0.073133 -8.7341 -3.7934 -2.6592 8.954 -7.9323 3.4276 
-0.38199 0.70339 6.9696 5.1018 -5.6853 -2.1091 -2.1792 -9.0599 3.4251 -2.9504 
3.6973 -8.8849 -5.4097 7.9488 -6.6456 8.9556 -6.7083 -2.2303 1.3092 -6.13 
-5.8348 -1.379 -7.5021 -8.3046 -9.0356 2.3208 -0.65438 8.6715 -7.8208 -1.8117 
2.1632 -6.1852 -8.9764 0.15079 0.82391 6.361 -1.45 9.9824 0.42403 7.5988 
-3.4765 -3.4445 2.7903 -9.6614 8.9826 1.1813 0.59318 5.8833 -2.9624 -0.66156 
7.6169 8.7531 -8.4358 -6.0293 -4.1721 -4.3086 0.40926 -2.6802 -4.4641 4.6045 
-7.3321 6.9473 5.4141 -2.515 -0.4307 6.2132 -3.1006 1.8397 -1.3667 4.3541 
-7.9518 -4.8603 1.1426 4.5305 -4.9647 -6.9222 -2.8148 -1.9635 -4.8512 7.5498 
9.1823 -2.4559 -8.1187 2.7972 -3.5964 7.5165 3.2516 0.086637 -9.6875 -7.2764 
-6.942 4.6703 4.5692 9.6174 2.266 -4.5475 9.3411 -4.0603 4.5757 -0.65239 
-6.9492 5.6445 -1.5978 -2.2308 4.7282 9.6048 -1.7344 -6.5989 3.082 -5.3126 
-6.8889 -9.7673 3.4169 -7.5381 9.8275 2.627 7.5547 -1.237 9.9886 0.25413 
-8.2086 -5.5659 6.1335 7.4201 -9.6034 -5.9156 -4.9579 -3.0972 -4.5113 -0.17773 
-0.91151 -8.6586 7.7957 5.8441 8.138 0.67784 9.6655 5.0912 -3.3141 8.6959 
3.3779 4.1131 3.3643 7.0688 4.6837 5.877 3.0421 1.0449 0.31107 -9.3977 
6.626 7.5187 6.5791 6.5476 -6.623 2.9671 -5.6836 6.8314 -7.9645 -1.2653 
5.8047 -4.4504 9.3602 9.6764 8.8494 5.0481 -5.6777 -8.0837 8.231 4.3412 
4.2542 3.8561 4.9914 -3.5131 -5.2369 -9.0428 -7.6335 -8.7195 -4.557 9.7619 
-0.54805 -7.2197 1.623 -5.0703 8.7198 -5.3735 -6.7131 4.7153 -7.5616 -4.8402 
4.1718 -2.5046 9.0495 -6.2128 -3.1916 -9.2267 -2.6486 -3.4556 0.4963 -0.61657 
9.1612 6.7176 -5.7034 -9.5713 -5.0635 -7.9396 -9.9356 3.245 4.4877 0.68001 
0.11551 3.915 -5.8802 -4.6775 2.3713 -2.2282 6.3545 -5.4102 0.51209 -0.12365 
-3.8989 3.898 9.7074 -4.6807 8.4993 -9.481 -0.8391 -3.9058 4.3559 5.5586 
5.7962 7.0672 0.32894 8.3253 2.7375 -4.2599 -6.1212 -6.8072 8.3031 8.9317 
-5.2723 -4.1082 -5.2362 -0.31893 9.5836 7.9639 5.903 -1.1936 -6.3492 6.5507 
-5.3139 3.0194 -2.2755 9.9714 6.0429 2.002 -3.2243 3.4414 -1.9135 -8.5214 
-0.70601 -4.0274 -5.7434 -9.4468 -0.34917 -8.8672 -8.0611 -9.8506 5.127 -0.047944 
2.3877 8.8935 -4.0321 7.7738 1.7321 3.9805 8.0351 7.5624 -7.8779 9.9548 
2.3066 5.6158 3.761 -0.58208 6.1944 -7.2398 5.7077 -8.0978 3.4283 -7.8702 
-7.5475 6.5004 2.4525 -6.8935 -2.3036 2.776 9.8962 -2.05 -0.48234 -2.6692 
-7.5241 4.7237 -7.929 3.0162 3.179 3.9828 8.686 3.685 0.027641 -3.5593 
-4.3108 5.8735 -4.279 -2.9801 2.2006 5.935 1.0823 -6.9332 -8.2507 -6.0992 
4.7147 -1.8968 2.0271 -7.9774 0.94001 2.9391 -4.8361 5.5733 -2.2076 -2.8847 
-1.7738 -7.3878 7.3698 -2.8792 -5.9491 8.9444 0.056618 -7.5392 0.095983 -7.7349 
6.5796 -6.8089 6.3137 3.2592 0.61161 7.5671 -0.70846 -4.2027 4.359 -1.435 
8.7023 6.3329 -2.5016 -7.0247 1.5984 4.7815 -6.7919 3.0388 -9.6652 2.5101 
-2.0187 -9.3889 -0.34055 4.6036 -5.335 -2.0032 7.9059 8.8292 5.0741 3.5388 
-8.9558 0.87983 5.5565 -0.070354 9.9728 -2.4318 -5.206 3.2214 -8.2663 7.3582 
1.4237 6.4699 -5.6202 -0.60533 -3.7023 -3.6122 3.6949 3.2616 -7.7821 5.8814 
4.9534 8.9679 -6.8965 1.4279 -5.9469 -5.8704 1.2069 4.0697 -1.6245 -5.1135 
-3.5951 -0.79463 -5.0619 2.8264 -4.7605 5.1158 7.5556 2.4604 2.4782 2.5564 
-0.14131 -8.61 9.5431 -4.67 6.3257 9.0469 -3.2403 -6.9149 -6.4451 -9.4241 
-5.5669 0.44799 0.81518 -0.0927 7.5446 -1.5627 -8.2937 4.7384 6.79 -0.38123 
8.7855 -6.0829 3.2929 7.2257 2.791 7.5598 4.6489 4.2009 7.5975 -0.14074 
-0.35389 -4.0258 3.4615 3.8617 8.223 -7.5097 -9.9011 5.2454 -3.3781 -5.0455 
0.79992 9.5143 2.2726 0.33435 1.2963 4.8189 -3.2104 3.7676 -8.4602 -7.444 
-5.5789 -6.6937 -8.6673 5.1847 1.429 -4.3779 -1.2025 -0.29951 -0.067611 9.6321 
-8.0811 5.547 -0.78174 -8.0322 4.7336 -2.5569 -6.5172 -1.1058 -2.399 -0.29929 
-8.7967 -3.1724 -2.9799 -0.6825 -7.7151 9.6885 -1.018 4.966 -1.5614 -7.5145 
6.3902 -0.51794 2.1044 4.8572 -3.0034 4.4737 5.9195 5.954 4.5833 -1.7457 
5.4296 -7.9953 2.2432 7.9732 -0.269 9.724 -8.2424 9.705 0.088957 9.796 
-6.0861 -8.7964 -3.9156 -7.9813 -7.7268 2.2781 -1.7158 -1.6917 7.9648 9.4306 
7.9024 7.2344 6.7817 -3.943 4.7026 -5.4078 1.6004 0.30058 -7.2731 7.7405 
3.686 -8.5826 -6.5427 -7.4915 0.88783 -5.3536 8.1468 3.28 -8.5395 -8.2705 
3.1369 7.6559 -9.8896 -0.0061346 -7.4126 -2.7938 -9.7947 7.1467 0.31892 -5.8243 
9.8076 -2.1232 -5.6602 5.2324 -8.8215 -8.237 5.3775 -9.2451 4.4558 8.6189 
-9.3262 -1.199 0.69786 3.3312 -7.9035 -6.6066 2.6565 -7.73 -7.1504 6.1435 
-1.5149 -2.9854 -3.1506 2.4272 -8.6234 5.4811 5.1368 3.9419 -2.8977 -3.098 
-0.20033 -9.353 -6.6851 -6.2087 -2.7952 -0.91494 4.3786 5.0585 -1.425 -5.661 
1.6701 4.5113 2.2367 -1.5264 -1.1314 -1.2806 3.5833 -5.8019 0.27539 7.7632 
-8.3346 -2.9302 -4.3025 9.0939 -3.3838 -9.6616 -0.096598 -1.5603 9.9679 2.6261 
3.2031 2.8212 -3.9536 -7.2986 -7.0123 -2.0492 4.9431 -1.8844 5.0395 -4.9042 
-8.9539 5.4318 0.014366 1.1923 7.4862 3.9125 5.5233 -6.3723 -6.1688 3.0145 
1.1366 3.5416 0.5738 -9.0468 1.4893 5.6839 -5.6498 -1.409 -7.1715 -7.2928 
4.2405 -0.28255 -9.7168 -6.0892 9.8971 3.7329 2.1494 2.3487 2.8753 -8.0168 
-0.24179 6.2426 -7.6381 0.17188 -4.6648 7.9126 5.5546 8.8128 -7.1923 7.6365 
2.352 -8.4801 -7.217 -1.5205 -5.4084 -1.8787 -0.27294 3.4419 -3.1189 0.40267 
-5.7244 -9.4333 5.2417 8.5823 0.11135 -0.26046 8.8772 -6.7219 -1.1772 -2.7146 
2.9132 -1.3299 -5.8606 2.147 -1.0816 8.266 1.4817 -5.4864 7.295 -6.4162 
-2.3872 -7.1304 0.070276 -2.3876 1.7081 1.4319 -9.3572 3.3146 -3.8934 -9.1596 
-7.9257 6.1607 -5.3249 -8.8248 6.7688 4.3718 4.303 7.5072 8.2998 -8.2952 
-2.4498 -9.9649 3.2426 0.86427 -2.0487 2.8544 3.8235 7.4381 9.2344 -4.6002 
-4.7428 -8.0756 2.8362 0.52731 6.0073 1.817 7.6532 8.2621 -7.2837 -8.8027 
-5.1743 -1.5665 6.9934 7.931 -4.2773 4.8476 -6.1724 3.2239 -3.3127 7.3754 
2.4585 -5.2977 7.478 4.7 -7.1831 5.6242 8.1049 -6.6378 8.7326 -1.8588 
0.45856 9.126 8.9366 1.944 4.7205 -5.6682 -8.6464 1.1304 1.287 0.70382 
-1.7352 -2.5703 6.1713 7.1113 -8.7836 9.2221 -8.5044 6.2993 1.847 8.9971 
-5.6442 -0.1736 -8.4658 -7.9737 3.9956 -5.5094 -1.654 8.8335 -8.1457 4.0486 
7.1711 -4.6498 -3.9998 1.1241 2.0017 1.514 3.9602 -9.5222 7.5773 -7.6599 
7.2202 1.5256 -7.8954 -3.9469 -9.3281 1.0291 -8.2893 5.8129 4.7052 -6.2605 
-4.3212 0.40091 4.0581 8.7381 8.6388 3.03 -7.7465 2.8892 5.0206 5.2387 
2.3079 9.5774 -0.94597 -1.607 9.4991 4.7113 6.9232 -2.1464 -3.841 9.5029 
5.5898 3.2148 -3.0079 -9.4917 0.21329 -2.8454 -2.3213 -9.2066 -6.3362 5.1469 
9.0969 6.9248 6.107 -5.2861 -7.1304 -0.64685 -4.5717 -1.5734 2.5074 -5.2875 
8.3921 -8.2571 -8.8545 4.9817 -6.739 9.7634 -0.3016 -2.8785 7.0221 -9.4658 
-2.3037 -1.5425 -6.2345 7.8998 -7.7112 -1.4753 5.1877 9.7263 4.8836 2.7493 
-6.7471 -9.1719 -4.4091 4.6151 -0.94741 4.1294 -2.6134 -4.067 3.3087 3.8449 
5.935 2.0426 5.061 -4.2494 0.70583 -5.408 1.1087 -3.6029 -1.4587 -2.934 
-7.7237 4.6289 -1.8662 5.8655 6.4013 -8.4038 -7.9126 0.96999 -4.8946 0.7186 
-6.8235 3.6526 -3.6322 -5.4427 6.8693 -9.5694 9.6377 -3.7229 -0.93921 7.1193 
-2.8834 -8.7794 -1.2285 0.9333 -3.9486 9.9044 5.0342 4.454 -3.5521 -5.3203 
6.9552 3.5301 -2.9928 -3.4087 7.3524 -0.87596 -8.7121 -4.1869 5.3607 0.0018862 
1.6556 -3.8585 -0.7839 3.4425 0.125 3.0689 9.7382 -8.28 2.964 5.972 
1.7236 -3.0341 -1.7559 3.9914 1.4628 5.6537 -1.5239 6.3469 2.6233 2.5038 
8.5168 4.53 8.9424 1.4838 -7.3227 -0.27356 -9.4191 4.6076 4.6459 2.9837 
1.5016 -7.8582 8.9578 3.982 8.5498 6.7221 -8.0666 -3.9326 -8.8837 5.6344 
-9.8005 -4.95 -0.79128 8.0453 -9.8587 -3.1286 -3.4054 8.7267 4.3191 -0.78592 
6.1875 -1.2214 -2.5963 -0.20382 -5.9959 -0.1496 3.4176 2.2003 3.5009 -7.8968 
2.1762 1.7436 -3.2654 -4.71 -6.5237 -5.3279 7.907 3.2442 0.61258 -6.2882 
-0.40173 -3.8599 -0.23127 3.7754 9.4735 -3.376 7.6451 6.3444 7.0654 -7.6542 
-4.6312 -1.2906 7.0306 6.7671 2.2954 -2.6933 7.4723 -7.8972 -5.9324 -6.6186 
-4.8381 -3.7933 -8.6371 9.4761 -0.2942 0.55754 2.2412 -7.1438 9.4146 -7.0464 
-0.37981 8.3194 0.52472 7.4801 0.93473 9.0392 -0.47833 -8.2965 -6.8911 -3.1356 
-5.4532 3.1684 -3.4239 -2.2286 3.9597 -6.3866 -9.2669 4.134 -5.9518 9.3185 
-9.028 -6.4619 -3.1579 -8.6276 -7.4392 -6.8309 -7.1987 6.9095 2.5714 -5.519 
-6.6152 2.9021 4.6203 1.7733 -2.8192 0.59048 6.8857 -3.8807 -7.8334 -4.0846 
-4.8311 -9.2941 6.6632 3.3197 -4.3084 9.0998 -9.5777 -3.7559 -3.2239 -4.0598 
-6.0418 5.6521 4.1552 -4.6242 7.7286 -5.4403 -5.8265 -5.3489 5.0795 2.0712 
2.1139 -9.9639 -6.837 2.6652 -6.7701 6.2298 3.0949 -0.72029 -9.4423 -1.2543 
6.4741 -2.3097 9.5364 5.5088 -1.7801 -0.97143 -6.7598 -2.376 0.21706 6.3215 
6.2123 3.4493 1.196 2.9182 4.0274 4.2758 6.2689 -6.0196 0.86228 5.2031 
6.0447 -9.2102 -0.55696 2.9299 -2.1794 0.096445 5.697 4.3512 -4.6833 -6.5316 
4.1623 -1.3048 -2.0941 -4.2052 6.6579 3.1918 -2.4173 5.8821 -7.5957 -1.8729 
7.1876 -6.5124 -8.3129 5.7695 7.1698 8.1715 -8.4585 0.59008 9.3531 1.2288 
5.6217 1.6642 -4.4725 -4.1857 3.9538 -0.60425 4.3619 -9.5377 8.9583 -2.5152 
-5.9241 -6.1793 -2.6605 9.2075 -3.7212 5.5132 -1.2166 -5.0332 9.5519 4.9133 
9.8669 -2.3272 5.9434 -1.5794 6.9937 -6.1836 8.8118 6.0669 2.7211 -4.9136 
-8.1275 7.6436 -9.7635 -1.0615 7.4391 -3.9995 0.91322 5.4702 -4.0685 5.2224 
3.0124 -9.9632 -5.4062 -2.8946 -5.0018 -4.5933 3.7147 7.9008 2.1748 5.5773 
-5.6965 3.6041 3.7415 -4.4747 8.7967 -0.46853 -6.1251 -3.7564 2.4314 -9.7316 
-5.1225 -4.3497 -9.2664 9.0499 -9.6081 9.7969 3.6819 -8.8627 -7.4268 -9.6918 
-3.2062 6.4282 5.727 -3.6934 -7.2486 -8.7821 9.758 -2.4113 -4.761 4.8242 
-6.0428 -4.1178 3.2196 -4.8384 -6.7038 -7.915 -8.4711 3.2822 2.1071 -9.4192 
0.13667 -2.198 5.102 -9.0376 -9.9586 -3.6177 0.28605 -5.2008 -9.8377 -2.4011 
9.0152 9.0216 0.35306 -4.0985 0.018016 5.1617 -8.6996 8.7751 0.98527 -8.4632 
-2.1079 6.7051 9.8067 -7.7228 7.483 3.0606 3.5521 -1.2948 -3.9629 -8.655 
1.6893 7.8043 -6.4413 4.9004 -4.2966 -1.8429 -3.0231 1.4196 9.4605 -3.1024 
2.1307 8.6518 -1.2595 -4.7266 -4.5413 -7.4373 2.7159 -0.5913 -7.8875 0.57177 
4.2929 -7.4128 2.6117 6.8259 -0.46915 7.2773 -2.6775 7.4969 -5.9735 -6.0199 
-1.9693 -3.0343 3.4723 5.1959 -8.0555 -8.1641 -7.9896 7.0714 -1.7415 9.1885 
7.1738 4.2722 8.35 -4.894 3.6512 4.504 -5.6695 -4.4082 -4.0467 -0.39782 
8.4097 2.503 8.152 3.843 7.6594 -8.439 9.4543 -1.1921 9.5385 -1.8264 
5.0168 6.6724 -8.7236 -8.0857 8.4159 -4.5058 2.741 -2.9919 0.83472 2.0551 
-4.2882 -5.5899 2.7446 4.3311 9.2677 9.3885 -4.4795 -8.2582 -6.9813 4.3006 
5.9363 -3.6136 -0.37818 2.8738 7.2776 7.0944 -4.7663 7.9203 3.5976 -5.4299 
-7.1447 -5.6123 -4.2498 7.6943 7.947 8.3405 0.12629 0.90413 8.4824 6.4543 
0.091004 -9.4393 4.4308 -2.6606 -0.20986 9.7825 1.3708 9.4349 -9.1523 -0.98665 
2.2138 3.6042 0.097751 -6.7071 -5.3796 3.0448 4.4731 4.5519 -9.0479 -8.432 
4.0759 -4.277 3.5459 -6.4122 -2.5119 -4.3648 -5.0246 -8.0593 -5.4096 1.699 
-2.3332 -9.3842 6.0477 -1.2051 -6.3039 -0.97919 9.2304 5.1681 5.3426 9.6062 
4.5737 -4.311 3.6666 -3.2718 -3.331 -8.507 -6.412 8.0098 -6.5302 -9.4561 
7.7457 -7.7361 -7.6901 -3.5195 0.45177 0.98079 3.6878 0.83647 -4.4252 6.3534 
-8.883 -8.5675 9.1528 -8.0521 5.7799 -5.8508 4.9911 -7.0177 6.4809 1.513 
-7.2357 1.6203 -3.2889 0.29251 2.0633 0.57005 -6.5985 6.9169 -5.6791 -7.6747 
7.2613 -9.7808 -3.6342 -9.1019 -8.6888 7.1393 8.2218 8.1692 -1.6697 -6.0956 
-1.5651 6.87 3.367 0.29325 3.5488 -0.75557 -5.0705 2.6153 7.093 8.7381 
-1.7737 -8.6788 -7.0643 -9.2409 -8.944 -6.1945 1.1662 -2.8592 3.2751 -1.4917 
9.1828 -0.31806 -4.4399 -2.3825 -4.8643 -8.1979 -8.0367 -8.757 8.1787 1.7925 
5.0049 -6.7519 3.1883 1.6824 9.7831 -1.7566 -7.3313 -0.62198 2.8481 8.7317 
9.6199 -1.5608 0.84454 8.7156 6.1561 -5.5146 3.2391 -1.1528 -8.3073 0.033952 
-5.3297 7.2612 -4.3181 -9.6611 -5.0146 8.2306 9.6866 -7.9129 0.54713 2.683 
-8.0755 3.1282 9.5239 -3.745 -1.8431 -8.8901 -8.0797 -4.002 7.0134 -3.4932 
-2.3084 9.2495 1.4916 3.1791 -6.4236 0.073486 4.775 0.46885 4.7831 -2.0555 
0.005451 -2.0848 4.5439 -3.3765 4.1873 4.9536 -1.2422 -5.2376 1.2666 0.51417 
1.4051 -1.7614 7.5862 -3.2018 7.3178 -2.5523 7.6947 -8.6775 2.7834 -1.2753 
9.5326 5.5853 3.2417 5.7146 -3.0714 1.3841 -2.9222 9.2364 -3.0828 -6.802 
-0.1429 8.041 0.43602 -5.4409 -4.0815 -3.7398 -0.061669 3.8415 -3.1768 4.8991 
-1.9823 3.3862 -4.9047 -8.7434 -5.581 -4.1407 -4.1505 3.3522 -8.1113 2.1764 
9.8998 -6.5725 3.4736 8.7321 8.2974 -8.6374 9.384 -9.6322 -6.3792 -7.8606 
-4.78 -3.6044 7.182 -8.8277 -2.8317 -3.0772 5.6678 1.8285 4.1132 -2.7027 
3.3065 -4.5759 -0.54938 -8.806 -0.17882 9.7442 -0.23812 -2.0461 8.3285 -6.2108 
9.2851 -5.3841 8.2505 0.44002 -5.4909 -7.2468 -5.2165 7.5297 -9.1748 0.058306 
3.423 4.0498 -8.7501 9.5181 3.9395 2.7496 1.8259 -0.53963 5.0924 8.8427 
-4.0165 -3.8106 -0.2488 -9.0515 6.1896 -0.19227 9.7005 -2.7491 -0.19893 -8.9107 
0.62253 9.4774 8.3014 -0.94781 1.1259 1.5891 1.9293 4.7816 -8.1365 -7.4788 
-9.9707 7.2487 -0.20366 5.8441 -4.832 2.1397 -2.084 9.7876 6.2386 5.7963 
7.6758 2.3955 -0.31396 6.6917 -5.4021 -4.292 2.9565 -0.16266 7.1337 9.3091 
-1.9123 7.5889 -4.5174 -6.3613 -4.7611 -6.0569 9.1208 -7.572 -6.0591 -2.7683 
-3.9759 -3.8577 -8.1782 -1.7623 2.3887 -1.271 -7.5995 0.16882 9.936 -7.9309 
9.0116 2.5239 3.3188 8.0114 -8.2156 -1.4775 8.0516 -6.5424 6.4694 -5.9767 
-0.78704 2.6797 -7.4889 -2.1222 -3.7243 4.6697 1.3209 -8.2234 8.5281 -1.3889 
-4.247 -3.9761 -7.8239 1.7564 -4.4838 0.41054 -5.0996 8.0448 8.049 3.6748 
-8.3075 1.6591 -1.1421 -3.4758 -0.53344 -6.2596 -1.8296 -4.6145 -9.9831 -6.6605 
1.6436 -7.8465 1.0622 -4.4901 -8.6875 -1.0574 -9.1898 -4.3867 -0.86324 -2.6729 
-6.9386 5.9682 9.2508 -2.814 5.6253 -4.4214 -8.9944 0.63081 5.7579 3.6096 
-8.5381 7.5027 1.4302 2.6217 -4.3532 8.4055 4.7788 -8.3806 7.4819 2.7545 
1.6113 2.9534 -8.4822 -1.1197 8.7056 9.2632 3.5195 1.4044 -5.2754 9.2315 
-4.2597 -8.8986 -2.7506 3.2457 8.3172 6.0212 3.9605 -2.1763 2.2275 7.5276 
-2.7616 8.7712 -9.6104 -0.38556 1.5074 6.5536 2.288 -3.5636 6.457 8.8652 
4.4965 -8.8408 -0.72187 -2.2888 9.6137 -5.3106 -1.3832 -3.9354 -9.1474 -5.0023 
7.1662 -5.0171 9.118 -2.5064 -4.7742 1.5685 -3.4217 -2.8534 9.4202 7.4965 
-3.0417 -2.4976 9.5514 9.1332 -2.4555 0.39943 6.1061 -3.5157 -4.5863 -6.0551 
9.2349 -1.7294 -7.1405 -6.75 5.6467 6.449 7.4506 8.9972 9.9803 -6.0196 
9.0714 -6.6963 -4.5443 -0.43976 9.4675 4.0419 5.7804 -8.8372 8.6344 4.8805 
-5.8793 8.8395 9.4175 9.3238 3.2123 1.6625 8.511 -1.2216 3.2129 3.8559 
5.3649 -7.4391 5.4383 8.5508 -8.1642 -0.4297 6.7447 -8.0026 -9.4716 -2.3989 
2.3106 5.1078 2.1171 -9.7329 5.6119 -2.5368 -1.1145 2.5256 -9.5309 4.5841 
8.3784 2.8031 6.8477 -9.6023 0.75565 7.535 -2.3344 -7.1226 6.3266 5.1093 
2.0507 -3.8677 3.5719 -1.258 4.8247 -6.2681 -6.0419 -5.6317 -6.9048 2.2936 
4.0428 -7.6856 8.4702 -8.948 9.746 -1.2643 0.18534 8.0475 -4.0414 -6.442 
4.8735 9.111 9.4945 7.1298 -6.399 -1.5109 -8.9272 7.1141 -2.6062 -1.3473 
-2.298 6.483 -8.8385 6.4507 -7.8476 6.5909 4.4647 -6.6007 -0.32406 -8.1838 
-4.9699 -6.9561 -9.4724 -0.39718 0.94377 3.1417 -4.673 4.5938 3.0701 -1.6942 
-9.2648 -2.1422 4.1954 3.0483 -5.8945 -2.7979 2.4277 8.5715 -8.1185 -3.7891 
-0.55754 -0.74474 2.7994 -4.8859 1.7166 -1.8963 -0.2861 -4.3456 1.0705 -1.201 
2.9014 4.7564 -0.64125 3.5203 7.4273 -3.3238 -2.9282 5.2693 -6.1229 -2.772 
-4.4206 7.5131 1.1433 -4.6764 2.9008 -1.0397 0.95439 2.8703 0.13312 -0.91156 
0.35722 9.4768 -8.1131 7.1888 0.67246 1.2376 6.0774 7.8739 -3.0791 6.181 
-5.0867 4.4775 6.3981 -1.2644 -5.5945 1.3512 4.349 6.8146 -5.75 -0.91095 
-4.0498 2.4583 -2.5053 7.9822 -3.9921 8.3066 -1.6302 6.3314 -5.3846 4.1629 
3.0095 6.8419 8.2446 8.3299 -2.6554 3.5651 3.7432 -1.4985 -5.7623 7.091 
7.8279 -2.4392 6.7879 7.8969 6.5721 -5.1339 -0.82862 -1.2674 -7.8047 9.6309 
7.2221 7.9736 1.8581 0.36475 6.513 9.2416 1.8714 7.0317 -3.9642 8.6762 
-5.8017 5.7752 -8.0813 2.5091 1.4689 1.7154 -4.4363 -5.1006 -9.2886 -7.2436 
-2.0181 8.176 -5.2336 -7.817 -9.8141 7.9483 7.4938 -3.4604 5.4614 -7.2588 
7.7577 -1.5718 -9.534 -9.7151 -1.365 -5.4158 7.1449 -9.6429 2.7752 -6.8282 
-4.8694 -8.5883 -6.9193 -0.13203 2.9941 -1.4193 2.0052 -1.9367 2.5555 -8.6121 
9.336 8.1505 7.6089 -1.897 -8.9544 8.5602 -3.5744 -4.9664 -7.7242 4.6633 
2.3831 2.2548 -7.6208 9.9397 4.2837 2.3295 -6.6326 9.6749 -4.6971 -3.3801 
-6.6931 5.0068 7.1988 9.999 1.474 7.1986 5.416 7.5594 -7.4882 -0.19834 
6.524 1.6081 7.3098 -4.0634 -8.0397 -2.8431 -9.4512 -5.7838 6.6925 3.2504 
3.1139 9.8904 7.9092 0.17368 1.2826 1.0599 -5.9219 -7.4092 -1.4234 9.3931 
0.92905 -6.6827 -9.7662 6.8975 -6.9183 0.99315 -5.1975 7.7449 8.1639 3.1225 
-4.9734 4.1765 5.922 1.5405 -0.90775 4.9714 -1.2466 0.25806 -1.5792 -7.6918 
-9.1969 -6.6659 -6.3571 0.27944 4.5211 2.1477 -7.2075 3.1705 9.9037 -7.4325 
-5.3325 -8.4134 -9.3539 -9.4735 -3.1088 0.094208 -1.6347 1.6246 -3.2764 -3.2033 
-2.7777 2.6815 -6.7371 -9.7389 -4.05 -7.827 -5.988 7.7977 -3.0523 1.3309 
2.6691 1.0296 0.96351 3.4754 -9.2388 0.065417 5.7208 6.8786 0.081994 6.7791 
9.722 5.4455 5.3679 7.0819 0.82948 2.0394 -1.103 -5.0333 -6.1808 -6.1911 
-5.8569 -8.9023 5.5902 7.143 -5.6314 7.0471 5.5006 -2.7074 2.8614 4.75 
5.1417 -9.0672 -3.0186 5.1388 9.4128 -9.8959 4.191 0.15884 -7.8298 -7.0248 
7.7266 1.6502 4.1651 -5.3745 -9.0525 5.7548 7.7788 7.7433 4.1087 -4.4283 
-0.5554 5.2349 -3.3875 0.47472 0.31114 3.8873 8.5122 -9.0066 -0.22784 3.4691 
-6.8217 -6.2948 2.3212 0.32415 -9.9304 5.5595 -2.1975 -3.8412 0.47929 -7.6642 
6.2184 0.71929 -0.82211 2.4898 5.4276 -4.6727 1.9498 0.25663 4.3344 7.8052 
-0.46984 1.4739 -5.6176 0.094924 -6.8941 -0.79241 -3.9455 3.1967 0.58238 -7.8124 
-7.6742 2.0988 -1.3588 -3.7108 8.3227 6.6051 8.3821 4.1643 -7.8481 -2.446 
7.5144 -9.1842 2.7873 -9.3817 -2.5216 -1.1904 -5.1711 2.6993 -1.4166 5.8991 
2.7037 -4.5975 6.6227 -9.0749 -0.1986 -8.7624 7.3467 -0.28398 3.7107 1.1085 
-8.0544 -6.421 4.1745 -0.056596 7.9835 5.2766 -7.2056 -6.6053 4.2232 5.4927 
8.1688 0.55456 -6.4046 -8.9257 -4.9728 8.7787 4.9878 -7.1845 0.35481 7.6391 
-9.2997 4.7015 1.5981 7.3743 1.8861 -9.7262 7.0326 8.8588 -1.3521 -0.33036 
-9.205 8.3527 5.5579 -3.3124 6.3468 -8.9999 4.2614 -7.7115 -2.9634 2.0835 
9.7714 -9.388 5.1809 -1.5321 -7.7319 -8.365 -7.6526 6.8499 9.4352 7.7423 
3.7236 6.4844 -4.9875 -9.9423 0.71384 -1.8037 -3.2068 0.72519 2.3879 -1.9813 
-2.4662 6.9479 -3.1247 -1.8044 6.4135 -1.3223 3.147 -0.025576 5.1899 -1.1157 
0.086485 -0.60729 4.6146 3.8783 2.8329 -6.5682 -7.433 0.74462 0.045468 0.48734 
5.2699 -2.5936 -4.2543 -1.4479 1.5376 1.3329 -3.5344 9.7115 2.7816 5.4958 
-9.0225 -8.4873 -1.1221 -5.5533 3.5591 9.0702 3.1235 -3.3893 9.9332 5.2154 
4.5186 -6.6009 6.7966 7.5124 9.3264 -2.877 -0.82974 -3.6118 1.1939 8.7014 
4.0266 3.4393 9.6731 7.0553 -8.9094 -0.067888 1.0767 -5.0162 -9.8994 9.622 
-0.82218 1.8026 2.2911 -3.5742 8.4076 9.2951 -5.3833 8.7001 -2.5485 -2.6125 
1.6459 3.3558 -6.469 -2.3614 -4.0342 9.5976 -3.3836 -9.4385 -5.4895 4.3666 
-3.2182 -0.99481 -8.7181 -5.2752 1.7757 -5.5953 7.601 2.1638 -2.103 4.6419 
-6.5875 5.8389 3.7139 8.7127 -6.0875 7.5698 5.6312 8.1208 5.72 2.6837 
-2.0161 -0.88404 -5.4013 -6.6938 2.2424 -5.5103 -1.6725 8.2533 9.426 -4.0351 
8.3955 7.8893 3.2902 2.5525 2.727 -0.49659 -2.9502 8.6009 -3.6093 -3.998 
-5.4791 -8.5489 6.8845 -7.1976 -4.6168 7.3512 8.0903 -4.1908 -7.1158 6.0002 
-2.7799 2.7087 4.7009 -6.8701 -0.91727 8.122 4.8653 -0.15098 8.1252 -0.073535 
-3.5088 6.1724 7.99 7.2457 5.3481 3.1364 7.33 -0.17771 -4.3012 9.4357 
-8.3284 -3.578 -5.1153 -6.05 6.255 7.6378 5.6636 -3.6006 1.0441 -8.3102 
0.25331 0.72143 7.6725 9.2157 -7.4261 4.3668 2.4024 4.1552 7.6517 3.7275 
6.6573 7.3216 -9.0874 -2.7153 -1.3551 -5.2077 -9.097 -8.5418 -0.41619 2.7799 
8.0923 0.68432 -0.14208 -9.9091 9.0623 9.5586 9.9423 -9.4017 4.3619 -9.0991 
4.4719 5.8722 1.6087 7.1136 -0.90227 -4.7012 -8.1075 -2.2433 9.5198 1.1776 
-2.3401 1.7247 8.979 6.9563 -8.3111 -8.6851 4.861 -2.4139 7.3705 4.0244 
-4.0397 7.6301 2.6331 0.81422 2.4656 -2.6718 -3.1504 -7.5462 -8.4197 6.9768 
3.8342 -1.1365 -0.54938 -0.48448 6.4268 -3.4666 -8.7819 1.161 7.9201 -8.6065 
7.6091 -8.1367 -7.5683 -8.3004 2.983 -3.6086 -5.2044 4.3383 -5.4017 -6.6756 
8.491 8.5899 -4.4058 -2.4071 -7.084 -4.9354 1.8837 -1.9908 5.3519 0.48507 
-8.3749 -1.6286 5.3843 0.47055 -2.8635 -8.9415 -6.1104 9.8775 -8.4711 -9.2664 
-0.34654 0.53405 5.016 9.417 -0.44364 -9.4141 5.6916 7.2425 2.067 -1.9842 
-7.4347 3.8189 -9.6383 -1.2267 1.2343 -5.2639 6.917 4.7951 -9.4055 -7.9151 
-4.9418 -8.9069 6.9691 6.239 -6.3594 4.5978 -4.4305 -5.0809 3.9841 -6.6283 
7.6792 -3.1918 8.0469 7.9218 5.4859 4.5722 0.084723 0.50428 0.17475 -2.2619 
-6.0745 5.8558 3.5208 6.6007 1.3921 6.3463 -8.4537 4.3405 -2.2287 -7.7165 
-7.5729 -9.8691 -9.188 -0.19914 9.893 3.3866 1.033 6.3409 3.3402 1.2222 
0.8739 -8.916 -0.091619 5.3485 9.8277 8.7279 7.2407 -4.9586 1.8399 -6.8669 
-3.7076 -4.5185 3.7316 -9.7342 8.7817 1.7952 -8.4803 -5.4626 -3.2001 -5.7624 
-2.3592 -2.8504 -9.2626 -3.031 -7.7219 6.41 4.8539 -1.3791 -9.6637 -0.70512 
5.8308 5.6211 -4.9885 -5.7154 -1.497 2.8225 7.8847 2.7977 -7.8231 7.5711 
6.7836 -6.2231 -3.6711 2.5916 -5.7662 7.8356 7.5044 7.5147 -2.49 -5.2691 
3.6047 -1.8704 -6.6638 -3.376 7.817 5.2158 0.99133 -7.0416 -5.6958 7.8223 
-1.6616 3.8791 -0.80748 -6.0005 0.73541 5.774 4.9705 9.3362 7.5299 -7.7471 
2.8578 6.5896 8.3568 7.2555 -7.9233 -2.2398 -8.3846 -3.0676 2.9681 -4.8013 
-5.7184 0.92351 -9.0197 4.3538 -4.9461 4.4594 -4.5241 2.3268 -4.6734 5.9363 
2.3454 8.2468 -4.3614 -3.3918 7.8013 -3.3842 4.6615 -0.28142 0.0066376 -7.6183 
3.5038 8.3526 6.3027 8.9202 -4.8314 4.8435 2.1339 -2.5545 9.0556 -2.2852 
2.0205 2.3708 7.8623 1.8009 6.9884 -6.34 -5.556 3.2306 3.9416 7.0522 
-3.0738 8.2094 5.8055 -1.3527 -5.3615 -4.8489 9.9898 -4.0008 -0.089823 -0.84949 
-2.712 7.8772 -9.5472 -5.902 4.4267 -7.5366 9.4498 1.341 -2.9648 6.1613 
-6.5704 -3.0941 -8.4154 -6.2203 -6.9286 -1.8451 5.2363 3.4006 -8.3303 7.9899 
5.9072 9.9277 8.4174 -9.7842 -8.5455 2.0028 -5.0051 3.7827 -7.0324 -3.2778 
-0.14666 7.8053 0.2828 6.9387 1.5389 7.2139 1.5124 -5.743 -3.2371 -3.7112 
-2.9075 -2.7237 -9.1507 -4.3908 -3.1008 -8.7036 2.1013 -0.85544 6.268 -6.9278 
5.5012 5.6579 5.8125 -1.9631 8.7051 4.8477 -3.1801 1.8158 5.0029 0.6196 
-5.2639 -3.4335 4.5623 4.3371 -9.1801 1.015 -6.1505 -9.4969 -4.0283 5.0179 
6.8967 -6.8659 -8.092 7.0168 7.7815 -0.58465 8.4766 -7.3439 2.7032 -4.1269 
6.3305 4.7897 5.7897 -1.0929 -3.3599 -0.36728 -3.9995 0.89774 1.1113 -4.9701 
6.9246 2.6347 4.1432 4.266 9.7274 -5.8172 8.8334 3.2208 0.24296 -4.9642 
-2.5963 1.9981 -2.2037 7.7669 -4.9784 3.3237 -5.2529 9.6948 3.4344 4.5687 
-2.3354 -5.1888 8.1227 2.6269 -9.2975 2.2284 -4.8521 -4.708 9.7132 3.5225 
7.2267 -4.3531 -7.4531 9.7343 7.3825 9.6147 -4.9946 -8.0297 -5.6109 -4.0389 
-0.72182 5.9747 -0.79316 -6.5225 2.0998 -8.4007 -6.6585 6.9564 -5.8161 0.89013 
1.411 1.7389 0.54566 2.5618 -0.39339 2.2505 -8.7794 -9.5641 -1.7123 -8.2526 
3.9061 -3.9649 2.281 3.6925 -2.1269 5.4491 6.9731 8.3903 4.6456 -8.7389 
9.2183 -4.0778 -8.9644 -6.6493 9.2056 -4.3917 -3.6066 -0.30279 -1.2547 3.7101 
0.92626 -5.4959 -9.5693 -7.0185 -9.353 -9.7752 -7.2465 -5.6961 -8.353 3.6433 
2.7315 0.10884 -7.7704 -7.1512 -2.4436 -7.6299 -8.3238 -0.3128 -7.6986 4.7634 
1.4178 1.3007 1.106 -8.1471 4.0128 -8.8976 9.6178 -8.0084 0.18185 -8.1885 
8.5422 -8.6221 2.1014 8.3465 -5.8019 4.9788 -8.5593 -8.5324 -3.0071 -2.0128 
7.2753 -6.7219 5.6809 7.0659 0.67306 8.6712 9.652 -4.0235 -7.0461 8.2193 
-6.6032 0.21038 9.0951 -2.8574 -2.8006 -9.237 -7.6439 -2.9075 2.5543 -6.611 
-6.426 0.83079 -6.1137 -8.1587 4.2634 -7.2697 -4.7996 -7.7184 4.8498 -4.2793 
-5.1299 0.20072 -0.66646 -3.3558 -9.8612 -6.3829 2.1994 0.57805 0.39712 0.31794 
5.0356 -7.5617 8.2224 -8.6508 2.7915 7.262 -4.328 0.32004 -8.5494 3.9312 
-6.0173 -6.885 -1.6808 -8.2391 -7.4749 -2.6833 -4.0713 -7.4715 -3.8788 -0.018556 
9.6588 -1.8171 -4.0397 4.461 5.4908 1.1251 6.5577 6.1736 -6.0469 -7.2364 
4.1928 3.8731 -4.8528 -1.7859 0.74722 6.5943 2.822 3.9517 6.1908 5.9171 
-6.4913 5.6154 6.6381 0.40229 1.8635 1.9008 -6.1774 -7.4114 -3.3409 -2.9365 
7.1659 2.7273 3.8907 -4.5955 -7.6138 -8.943 1.5928 -1.7436 2.5726 -7.7659 
8.1882 1.6361 -9.8764 4.4762 2.2366 5.1526 6.7629 3.74 7.2921 3.1633 
9.2333 9.4947 2.743 7.3769 -0.21373 4.662 -6.9883 -0.22801 -4.6188 -1.0025 
1.412 0.59276 6.3003 -6.4666 -2.4269 2.3079 5.5937 2.5345 -2.7709 2.934 
1.2576 -4.2326 3.2264 -2.0834 -9.7714 -9.2382 3.4994 5.7981 -9.8884 8.7279 
-6.4668 -6.0758 -3.3013 -1.9515 7.1935 -2.5041 -1.8041 8.8748 -3.4166 6.7375 
0.27358 -5.6925 9.1832 0.45177 7.8259 -2.4431 -0.48607 6.0376 4.6983 -4.5063 
0.96944 -1.2467 0.70693 -6.503 5.0883 1.7481 1.9185 -7.3405 -2.9244 0.67738 
-6.6945 1.339 1.3328 -1.6857 5.9963 -5.5721 7.7861 7.3666 7.88 7.6444 
-0.12214 8.3117 -7.6827 -9.9083 -7.3288 2.6728 0.67746 0.39853 0.4568 -0.57981 
0.70235 -3.6781 0.17832 8.3089 -4.5077 -5.6498 -7.677 -7.0594 -7.7914 -6.4221 
-6.0239 -4.3795 6.2995 -1.3668 8.7399 -8.6024 -9.7293 -9.8917 2.3256 0.9142 
2.4634 2.378 2.6454 4.7275 9.9116 3.3341 -1.0363 -3.246 -7.708 0.34678 
-9.4737 -5.5911 -7.3982 -7.9941 9.0333 8.0028 7.5763 8.5464 6.2313 -5.6041 
-3.6242 -6.5597 0.66486 -8.321 -0.0068163 9.9191 7.5614 4.1072 2.7477 1.9703 
0.65999 -9.6716 9.0217 5.6508 2.6035 3.4115 -8.969 -4.2998 8.6309 -4.0689 
-3.4645 0.32667 -8.4401 8.4647 -9.6389 8.6585 5.4397 -7.9284 -6.3317 -3.5521 
2.0438 -9.9517 -1.2654 -5.4136 -2.5568 1.0423 6.7444 -3.2841 6.8768 -0.62035 
-2.7613 1.12 5.6332 -0.95019 -9.8171 3.8278 5.0872 1.5488 1.1169 6.2913 
-7.3016 1.1147 -6.7272 -5.856 0.93435 -0.32728 -1.6625 5.4205 -1.5066 3.9299 
8.2763 -8.5254 3.8568 -7.8622 -1.5505 -6.5543 -5.9786 0.62712 -8.8006 3.9822 
2.8112 -2.0618 -1.3064 -8.281 5.5806 -2.4925 -2.7072 1.3961 -8.6667 -6.1937 
3.1755 5.4441 6.3981 9.8583 5.3863 5.648 -3.26 -9.8076 -4.5397 8.4295 
3.5066 1.4507 1.0882 -1.1836 -7.0345 -5.2608 9.097 -7.2308 6.7759 -5.735 
4.8912 -1.9386 5.7629 -4.9188 -6.9923 5.4597 -8.735 0.090472 8.3447 7.3632 
6.8436 0.46644 -4.642 4.5885 0.72843 -8.4709 6.6492 4.8281 1.168 9.0059 
0.33314 -2.1503 0.58565 -2.2771 1.2291 -4.6631 -0.93713 -9.7704 -2.4555 -1.1879 
-6.9626 -8.6595 2.9843 1.7614 -3.7571 -7.4975 -6.9678 8.0503 2.182 -3.4627 
-2.3867 5.5704 -6.3812 5.5511 -5.9087 -2.3344 4.2069 2.1698 1.2202 1.5828 
6.4204 5.2862 -6.0381 4.2272 2.385 6.4192 5.3513 1.1481 0.78089 -4.8112 
-6.5727 1.3706 -6.8871 8.9418 -0.71893 -4.7738 9.3903 8.7593 4.6845 2.6642 
-3.4005 2.2893 9.7172 5.2011 2.3065 -8.2573 9.4851 0.26511 6.1232 -0.18322 
9.3294 1.7774 -4.9887 -6.5062 -9.8767 -9.2524 -9.8636 6.3243 7.5587 -2.8067 
6.1259 2.3326 -2.5475 0.01364 -0.31696 -2.322 5.0223 2.9121 5.8513 7.9212 
-5.5562 -5.2045 -0.41361 -4.044 -3.1214 4.0647 -6.175 -0.025347 -0.93819 1.1582 
9.9955 5.8217 -3.9116 7.2504 -7.5429 6.9954 -3.5562 5.4389 -3.4642 -7.9771 
-8.7252 4.1129 4.2285 3.2652 -0.40104 6.2452 1.744 3.1724 -1.4517 9.1072 
-1.4903 4.7575 -0.58245 3.7364 -1.2695 -9.4326 -5.3214 -1.6224 -8.8559 0.21404 
-1.9132 -7.2316 2.534 -7.6771 3.56 2.7647 -0.080987 -3.6204 4.6025 2.5725 
-1.9941 -9.8902 -5.8344 2.2 3.2369 8.7155 -5.2577 7.9375 2.4673 -4.1555 
-7.7615 4.7704 -2.1678 -2.7507 -7.3427 0.23588 4.3872 -7.0481 -3.7724 -5.7007 
-1.5138 6.2157 -6.5785 -1.895 -5.4888 -6.5892 -1.0687 1.3334 -2.5998 1.4879 
2.2709 1.2944 1.6107 -6.1618 -7.3205 2.6924 -0.6116 -1.092 -7.2841 1.4585 
9.7612 -8.8864 -4.4647 6.6107 0.7335 3.8413 -4.0522 4.0821 8.7927 -2.2868 
-5.602 -3.5381 -8.1591 8.9062 -8.9537 9.5407 -1.7257 8.7255 7.4423 -9.9477 
-2.9184 8.6723 -4.7873 8.0492 -4.8855 5.9379 -9.7628 8.9888 1.6365 -2.3224 
-4.6752 7.0552 6.744 2.012 -1.0851 -1.733 6.511 -4.789 -0.5702 -2.2674 
-4.17 3.7355 5.0592 -1.5185 -5.956 5.3313 -3.8762 -4.8314 2.7331 -1.3 
-6.2322 -6.6552 -2.7094 -9.8331 7.7329 -2.5941 -4.3506 -3.4673 4.6191 -2.951 
-9.5428 3.5933 1.9929 -9.0151 1.4565 9.2617 1.1553 0.84488 -7.5907 -8.1391 
-1.0119 -8.4086 -3.1454 0.39953 2.1569 0.76622 4.9175 -3.3533 4.8219 -5.118 
-5.1272 1.2201 -1.2704 -0.35294 0.49922 -2.9459 9.0517 7.5169 -2.9789 6.8928 
7.3745 -0.81916 -4.8356 -9.7445 2.8598 5.2102 5.9258 1.7056 -2.2144 -4.3678 
0.57222 3.3014 -1.3585 -0.79238 -4.1767 9.6457 -7.6612 -3.8576 -5.8716 -6.7981 
8.2827 -1.3177 -9.2883 -9.4761 -3.4989 -2.3721 0.52563 -3.063 3.3779 -8.2737 
9.4786 -9.3859 -8.4254 5.3789 5.9874 9.5778 8.8421 -2.3712 0.63905 -6.4533 
1.7085 -1.1518 -3.2109 -1.361 5.6385 -8.3759 2.6859 9.6362 -6.7124 -5.904 
-7.6205 -0.65867 -5.8312 9.2312 2.5998 -1.9906 6.7541 -3.1916 3.9083 1.7852 
8.5307 -9.7923 4.8641 1.342 -1.0193 -6.5022 -2.0459 3.9091 7.9149 4.9303 
1.8712 1.871 -0.035729 7.4629 -9.7637 -0.34192 -2.9703 9.2373 -5.9448 2.5841 
7.6723 -3.9674 -8.6297 1.4603 -7.5535 -8.3898 -5.9015 -4.2997 -7.0614 1.4464 
-1.5105 6.5187 -2.1968 -0.47064 5.1366 -9.4745 8.9582 0.4979 -0.86612 -5.4639 
2.1451 8.3183 -4.8232 1.863 -1.1702 1.2443 7.1891 -5.0681 -8.2195 0.65737 
-8.5847 -4.6529 5.1035 8.7514 4.2286 -1.6327 -1.1441 -4.4634 -6.4565 -0.06672 
8.4954 -4.0797 7.5806 -9.7473 9.1645 -5.3298 -6.3229 2.3192 -3.5964 -2.1422 
2.8416 -8.1505 7.3752 -4.3778 -4.8895 -8.7284 1.6613 2.0085 -2.2098 3.9591 
-7.91 4.5166 -5.7501 -8.4863 -7.7828 -9.7286 -0.43191 -7.5075 0.55502 4.1335 
4.0045 4.3492 -1.0905 3.3855 -2.2014 5.6227 -2.2019 3.7216 7.6567 6.4541 
-2.0839 2.4174 -9.5517 2.5605 -5.0125 3.3418 0.25735 0.13587 -5.0786 0.53857 
-8.3019 -2.4777 5.531 -8.1328 -5.3316 -4.4267 2.1849 -3.091 1.7008 4.056 
-5.7104 2.6134 -1.9857 3.3784 0.42565 -1.8466 3.1783 5.162 -0.81803 3.026 
-5.024 0.34574 2.4666 -7.8323 -2.3726 -3.4753 -3.6087 -6.1941 -7.8811 8.7226 
-5.4669 3.0041 9.471 2.6644 -4.3801 7.9791 -0.0057702 6.2673 -6.9518 -4.9062 
4.0601 7.4251 -2.4196 -6.5645 0.66143 -1.8187 8.5701 9.0797 -6.2767 1.0336 
5.0831 -3.3796 3.9368 -3.8322 2.753 2.9471 -7.0828 -6.5285 3.5232 4.6539 
0.94573 1.1509 -0.95382 -3.2007 -5.9685 4.087 5.4795 -7.0969 7.5892 -0.36677 
1.0697 -9.4277 -1.1303 6.9733 -0.74897 -8.1182 1.9508 -2.8938 4.1243 0.32841 
2.6115 -5.5827 -5.1248 -5.5811 -7.8908 -2.9953 -2.8187 1.9418 -7.4209 9.6057 
9.7091 5.7118 -6.6453 6.3014 -2.9231 4.1078 -0.80649 -1.7072 7.1003 5.8409 
2.6856 -4.1819 2.8884 1.4087 3.3623 -0.81387 2.1919 0.75986 -2.268 7.8923 
2.0091 -8.8563 -9.7465 1.7546 -0.59414 2.1359 -1.2285 -0.093492 2.3605 5.3804 
8.1837 3.978 -9.7827 3.3064 -6.2544 -5.7959 -9.5395 -1.444 -6.9605 6.645 
1.4167 2.7667 -1.7296 -6.6486 -9.4068 0.71613 0.93955 -5.7 -5.613 1.7653 
-3.2916 2.9542 -3.5306 -0.87317 0.48684 -1.9605 6.0549 -2.4179 -4.2467 -1.6513 
9.1428 7.6521 -3.1077 -2.8027 -2.3204 -3.7249 1.1214 7.0584 1.3868 -9.5362 
-1.2015 -6.7186 -5.1164 -7.65 1.0505 -2.5318 -2.0293 -9.5294 7.4314 0.98641 
2.0309 3.3334 -1.8029 -4.6876 8.8647 -9.0997 4.1512 0.55315 5.9604 9.1996 
4.4052 -2.336 -9.038 4.9369 1.1753 -7.6426 3.4306 0.49291 7.3176 -7.0479 
3.5756 3.8646 8.9639 2.1824 -7.9535 -9.6905 2.9931 -1.9911 -6.3814 -1.9171 
-5.7448 -3.9165 -9.2583 -3.307 -5.5338 -2.791 -8.473 -9.8181 9.1842 7.2466 
-8.3675 2.9926 0.6796 -2.9937 5.241 3.9645 -6.7854 7.6444 8.116 -0.33269 
-4.5104 -2.8093 0.47449 -0.49597 -8.8981 4.5193 1.0448 8.9332 -1.749 -5.4768 
7.3504 8.2574 -8.2666 -2.7096 2.9622 -4.8275 6.0632 9.3145 -9.7772 -9.5744 
1.1871 -2.2246 -5.3652 4.584 -6.63 6.6888 -8.7454 -4.3665 4.634 -6.1605 
-0.70744 3.5604 -2.3303 -0.17665 0.3129 0.024411 -3.4207 -4.3939 -9.4501 5.1111 
-1.394 5.0533 -1.5056 -8.8382 -4.3608 -0.61653 4.6939 -8.6328 -0.25334 -4.8153 
5.4797 -6.0121 5.4724 9.6684 2.9928 -6.5311 4.431 -7.0605 0.54472 -3.2134 
3.0784 3.5663 7.0593 -8.5484 -2.2573 -6.9568 -5.3524 4.551 5.5839 7.3849 
3.1546 5.82 8.9149 -2.1127 -1.7788 -0.62924 1.2382 5.2813 3.9046 8.5865 
-6.7796 4.5242 -7.6353 4.8191 -8.6692 -4.0146 6.2488 9.3435 2.1184 3.413 
-1.3525 -6.4961 -6.2456 3.8967 -2.4087 1.4865 -7.7075 3.6217 -4.8017 2.4552 
0.10172 -7.9357 -7.8175 -9.7636 0.56132 9.2339 7.87 -2.4504 2.8783 8.8711 
-2.4934 6.3509 -0.91062 0.88992 -0.9325 8.7306 7.3367 -1.2945 -5.4464 1.8424 
-0.39256 9.6019 -5.9565 -2.0149 1.8065 4.6807 2.0186 -2.7224 9.5591 9.1158 
-3.1516 5.0337 -4.3336 -3.8176 9.3427 6.0875 5.6777 -2.9751 6.099 2.229 
5.5429 8.1948 -3.1968 -0.28758 -8.1229 -6.0856 3.7395 -6.3736 -7.2117 -2.5173 
-2.3211 2.1703 2.2075 9.9706 -8.836 -0.0047956 5.6017 6.5853 4.9608 -3.2404 
4.2311 -0.81597 3.1334 9.1111 7.3501 5.5596 2.2476 6.5829 3.6285 3.8586 
-0.38133 -9.0817 9.5935 6.3199 3.9137 4.9959 -6.6562 -2.9922 -6.3838 4.0547 
4.5836 1.9934 -1.5258 9.3364 6.9245 -8.8641 4.502 -9.1168 -5.565 -8.1109 
8.7512 5.6285 6.7073 -3.2113 1.9956 4.1941 -6.0788 0.57934 4.5118 -2.9164 
0.34509 6.361 -6.2106 7.6601 5.7635 -9.1139 2.1023 9.8061 7.0395 -2.8776 
8.0614 -5.5384 -2.1753 -2.5361 -2.7909 -6.1163 7.2562 -7.9411 -1.7619 -2.9361 
-5.6361 4.6581 1.2421 -6.3054 7.9533 0.0099166 -5.8981 6.6209 -3.847 9.4381 
7.4644 3.5512 9.1368 -4.9309 -7.4499 -7.7267 -0.50572 7.5628 5.4175 5.9086 
-8.3461 9.442 -9.1156 1.6144 1.5088 0.53995 7.3145 5.8494 6.4758 7.0019 
-0.69193 -1.768 -8.7093 -0.61905 4.4203 -4.7217 -5.3063 5.9032 5.2563 -1.8614 
-9.5614 -8.9755 8.1667 4.6203 4.3733 2.1774 8.7587 -1.5773 4.3395 -5.3108 
6.1656 -3.6946 3.8794 6.4763 4.2221 -0.46141 -3.1532 2.6747 2.8081 -4.5858 
-6.4158 -3.7048 7.0858 5.8482 5.7824 3.8772 -8.4033 9.1967 1.2228 -9.8809 
-6.6922 -0.14527 5.4474 -2.9016 -0.17462 -1.4929 7.0589 0.31868 0.25785 -0.12522 
-6.3679 -8.8874 9.161 -7.0884 -2.653 -5.9963 5.836 -7.1716 5.2944 1.7955 
3.8287 -8.1003 -2.347 -6.9208 5.7146 7.7524 1.5528 -4.7061 9.6378 6.77 
-5.7247 -5.2184 -1.5786 -2.7725 -8.2468 4.5724 -6.8181 -8.4469 7.4868 8.7137 
-4.0379 5.6487 -4.7839 -0.12152 -1.6129 4.463 4.6325 -5.9983 4.8071 7.9115 
5.3667 7.3766 -0.050262 -0.094378 9.9877 2.5032 2.6883 0.29483 -8.7316 -5.1964 
0.023002 2.4797 -9.8086 -1.4254 1.6122 -8.3568 5.7795 4.1341 1.2012 -2.3278 
8.1893 -3.3495 7.5754 -8.2635 5.2402 -1.7183 2.8418 4.9572 9.9103 9.0757 
-8.8429 -4.575 -3.4018 5.3433 -2.5335 -7.6797 6.5328 7.6837 -3.7983 -4.0104 
-1.265 -9.3605 -6.1198 0.12792 1.0301 -7.1239 -9.2162 0.073623 2.1184 -0.27851 
1.4451 7.3866 -4.3581 8.5858 8.1335 -7.3887 5.5156 -1.7146 -5.2618 8.9571 
1.3013 -5.0471 9.0014 1.0564 8.1683 7.7424 6.6142 4.4748 7.422 -6.5718 
6.4763 9.7084 2.8277 -5.5173 -0.94961 -6.2879 -2.8423 5.6727 5.1909 7.1174 
-7.478 -7.4483 -4.4182 3.7428 -9.0261 -4.2429 -6.9457 -3.8047 -3.5361 0.94995 
-3.9977 0.65907 -3.8554 -4.3665 4.974 -0.67919 -9.4168 7.6634 8.2846 8.6817 
-9.9576 -2.4281 -1.1433 7.2696 0.50082 6.283 -8.0476 6.6932 -9.6592 -5.2038 
9.0221 5.6754 7.832 -4.4421 -5.4505 -3.512 -3.8887 -1.8259 9.9754 4.5609 
5.326 8.2818 -3.4933 2.8421 5.9911 5.6329 9.4124 5.4784 7.5003 -5.6259 
5.0261 -2.7775 -2.5092 0.39738 -3.5194 0.81681 7.2304 -1.8819 7.3305 -5.0471 
-7.2227 8.2209 5.5096 4.3154 6.201 7.1194 -8.9759 -6.6005 -6.9566 -1.2941 
-3.0136 -7.6176 3.1486 -0.21525 9.9696 8.6607 -2.4945 -0.46648 6.01 -7.295 
-6.9732 -9.3034 -9.8798 -5.4813 7.4355 -3.0687 -6.3281 4.7076 0.77986 -4.2342 
-0.065586 8.0901 -8.2486 -1.7624 -3.4329 0.83482 5.3331 -2.4027 3.9407 -7.4639 
6.173 8.6148 -5.0049 -4.4282 3.0593 7.2427 -9.7488 -6.8315 -0.56015 9.9821 
2.6574 1.7999 -4.7677 -3.2327 -4.9385 -8.1763 6.0499 -1.0389 -9.2341 -5.0151 
3.768 -8.871 -7.7508 3.8417 8.5789 -8.6174 8.5683 2.4986 -1.375 -0.5175 
2.7914 7.6432 -0.10433 4.5008 -1.2002 9.869 6.6723 4.6448 9.569 -4.4503 
4.5864 6.9903 -0.57543 1.8109 0.32921 2.763 -8.166 -6.1642 1.5228 3.9384 
7.1969 1.3748 0.72238 -8.6897 -7.908 5.6046 5.0638 -2.5151 -3.6323 4.539 
2.5391 -0.78829 8.6851 -5.2392 3.9958 -3.1494 -0.51942 -4.2426 8.7923 9.1685 
-6.3882 -8.6479 -8.7582 -7.1997 2.1326 -0.06441 -4.2903 1.758 -7.743 1.9182 
1.4661 -2.3357 -8.3138 6.0726 0.4862 -2.0782 -1.4337 0.057905 7.3993 -0.023575 
-6.7287 4.808 6.0396 6.0864 3.0568 6.6296 -1.5386 -2.4659 -3.004 4.9439 
8.121 0.44655 0.18653 3.4276 9.7868 -2.2738 -0.55474 9.5316 3.8821 -6.7498 
-8.4531 -0.064815 -2.2041 -1.6365 5.9096 8.5095 1.816 -7.2197 7.0447 -4.1498 
-3.2293 6.604 -7.6257 -2.7976 2.8868 -2.1663 1.354 0.014252 -6.0504 -0.17914 
1.6124 -9.6645 3.1048 -7.7275 7.6789 2.0196 -3.1372 3.3715 -5.4125 8.695 
-0.4953 -4.7188 -4.7821 -8.2186 -5.6979 -3.7804 -1.6849 7.057 -9.7317 -1.1394 
6.1064 -7.162 0.40894 -6.2221 -1.5084 -4.7435 9.3188 8.9086 4.1517 -3.9286 
0.61556 -9.3406 -9.3189 8.369 9.3988 7.7397 5.8338 6.7248 -4.0974 6.3275 
-5.4538 -4.2137 9.2531 5.5025 3.1629 0.40201 9.8982 0.32348 -9.1148 -4.6421 
4.1897 7.8773 8.6468 6.9774 1.9557 2.0486 -9.5254 9.1136 0.43641 -4.4441 
-7.0273 -6.7379 0.45507 9.9294 -3.7827 2.1578 -8.9924 2.7001 1.7537 -8.3897 
3.1623 9.7796 2.5489 4.9705 -9.8363 7.161 -0.26 -4.8773 0.26625 -8.7144 
2.6797 -7.374 6.9116 -8.9643 9.6974 0.11912 5.7492 5.7144 8.188 -6.9181 
-5.4139 -0.65401 7.5089 -9.5904 -5.6317 4.5331 -5.6611 -8.1249 -6.0615 -7.279 
-6.3554 -2.5968 -8.9166 6.1874 4.6497 8.2194 -4.0436 3.4848 -1.3163 3.6653 
-6.6729 3.1512 -8.5746 3.7091 6.0274 7.9858 9.5675 1.9647 -0.040764 -8.497 
-7.0079 7.4713 -6.0919 8.4704 2.0098 8.1109 -4.0782 -6.4253 4.3865 -7.4607 
-5.9451 -4.1025 0.83278 6.8277 -7.0209 4.1689 -9.3118 0.70107 4.772 -3.3378 
9.0992 -4.5435 0.92586 1.5914 -6.6967 9.5501 -3.5146 4.9312 8.2316 -4.5852 
-9.6818 -8.3822 -4.7626 5.3646 -2.9949 3.6552 -2.6714 -5.6736 5.6825 -8.2435 
9.1503 -6.2731 -5.8125 7.1642 4.0615 0.42805 1.7121 1.8517 -1.9941 -1.3752 
-9.4862 5.2002 4.724 -2.1094 -9.9209 5.4033 -6.593 2.7023 -0.0042831 4.0054 
9.4222 8.1922 -1.8781 -7.6034 -6.9462 5.6069 -8.7783 -1.6513 3.5516 5.2824 
-4.0481 2.8925 0.3098 -1.1146 9.0566 -3.1586 -7.4796 3.7562 7.9617 -1.8775 
0.50146 0.34899 4.2116 -5.6084 9.8499 -7.5293 3.818 1.8457 -6.9701 -1.5053 
7.2468 4.0319 9.8294 -7.602 -2.7766 1.2768 -1.5374 -8.8762 -6.8411 7.2413 
7.9281 -9.0985 -6.8809 -8.6485 -3.4206 -5.5949 4.4778 4.4657 -6.1879 -6.7617 
-6.2198 7.805 -0.51224 -0.025816 2.3639 -3.1128 2.838 6.3414 9.8191 9.464 
3.2144 3.4524 -0.41438 -2.4072 0.18017 -9.7519 2.4637 -7.7464 5.0796 4.6434 
8.8246 -6.7025 -1.5217 -6.6866 1.3625 -9.286 -7.2561 -3.0 -7.4663 3.529 
9.5141 0.05129 -0.25319 6.0446 8.1342 -5.9579 -2.9859 -8.6331 -7.9032 7.9338 
-7.8413 0.63639 9.8856 -9.9783 3.2184 5.6956 8.1369 -3.9118 -7.9284 -5.9895 
-6.422 2.4801 -8.3728 0.22803 5.7242 2.886 -8.5439 -7.8113 -3.719 -4.8421 
4.931 9.2914 -9.7239 -4.3449 -4.5782 -8.1322 -4.3745 9.5948 -3.9699 4.7505 
-9.0106 1.3835 9.7308 -3.885 -6.3548 -5.7535 9.3301 -2.468 6.7671 8.647 
-8.5743 1.5534 9.0036 3.0279 6.7423 0.58529 0.58824 -2.5944 7.4186 1.0483 
-0.21749 8.7498 5.6856 -0.86144 -9.0161 2.0669 2.3643 4.7288 -3.3738 2.834 
6.9979 -8.7688 -8.5148 2.4677 -7.3816 -9.6952 -2.2731 -0.11098 -2.9184 9.6556 
9.9408 3.1799 -1.6482 -2.2352 -4.0389 -3.7114 -7.592 -5.8744 1.0276 6.635 
-9.9121 -8.012 -2.8153 -4.4346 1.3291 -4.3997 2.2027 -8.7615 4.3122 -8.4252 
0.85215 2.1734 9.7339 -7.0663 -1.1143 5.9609 -1.4487 0.34646 -6.923 -6.3351 
7.227 6.087 8.7809 0.33776 8.5213 2.2436 5.1486 3.5248 3.5212 -9.8629 
8.1828 -9.3537 -9.6913 0.37671 9.9846 -0.059627 -9.4331 1.1169 -6.0888 3.2907 
6.907 0.43866 -0.53477 1.0083 2.0288 -1.7744 9.8629 -2.1332 6.222 0.54309 
7.5775 -4.047 7.9632 -0.63037 6.2208 0.78325 -4.0515 0.40217 3.4458 -2.1924 
4.9236 3.213 -7.1267 2.8241 6.3028 -7.7141 -7.1012 -9.668 -5.9647 -0.80582 
-7.6502 1.9543 -5.0855 -2.3385 -8.7665 0.33554 9.2822 -0.10233 -8.2439 -2.8827 
0.18045 -8.769 -7.3707 -5.8885 -5.8778 -7.1624 0.031696 8.7712 -9.3489 1.0815 
-6.6234 7.8233 4.0616 -9.2387 -3.0143 -2.0398 9.5543 -4.3036 -8.6901 -5.4292 
6.6222 9.0667 -3.3991 7.9792 -5.7821 -3.6845 6.937 4.0237 7.3984 -1.3629 
8.5602 -6.3825 -7.9305 -8.9824 -5.7268 -4.2573 9.9372 -1.4371 7.3655 -0.3284 
-6.6103 -8.5291 -5.5737 -4.1595 -3.4159 -3.2779 3.1452 0.35002 -4.6964 -7.5857 
7.6747 9.7606 7.0034 -8.7515 -4.5065 9.2237 -0.99953 4.0658 -0.41863 2.7406 
-2.2427 -1.4419 5.7623 -8.1081 4.651 1.0117 -5.4001 0.43348 9.8425 8.6333 
-2.3486 5.1796 -6.2866 9.1659 4.148 7.6258 -5.5086 1.424 -2.0796 -9.1705 
-4.5709 8.4633 -2.1031 0.60216 -4.263 -2.7813 8.7296 -0.19582 -4.5786 -1.3636 
7.3577 7.4423 -4.8074 7.107 -9.8711 -1.4161 1.6423 -2.732 -3.5456 -3.97 
4.83 9.2673 1.9754 2.3462 -3.8487 5.0497 3.4768 9.3832 -1.3824 3.1687 
-1.0425 -4.0648 3.3564 5.3116 -3.1987 -1.8369 4.0797 5.9837 7.893 2.9942 
4.1928 4.2008 -8.4712 -8.1732 -1.1214 0.74419 3.1926 -6.7966 -7.6094 9.0346 
8.8866 8.022 -2.1464 -1.854 -6.0195 -6.3865 9.6716 -7.2062 -7.7871 6.1315 
-6.5176 7.484 -5.3688 9.519 -2.6116 -3.2629 -4.5432 -2.1829 5.8972 -5.7379 
-5.1081 6.572 8.9234 -9.42 4.9463 -1.6321 -8.0876 4.794 7.4045 7.8701 
2.8186 -9.2958 -2.8117 -7.4402 -3.6197 1.4926 2.1354 7.8855 -0.57319 -4.0853 
6.1723 8.1227 -4.1855 -9.3663 9.5655 -6.9549 -5.2911 -2.8678 7.4978 -3.9215 
7.0674 2.5587 -8.0811 -5.5039 9.1951 -4.1443 7.7244 -4.924 -8.4874 -9.495 
-2.0376 1.4519 2.8989 -7.2699 6.9517 8.1985 -7.201 2.3876 6.1653 -8.1804 
-7.6901 4.7637 -0.077642 5.2164 1.7767 5.3627 8.0393 7.9214 1.4376 -6.9901 
-8.3944 0.16443 -4.6712 -9.0574 -7.8131 -8.7051 -9.5049 -1.0494 -6.3562 7.4946 
-2.7906 7.2965 4.6574 -5.7954 -6.1327 9.8822 0.2878 2.6247 -4.5812 6.4921 
6.5781 -7.1952 8.986 9.4982 -0.11514 2.6309 -0.12798 0.22721 -7.8855 6.0559 
-5.7078 3.1427 9.3144 -4.6229 -8.2186 9.7259 7.4278 -4.3762 -7.9027 -9.0068 
5.8208 1.8599 6.5691 -2.28 8.5964 8.8882 -3.3585 1.0577 5.5384 0.92838 
3.0938 0.26733 -6.2024 -8.7887 7.3567 -7.238 7.6652 1.6991 6.3194 -0.34287 
-9.4771 -5.1076 5.6894 -5.8821 3.7868 4.4058 -6.6496 8.5575 -4.0067 -0.16596 
5.7155 9.4701 -0.80551 6.8767 -3.5973 9.5099 -5.904 -2.9456 6.8828 -1.4116 
8.4513 8.3243 -7.4926 2.3442 -4.1184 -7.9771 -7.258 -3.0738 3.6284 8.9488 
-0.15374 3.0402 -2.3377 4.6652 2.0193 -1.8628 -0.43448 -7.6781 2.2056 -6.9376 
6.6802 -7.79 -8.6515 -7.1895 -4.741 -5.5962 7.8081 5.2782 -2.4016 -2.4335 
-7.3729 0.29253 8.2101 9.718 -3.842 2.2278 -7.2607 3.1036 0.037315 -1.3955 
5.1957 -0.37895 9.5081 3.4352 -4.2058 -9.1208 9.7409 -5.9131 -1.7014 0.007558 
8.5147 -8.6366 3.9615 7.8432 7.9609 -8.5081 5.1788 0.19546 -8.3995 -2.8225 
6.6542 -2.2231 -5.0808 -5.1102 8.3568 8.4281 9.1896 1.0709 -0.57326 4.4265 
-4.812 6.1041 3.5088 2.3257 0.34137 3.0778 -9.3384 -7.973 0.39186 1.2742 
-5.7396 5.7331 -8.2019 -1.5019 -0.10456 2.3292 -0.15053 9.6194 9.7096 -4.3968 
0.4463 -7.6005 9.3672 -2.2768 7.6102 3.2682 -5.5875 4.2162 8.4733 -9.8309 
-2.0529 -1.7605 3.2956 7.9789 2.3261 9.045 -4.5614 -7.3499 -5.2146 -9.0588 
-0.4178 5.9613 -7.7362 6.8893 -7.102 -4.7935 6.463 -6.0813 -6.1435 -2.9306 
9.8781 -4.9456 -8.3447 0.90521 -7.7767 -3.133 -8.0771 -3.7974 6.7987 -4.3794 
2.0896 1.7496 -9.2829 5.9811 -7.0502 3.1397 -9.1816 5.7737 9.0993 1.3006 
8.8982 -9.2653 1.4395 -8.0829 9.2823 -8.5896 -6.1477 0.31728 0.33567 1.0224 
-0.19116 3.6326 6.7924 -3.1304 -0.1858 -3.3442 3.4571 -5.297 0.79545 -3.9021 
-1.2411 6.5364 5.3669 0.80847 2.6039 -1.1522 2.2936 -7.2921 -1.5978 -2.8345 
5.4531 3.9982 9.9924 -1.1087 -2.1034 -1.0601 0.12614 7.6232 9.7196 8.781 
4.8813 -2.9646 2.1021 -8.0314 5.8255 3.9849 4.696 -5.827 -7.4476 -2.5706 
-1.1419 -0.21705 -2.6553 2.2455 3.7888 -6.0013 2.986 -1.7724 -8.7476 -7.9293 
-8.94 -4.3175 -9.6618 2.8867 4.2044 6.3796 5.0294 6.2457 8.0517 9.0828 
-8.2436 -4.6806 -5.2911 1.607 -7.6786 1.9574 4.3985 4.4767 0.65468 9.9792 
5.9597 5.2985 3.5854 -1.3127 8.7164 1.2804 -8.6704 2.331 3.724 -8.8783 
3.1116 1.6876 -1.4198 3.5601 -3.5499 -1.5502 8.7597 7.2362 -5.4667 -1.2396 
-9.3533 0.77113 -6.6744 -6.1839 9.5342 -3.9899 -5.4871 6.8202 1.7902 -8.47 
1.1413 9.8135 0.85485 8.1265 0.29308 -7.4515 4.3946 -0.353 -4.6688 9.2586 
4.396 5.3832 1.7722 9.7363 0.2444 1.2848 7.3999 -0.60904 -5.6486 9.7202 
-7.7918 1.722 6.2321 8.8742 -7.6411 4.9971 -5.9443 3.8713 -4.4215 5.2849 
-5.6671 5.8171 -0.5558 -3.5927 2.8465 -1.0478 -3.648 5.1577 0.45162 0.41618 
6.2204 0.9785 8.3694 -8.4375 -3.3375 7.9527 -4.0471 -9.3749 -1.427 2.5142 
-7.2268 -8.4716 7.2697 -9.7391 9.6827 -3.8491 -9.2017 -6.7517 -5.4699 -8.9598 
7.638 -0.51367 0.43674 4.3064 9.5391 2.0358 6.9512 3.4824 -6.97 3.7124 
8.4711 6.9945 0.57875 8.0008 8.9453 -6.484 -8.4976 -3.3674 9.3113 7.7997 
-9.7449 -1.9384 3.5917 2.6124 -9.4779 -9.0524 -4.2341 -1.3461 8.0943 -2.7952 
-2.4568 -5.264 3.6337 -4.5822 -2.7275 -9.58 -9.1755 2.6764 7.9744 6.6838 
-6.6438 0.82977 -6.2188 -6.1875 -8.7458 -4.4596 7.9423 -9.9066 3.9097 -3.276 
0.80446 -2.6219 -0.55495 9.6545 -6.9159 -2.5909 -6.0254 -0.061105 4.2719 -7.8859 
-7.9668 5.1704 2.3391 -1.7943 8.6144 7.8699 8.5237 -2.2718 1.6308 2.7863 
-9.2146 5.3807 8.5185 2.4233 -3.2917 -6.6509 8.0049 0.69303 -5.4855 -0.92022 
8.6646 -3.0738 -6.677 8.5098 -3.3564 3.5206 9.9403 3.9013 -9.6142 -6.2418 
9.4318 9.3491 7.2823 2.6392 -0.39141 5.7402 7.0841 5.6983 4.7381 -8.1137 
-2.7814 -2.8839 -4.5147 -6.9274 3.9465 -6.8278 4.2212 -8.7663 1.5523 9.2798 
2.8841 -6.1361 1.4795 -5.3648 -3.0106 3.6765 -1.7429 8.0699 -1.369 0.54975 
-8.6411 -8.1789 -7.5039 8.7729 -5.0452 -3.1033 -9.7234 2.0289 -4.6426 3.3488 
-5.8418 -3.7353 0.35279 -0.15031 7.0832 2.9754 1.1558 4.2402 -5.9745 -7.8317 
-9.2079 9.1669 -8.3831 -0.29181 7.6441 4.2072 6.7705 -7.2973 9.2312 5.4971 
-0.61281 2.7693 -2.5946 0.68241 7.3733 -0.27137 -8.0854 2.2512 -0.63643 -8.7493 
-6.9981 -5.8372 3.4819 7.9618 -6.5158 1.5154 -8.2826 5.9848 6.7033 8.8762 
9.8261 -3.3376 -9.4731 -0.33829 -5.5632 -6.5833 5.2642 6.1361 6.2248 -5.1874 
