1250 10
7.1154 1.076 0.15503 -6.3212 6.1829 -6.4336 4.6458 7.2326 6.1518 1.673 
3.4159 6.8479 -2.1149 9.8989 -0.097613 4.0891 2.3791 -6.0248 -4.4203 5.9934 
0.47184 -9.0216 -2.3437 5.8354 9.6427 -5.6753 8.5289 -9.4133 5.3953 2.7257 
-4.0237 5.1761 7.6686 -1.8246 -2.1457 -5.1274 -2.7521 -7.6927 5.0625 -8.7922 
4.0794 3.52 4.6078 -5.5065 -0.023537 -2.2805 6.852 -5.4675 -2.4246 9.3783 
-2.3678 7.4886 5.325 -2.199 -2.6018 6.4774 0.37428 8.5349 -0.078213 -1.9295 
1.3537 -3.3811 -0.21863 -1.3825 -4.92 6.5158 7.4446 -2.4429 1.8312 3.7129 
7.7572 0.36999 -1.8441 -8.5361 -3.7947 -1.9046 -0.4146 7.198 4.7842 5.5152 
6.859 -0.9211 7.4841 6.1545 6.16 -0.54675 -2.8661 -9.3549 -9.1524 -4.2255 
7.976 -6.4099 -5.0475 -8.2923 -3.4912 -0.73072 -8.8153 -4.4131 -4.0937 8.1153 
8.7801 6.948 -9.6606 7.9094 -0.16676 -7.6347 -7.585 -2.4648 -5.8055 -3.5596 
6.3087 -9.0715 -8.0511 7.5889 9.3249 4.6446 6.3442 -2.9524 -0.53609 9.7632 
-9.9728 0.47192 6.1681 -7.8124 -9.8475 0.59473 2.1783 -7.6423 2.636 0.80965 
-9.9382 -5.3459 9.6316 -8.5482 -4.8573 4.6452 8.4501 3.1829 8.7044 2.2485 
-8.2506 8.0655 -0.090876 -1.2467 8.1219 -4.677 3.4236 2.5893 -2.3157 9.1022 
-4.7855 0.82514 -1.41 7.7806 -1.3434 -4.4413 -9.5789 1.2134 -6.5649 9.4104 
-9.544 -8.0263 3.922 1.5823 0.57929 2.8269 1.3656 3.5029 2.1981 -9.1031 
-1.5183 7.1417 -5.63 9.4412 -5.1925 7.256 6.5902 -4.2188 -9.9738 -4.5839 
-3.1787 -9.1452 -8.4748 1.4381 0.70886 -0.33873 -6.1031 -7.204 -9.6956 1.6864 
0.82708 -7.1592 -0.78626 -3.6887 -1.3854 -6.359 -5.4953 -3.7511 -1.405 9.6985 
8.5234 -5.65 -2.3164 6.1298 3.3011 4.9475 0.82263 -7.9857 1.6601 5.9557 
-4.03 5.5492 -5.1806 -0.44661 2.8577 0.85331 -7.7226 -3.0058 -5.5313 4.0162 
-3.2383 -2.8479 5.2089 2.5276 1.4086 -1.1418 3.5653 -0.053258 -4.1131 -6.307 
7.1896 -9.4935 9.3011 -5.767 4.209 -8.2777 -7.5267 -3.4231 -8.8134 4.1917 
-3.1904 6.6756 -8.1015 -9.1597 -6.4882 1.8101 -6.1864 9.0275 -2.3118 4.2336 
-7.2376 -2.736 5.5961 -8.1683 -9.0327 3.5339 -1.7012 -9.4133 -8.6988 2.6375 
0.15598 5.7712 -6.2272 2.0693 9.8686 5.3814 5.8768 4.9901 4.8133 4.6832 
7.1331 7.5932 -9.8103 2.7079 7.4499 6.477 8.1704 9.8175 -9.939 -2.833 
-2.3137 3.5302 -1.7985 -1.797 4.9945 0.03095 -2.1976 3.5536 -3.4762 -7.7149 
3.9138 0.90488 -7.1735 3.9001 6.3163 -3.6841 -9.3141 8.9367 3.5176 -6.9171 
2.5581 7.9778 0.65519 -5.6941 6.8609 4.7897 7.7771 2.0909 -8.3897 -7.5476 
-0.99224 -8.0101 1.1552 -8.4632 7.7082 -8.0641 6.355 5.3897 4.4181 9.2793 
-0.52764 -8.1812 3.8688 -5.2871 3.6885 -5.8694 4.0729 3.0655 8.8429 -5.0939 
8.9941 -9.3152 7.5274 -6.8171 -1.9187 8.5269 9.7209 -4.3086 1.1116 -5.2494 
-8.33 -3.5165 -9.6073 4.3425 9.2114 0.41424 5.5899 2.6046 -2.4149 8.4551 
-4.4034 -6.6787 3.7319 9.9769 5.9417 -5.0468 8.9836 3.742 -9.319 -9.6514 
-1.0599 9.9616 9.7286 -2.1283 3.62 -1.6173 -9.7655 -6.1957 1.9096 -5.7927 
1.7514 -1.6903 9.7152 -9.5972 8.5375 -1.9469 -7.9478 -3.2082 -2.6195 0.048857 
7.5527 5.0867 -0.87838 2.589 -1.4354 -5.6631 -5.5667 9.5144 9.5798 0.33344 
-0.61799 3.8663 -3.0398 -6.4588 -0.13202 2.7293 -5.9309 -7.3355 -1.8849 7.3103 
-1.2516 5.4129 9.6583 1.7768 -0.95424 -4.4762 4.2294 6.0539 0.40957 8.6441 
4.9237 8.2452 -0.2826 0.6049 -9.7758 3.9542 5.4152 6.1482 -3.6359 8.1462 
-0.64179 -3.7864 -3.6981 -3.132 8.8395 -3.8777 -7.5627 7.4889 9.5368 -2.1502 
7.2165 -5.9057 -2.3723 4.3083 5.6543 5.5642 0.71348 2.4212 1.1147 1.0801 
-0.66976 -8.5424 -9.6398 -2.9883 9.231 6.3795 5.6172 8.7254 -2.6435 5.9083 
-0.03791 1.744 0.072636 0.86344 0.33803 -1.9801 -2.6268 -5.4673 -1.739 8.0796 
-0.25139 0.84973 -7.4602 -0.62599 7.1361 2.3932 -4.3939 -1.447 -0.19774 4.1884 
-5.4106 2.8817 -3.8965 -9.7391 2.8662 -5.5559 -9.0789 6.6146 -9.5423 -3.7353 
-8.289 1.9601 -4.8788 -7.3774 -6.8113 -4.9366 2.6398 -5.1425 -5.8388 -9.7521 
-8.6523 -0.99961 -9.9542 3.9396 1.2691 2.1283 4.6535 6.5981 8.0557 7.5163 
7.7678 -6.749 5.4543 -2.0082 8.9103 0.79338 -9.0776 -4.4892 -5.1839 9.038 
-5.3366 5.2984 3.236 -5.5833 9.7051 1.378 -8.1386 -2.328 -8.0851 -8.5915 
7.2319 9.666 -2.0407 -7.7616 -1.8306 -5.5364 2.418 -1.226 -6.0306 7.3836 
4.2347 -7.1371 0.021024 -1.3663 8.9992 -6.1045 -0.63928 -7.2066 6.9605 -3.5851 
7.4563 6.5541 2.251 -4.0207 1.9235 0.35127 -1.2302 -3.8266 5.7748 -3.78 
8.76 7.6227 -7.3386 2.7848 -3.1412 -4.9643 7.4983 5.4481 4.5982 -7.4403 
-7.2062 -8.591 -4.3329 -8.348 9.4628 2.0203 -3.4469 -9.3093 -6.629 -4.7494 
-2.122 -0.44269 6.748 -8.3545 -0.96186 -8.611 1.5406 -2.9577 -4.9577 5.4438 
9.6113 4.7751 7.3186 6.0502 -4.2591 2.6412 -1.8437 4.4994 -4.6617 1.8592 
2.8959 4.6747 -8.9048 4.8072 -2.1321 -7.2796 1.1276 -1.8298 -4.5046 -5.585 
7.9282 6.3249 -0.13631 -2.2783 9.6727 -0.96105 3.0183 6.5138 8.8712 6.1496 
-0.35539 0.6696 6.603 9.7209 -7.5677 -4.4944 1.7866 -9.6309 -9.4072 9.803 
-9.7181 1.2167 8.3697 2.1 -2.0481 -5.0566 7.186 5.2944 7.3134 -3.9936 
2.4576 -3.0695 6.0247 -2.7639 4.3673 7.048 -9.3446 5.1688 -1.7803 -0.35687 
-5.3781 1.0151 9.5756 5.2206 4.3923 1.8053 6.4919 -3.4828 8.36 1.9711 
0.54868 -9.5779 1.4296 4.3842 3.6564 1.0736 9.2398 -2.9688 -4.2335 5.7872 
4.4998 4.7354 -8.7249 0.3622 0.36171 -5.9145 1.4827 1.5149 -1.1758 4.7311 
2.1483 6.6794 -8.2713 -7.8177 -8.4402 6.8742 -7.4086 2.6675 -5.6934 0.064824 
1.7673 6.7264 9.536 -7.83 1.4343 2.1216 5.5616 -9.6981 -5.9587 -8.3073 
-1.3313 -9.3376 -1.0258 -5.9445 -2.3924 5.612 9.5573 6.8052 -6.7766 4.3111 
-5.1165 8.2434 7.8834 4.0985 5.7666 -6.6437 1.6716 -9.6364 2.6127 8.9928 
-1.4208 -8.1015 8.2238 3.76 4.6957 -7.9382 6.0594 -6.5757 -6.8973 -5.5782 
-9.7965 7.0182 9.2283 6.954 -9.1389 0.69067 -5.0449 -7.9115 3.0587 4.7466 
2.1764 0.444 5.5612 2.351 1.4409 6.5751 -9.8362 -0.35131 9.8797 6.168 
9.1595 -9.6727 8.962 5.7658 -3.5206 0.73383 8.6609 -2.7023 6.4843 -1.638 
-8.0911 -7.4165 3.5816 2.5467 -1.6268 4.9285 -2.2785 -2.6533 -2.3261 -1.0312 
-9.2882 1.8635 4.2832 -7.6857 -6.1594 -7.1145 1.8159 -0.2863 -3.7942 -8.7973 
7.7247 4.4357 -7.2481 -5.3908 -5.9939 -7.0823 -0.2256 -1.5826 2.5371 7.245 
-5.0612 -9.2595 -8.3445 -3.7201 -0.3492 8.5763 -5.4962 -3.4791 3.3087 -4.8336 
-9.8217 -6.4766 -7.7555 -3.7373 -5.2121 3.0304 3.872 -1.5829 3.6936 8.4974 
6.2984 -5.3513 -2.6157 8.4108 -6.5973 7.7916 5.2325 3.9437 0.9216 5.3308 
-7.19 4.3003 9.3083 -8.8352 8.6748 0.51959 -3.3363 -7.1228 -8.7211 7.8953 
7.5973 5.4117 -2.7522 3.9885 3.6193 -1.8787 2.8477 8.1507 7.5609 0.91122 
-8.0925 1.7876 8.6079 0.025903 5.1698 6.5337 2.7023 6.2256 -3.706 -2.4927 
-2.9488 7.4588 -8.0803 0.30309 -0.48004 -4.2087 -8.2488 -4.5819 -6.8708 -2.2029 
1.8684 -0.92017 -7.5614 -0.98292 8.8744 -6.6325 -4.5358 8.1002 3.2061 7.4467 
1.7036 9.6786 -0.22776 6.6858 3.4606 -0.68448 -7.5717 1.6822 -5.2718 3.5314 
3.3536 -4.8008 8.4502 -0.53917 -0.47386 2.1765 6.0191 -6.0271 -2.1475 6.5647 
2.9605 3.8134 -7.3033 4.5764 -6.4368 -9.5622 3.4516 3.3656 -7.3063 -6.5591 
-1.3326 1.9349 -7.1124 -1.9447 3.3437 7.9331 -6.2544 6.7628 1.2281 -9.8047 
-7.2048 -4.4134 -3.3337 -7.6794 -1.6523 -7.8272 -8.878 -5.3196 9.6084 -5.7026 
5.0386 -4.4158 -0.90016 -2.1951 -7.3934 -1.0343 7.6925 3.0611 5.6657 2.326 
-5.1643 3.6754 -9.8322 0.3816 3.6533 -6.7746 -8.3653 -7.9309 8.7944 -1.3542 
3.0092 6.2256 -1.8332 4.0933 1.2031 6.8961 -4.2936 3.4776 1.5108 2.6457 
7.1475 -8.4752 -6.3824 -9.1234 7.9328 1.9885 7.161 -3.4541 3.8578 1.0795 
-8.3126 -2.6125 7.467 -5.4398 -4.7352 -3.2101 -9.0004 7.2295 -2.3141 -4.0973 
9.4418 6.1247 0.97758 6.5946 1.6327 -4.248 6.2238 1.0843 -3.1536 8.0346 
-9.3708 9.1666 7.2263 -0.53943 1.461 0.10974 -4.1326 7.0629 -1.0465 9.9679 
6.7081 9.8747 -8.9376 -2.4722 -8.6596 -0.36512 -0.53254 7.9464 3.5434 -9.3022 
6.7143 -1.4886 0.22078 -1.4874 3.5208 7.1512 -7.9618 -6.4674 8.7264 5.0074 
-9.0028 -1.3369 -7.0841 1.2297 -9.8518 -3.8645 4.1089 -1.436 6.5757 5.4622 
0.91772 -3.2311 -1.2269 -0.5225 1.5346 9.6754 -5.6699 5.6811 6.9674 -1.204 
8.8634 -0.90664 -0.89479 -6.0633 5.2546 0.64948 -7.782 -3.8084 2.3092 0.71972 
-3.5705 5.3995 -3.6373 6.8522 -2.9675 -0.13069 -9.6654 9.94 -1.1035 1.5243 
6.1293 5.114 8.5103 1.4278 6.5281 4.5124 -5.3287 -7.6994 5.726 2.069 
2.028 9.8479 4.4303 -2.5047 6.0571 -6.3226 -0.078847 1.0854 -0.97059 3.9818 
5.7924 -5.9385 2.7312 -8.0852 -7.906 7.7248 4.0848 -0.56923 -2.0184 -1.6479 
5.9837 -2.4917 8.916 -2.4381 -8.7187 3.6086 -4.834 6.2429 9.5496 7.7443 
-9.0087 4.1734 4.6066 -8.479 -5.8522 -7.5965 -5.7377 2.1915 7.1718 -9.6512 
-4.336 -6.73 0.43854 -6.146 -4.7356 3.2676 2.2776 -3.8069 0.20302 6.5899 
3.0691 -3.5208 2.9448 8.9389 -0.23285 6.2167 -3.2322 -0.13519 -5.1887 -9.3117 
-0.20689 6.1802 4.7201 6.1542 5.3526 1.5707 9.9146 -2.1642 -6.9707 8.0826 
9.457 -5.6209 7.4202 -7.5107 9.7966 1.3808 -0.24055 -6.7061 -5.3583 3.5635 
4.9698 -3.4322 7.3419 9.3233 -2.9426 -4.8191 6.8466 3.6213 -3.5015 1.5328 
1.3568 -0.76004 -5.4227 2.0601 -2.359 7.6002 5.8731 7.4771 6.0844 0.85995 
-4.0207 -2.9534 -3.979 3.5321 9.4238 4.9821 -4.5801 9.9144 -3.1264 -8.139 
-4.8778 -8.5292 -1.8019 -5.1459 -0.72796 -4.9853 6.7662 -2.9598 -8.4339 -0.98221 
7.7313 0.10386 -6.1534 8.6967 -0.059301 -6.9455 -1.0959 1.2132 -6.8389 8.9702 
-1.064 -4.516 -6.109 0.66279 -6.7319 0.88268 -1.9184 -8.9911 -8.9921 -2.8516 
6.3197 1.3527 -7.0071 -9.8245 -8.823 6.6107 -1.9658 -1.0778 2.6393 6.8742 
-8.0333 -9.4498 7.1041 9.4092 -0.15651 -5.39 7.5575 9.6477 -3.6385 1.6375 
7.1919 2.2743 8.6136 7.6033 -6.7031 -8.1673 -0.70771 -5.7163 8.0563 7.2387 
-9.4474 -1.5278 5.5914 2.9467 5.816 -5.4759 6.3067 -1.2704 -5.5391 6.0178 
7.9831 2.9059 -6.8341 -8.2154 -4.9743 9.8001 0.83771 1.0519 9.1412 0.95658 
7.9987 -3.8776 4.5833 2.8386 -6.2939 -9.1255 5.5401 -5.517 -5.2066 4.5906 
0.48212 -4.1843 -6.1299 -8.5363 -3.8593 9.5136 -7.0077 -7.7859 -6.4595 -2.6455 
-7.596 -1.3897 -0.83631 -4.006 7.507 -1.9528 1.4593 3.3771 0.21565 5.7699 
-6.4441 1.0055 7.1081 2.5058 -8.1422 -1.8473 9.8662 3.9496 6.7543 -1.6612 
4.1222 -7.5508 -7.3649 -9.4243 2.734 4.7822 3.1171 -0.29999 7.701 5.0487 
6.6272 -7.3915 2.2774 -6.8274 -6.8108 -5.0692 4.1982 -3.1271 9.7471 5.4447 
-9.3033 -5.4242 2.7682 4.5714 -8.25 -5.1365 1.388 9.1538 -3.0749 6.5733 
5.1568 -7.8615 5.0406 0.64534 5.2372 2.417 8.831 5.2158 8.5811 7.367 
9.1422 -8.1393 -4.8665 -6.0663 0.6754 7.701 -6.3775 4.6003 0.16667 1.0403 
-3.1426 -6.2285 0.97314 8.3657 4.1625 -5.2317 0.70873 2.6667 -5.8345 4.898 
2.7649 3.6699 8.7608 -5.6946 -7.5827 -3.3132 6.2818 -1.0408 0.95107 8.3122 
-3.1399 0.82965 9.0013 -2.9423 -2.4188 1.8726 5.9243 -0.37388 5.9204 -3.6843 
-5.6706 0.42814 2.1103 -6.8352 1.7212 -8.5326 5.3274 -8.3393 -2.667 -0.7596 
5.724 8.8363 6.2114 -2.5986 2.4257 4.3741 -8.0609 -0.054436 6.2537 -2.1447 
4.4618 2.75 -3.6979 4.7419 -4.7634 -2.4382 6.8049 -5.7001 -7.845 3.3934 
-4.4232 4.3712 -4.5573 -9.4 5.0578 8.3977 1.3212 1.2324 7.3481 7.0833 
1.6486 -1.5112 -1.4251 1.2175 9.53 2.5475 -5.1243 -5.2362 4.2549 -2.9451 
-1.5799 -5.0328 4.9452 -5.6358 -2.8631 0.19424 9.0387 -2.2536 -6.5432 7.944 
-8.1586 8.7197 -0.70035 8.3634 7.4236 3.6076 2.2418 5.9482 -2.4608 -8.4151 
-9.5195 6.0426 9.6748 0.36128 -8.3688 -8.42 4.4222 -9.9482 4.4477 -2.8354 
-0.17708 5.2327 6.9731 -6.8639 7.5795 -8.7076 6.987 -2.4314 -8.0234 1.225 
-4.4347 -8.7649 -3.5628 6.6066 5.1231 -6.9593 -9.5635 -7.5087 4.0917 -5.5947 
-3.2049 8.1331 -6.4281 5.0292 -1.9003 1.5725 -8.4024 8.9001 -8.1539 -0.22205 
-4.253 3.1126 7.1045 -3.1265 2.2873 0.023035 6.3468 4.7962 -1.6653 0.55308 
-6.5819 8.959 7.2076 2.4277 3.5035 -6.7692 3.164 -8.9279 8.5516 6.3693 
-2.0147 0.90484 -7.8999 2.227 7.1508 -6.5051 2.5008 1.8162 -3.2947 7.7504 
3.953 -3.8936 5.2105 2.1799 4.8556 -6.5953 -4.349 5.9961 1.8723 2.0148 
-5.9265 -8.2297 -7.2178 1.9207 7.0379 -2.4674 7.9569 -7.6148 -6.5339 3.9627 
3.3265 -1.5693 2.1413 -9.4134 -0.20939 -3.9181 1.1895 -7.0453 -3.3171 -3.5129 
-1.1387 -2.6493 5.8542 -2.255 -8.1495 -1.333 9.6289 -4.6423 -5.2835 1.8468 
-1.3341 7.0506 -5.7642 8.8774 -1.5098 7.7251 -0.74182 5.1967 5.0911 -5.3845 
-6.4952 9.6785 -9.359 3.1951 -4.9976 -2.5783 5.8265 5.007 6.4545 9.2695 
-6.136 -8.9229 6.0688 8.6266 2.162 -8.4826 -3.2168 3.8567 -4.8076 -0.088212 
2.3284 -2.8573 -9.2139 7.7184 7.1725 3.5434 -5.7363 0.99024 -8.3519 8.2174 
-4.6198 9.9813 4.82 4.1676 4.1175 9.0751 1.4641 1.0062 9.6899 -1.5947 
1.1936 -1.6997 -3.2136 -1.1503 3.0243 -0.22516 -9.2984 -5.3756 9.1684 8.9564 
8.8957 -2.387 -1.6782 6.2726 5.7048 -7.3706 -2.9743 1.1795 -2.9143 -0.050195 
4.2894 -7.9084 -6.1241 7.1051 -1.6879 5.6372 3.9171 -9.1988 -0.12495 0.23515 
3.5844 1.7922 8.9411 -6.2802 -7.7513 -3.0469 -9.3341 0.69369 5.0896 5.404 
9.1876 -7.0736 -7.2889 -2.9358 6.0434 -2.5189 4.6977 -5.3863 5.0816 4.1502 
5.5067 -2.4685 -0.61252 1.3222 -3.1151 -6.4603 -3.6523 -5.7393 -9.6372 3.861 
2.1545 8.727 7.0268 -6.3038 4.0583 -7.3825 -4.307 7.6821 9.3016 -0.67332 
8.96 4.0074 -5.0635 -0.68811 2.9894 -0.89388 -8.3198 9.1028 1.1919 -7.6989 
-8.8072 -5.1413 -1.3721 -6.3346 -9.9866 8.1356 -5.9805 -2.8677 -9.7916 9.2866 
-4.6258 4.8424 9.8841 1.8284 -4.7637 -2.3173 -2.2881 -8.1398 3.353 -1.7514 
9.7336 -3.4672 8.553 5.6199 -5.3372 8.9519 -1.8231 4.8784 -9.5533 -8.113 
5.4441 -2.6008 -9.1396 3.1094 6.5604 9.062 -9.7394 -9.2175 -7.7994 1.8664 
-0.49291 -0.14412 0.95432 -8.799 0.24631 9.7401 8.3174 -2.7423 4.077 -2.8417 
3.618 -5.9876 -9.9701 3.7491 -2.4619 -0.04711 9.0581 -6.0461 9.1025 -3.343 
-1.6613 -4.2487 4.4952 3.2371 2.9046 -9.4086 -3.2851 -9.9231 8.8848 -8.6962 
-2.397 -4.1481 2.3754 -8.9344 -6.706 7.0783 0.014852 3.5817 -5.1915 2.6822 
-5.7346 -1.4031 -2.5533 5.2665 1.5683 -9.9503 -8.8014 -8.4196 -1.2992 -4.3172 
-2.3412 -0.43774 -4.1168 -9.307 1.4244 5.1303 -8.5636 -3.2419 -2.7612 -5.4439 
-9.4066 8.6384 -8.8972 7.9548 -1.2386 -4.7394 -8.1241 -4.6793 2.6812 9.9784 
-0.55358 6.7246 4.0138 4.1447 -4.6586 7.645 7.4731 5.8567 4.3742 2.9262 
-3.3325 -4.2005 7.8593 -8.2108 3.8344 -0.86476 4.5056 -5.5186 7.0723 -3.1144 
9.5169 9.1615 4.5205 -3.3235 9.5043 -2.9916 -0.91457 4.6103 4.2034 2.0907 
1.1089 4.461 1.7104 -7.2329 8.1103 3.8929 1.4703 1.751 -8.9724 4.3278 
6.9261 7.2962 9.0442 -5.2154 3.4647 7.2552 -8.7917 6.2003 -3.2287 5.8092 
-1.8387 0.465 -2.785 9.4215 1.734 3.259 -8.4004 -2.782 1.3615 -1.6546 
-0.75964 -8.9446 -8.175 9.4209 -1.5953 2.5125 -1.6551 -7.1994 -6.0311 -0.78673 
6.5261 9.2003 -0.26166 6.139 0.75349 -0.65407 3.921 3.7452 9.5666 6.3897 
9.8241 3.4442 -6.6883 8.4615 -2.4651 -8.239 -2.689 -0.68549 0.53242 -2.1223 
0.47895 -8.6907 -4.8535 3.6449 -7.6315 3.714 -1.355 0.62136 -7.2274 7.7295 
8.5087 9.5827 -9.9651 2.8801 9.3959 -6.6438 -3.7762 1.1621 -6.4149 -2.7605 
4.7804 -4.1031 5.265 -0.065015 5.1365 6.6928 -7.8796 2.5092 1.6141 0.64684 
1.3486 8.9982 5.2759 9.8375 1.2459 0.77213 2.9308 7.9083 -3.5009 -3.2128 
9.3756 -6.5316 -9.6865 4.4814 8.388 3.7594 5.95 -8.149 -2.5367 8.9965 
6.49 -9.9819 -7.525 -2.4019 -6.9168 4.8281 2.0884 4.7856 -4.2998 6.4102 
9.1922 7.5691 -8.3912 -8.4088 -3.1669 0.92287 -9.7205 7.7564 1.8472 -6.2336 
2.9269 7.0107 -8.4385 4.6517 -0.41208 1.4764 -1.6526 -9.7743 -1.8043 1.3489 
-2.4085 -3.2718 1.8249 0.27469 -4.5624 -1.9336 9.349 5.7333 9.055 9.646 
-0.46851 -8.0334 -0.077441 0.44696 7.4603 -3.0219 -3.2681 -4.622 -4.1934 -1.7208 
8.2378 2.5624 -0.14122 6.2871 -1.4258 -6.191 -0.94702 9.6604 -6.7619 1.3046 
-9.7029 -1.9917 2.964 6.6924 5.0169 5.6478 -7.6701 5.7072 -6.9519 1.2009 
-6.8661 8.561 6.8149 8.9371 7.7919 3.0517 -9.1532 3.5561 3.9847 0.55526 
-0.56864 7.6121 -9.657 -0.26893 -5.3195 -0.54767 9.9508 8.1912 6.4875 -1.2038 
0.85983 2.3816 6.8812 -6.3952 6.0605 2.5343 1.5241 -4.4128 -6.2317 1.8114 
-8.8062 7.8788 5.4379 -6.4282 9.228 -9.9324 -1.6507 5.3389 7.3582 -2.9054 
3.1606 -5.8189 -4.2179 1.9539 -6.7386 6.3191 5.993 -8.3976 -1.9324 9.6844 
7.7927 -4.834 4.0127 9.4945 2.9766 1.5728 -2.8091 -3.5639 4.237 -5.7642 
-7.8073 -9.9175 8.2609 8.5506 2.3265 9.2067 1.4228 0.7203 2.9055 -7.9507 
-1.2445 -8.1909 8.8979 1.0785 -5.632 9.1104 8.9349 8.7093 -6.2615 -9.2251 
-4.3954 1.9164 -4.6405 -4.2209 9.7375 3.9787 1.4715 -0.34584 -0.60711 1.4684 
9.7049 -4.0137 -6.9128 -5.4892 3.8293 5.7026 -8.6069 -6.1793 -0.86843 -8.6115 
2.1752 5.5087 -2.5881 5.3339 2.678 0.35724 -6.8963 2.799 7.2655 -0.82739 
-4.925 2.8478 -5.5437 -5.6359 -1.4726 8.7084 5.2824 0.51946 -9.8516 0.99887 
-7.3477 -6.4091 -9.4748 -1.101 6.8084 3.8359 -9.1053 -0.22706 9.4758 -3.3808 
0.9001 -4.3332 -6.3784 -2.9759 9.1407 4.5116 4.9432 -3.4684 -6.8495 1.0859 
6.5561 -7.2829 -5.123 -1.5803 9.1284 -6.0629 -9.05 -6.5573 -1.1811 -9.5959 
6.7401 1.2699 9.9424 6.1328 -0.14078 -1.3231 -6.2089 -9.8864 2.8754 0.84458 
6.667 -7.1149 3.0987 -9.3878 5.5301 9.8453 8.3511 3.8538 -8.1597 -0.70024 
-5.9257 7.1211 -7.6433 -5.3374 -2.9736 -2.6947 -9.63 -1.448 -5.1232 6.7656 
0.88835 -9.3918 6.4953 8.1598 7.8452 -3.454 4.9699 9.0035 -2.9198 0.53173 
7.4989 7.0065 4.6285 6.8209 2.6861 7.5992 9.5249 6.9975 -9.7334 -8.9759 
-7.58 -5.344 4.2876 6.6307 1.6815 6.9559 -8.3631 -7.9514 4.6863 -1.5391 
7.127 5.0987 1.1444 -6.8893 4.6732 2.0648 6.7946 1.7143 -8.3603 8.4584 
7.9955 -8.8722 -2.3786 -3.8888 -3.0109 -0.8526 9.2593 6.695 -9.9838 -4.4505 
-5.6427 4.1529 -3.0529 4.7441 6.8108 -5.9573 -5.5462 -0.85838 -4.7739 -4.6472 
-8.4604 -6.3176 -8.2924 2.0246 -8.6442 8.588 -8.816 9.408 -4.4613 9.9033 
-0.5157 9.8921 -5.7566 1.8268 -7.1343 -9.6606 0.14585 7.2611 -1.4773 -7.4948 
6.7005 0.33399 -8.2286 8.2361 -2.0596 -6.3248 9.3025 8.6169 4.2826 -1.3142 
-0.61213 0.76302 5.1907 0.088965 -8.6424 9.7913 -3.3036 -4.4451 0.47033 0.66614 
-1.7246 -4.5697 -8.6076 5.8478 5.3874 5.862 -3.4453 8.7827 8.9282 0.53804 
0.054925 -2.4349 1.7155 6.094 -1.9389 -5.819 -4.1176 -1.1599 -5.2646 9.154 
-7.4912 0.24293 -4.3442 3.0204 -0.14383 6.9231 8.2014 -7.001 -9.9101 -9.1708 
-7.3543 0.30837 0.43318 1.9808 -1.3386 8.6866 -8.1473 -1.6201 -2.9559 5.3075 
7.4095 -0.62133 9.4854 -4.0404 3.6099 -7.8494 -4.0077 8.416 -9.7309 -2.1222 
2.059 -6.9167 3.6843 9.3151 -7.0068 -6.9641 -2.2993 -1.6778 -2.2283 -3.5745 
-4.694 -5.6975 -1.9704 8.4476 2.3436 0.87264 -0.88971 1.1549 9.5517 1.3765 
7.2961 2.9035 -7.9046 3.0057 2.9372 7.0361 -7.8524 -7.1685 -7.0929 0.79646 
-8.8378 2.1228 -1.7023 -6.4832 8.5393 -0.68372 2.7209 5.5083 -0.40453 -9.3638 
-0.84492 -6.3531 0.95399 -6.4231 -8.6823 0.083059 -3.8398 8.8902 -9.365 3.8382 
4.4442 7.3538 -5.373 -3.4941 8.9636 9.9312 7.5458 5.8551 -4.349 -2.3931 
-3.22 0.55436 -9.8794 2.6709 -9.0315 -6.217 6.0533 -0.46088 1.4543 4.2139 
-1.9756 9.4908 0.82272 -4.3309 -6.5909 -4.4926 6.0363 1.363 3.1814 1.781 
0.5396 -4.2903 7.5979 -3.9321 0.62968 -2.4688 1.4803 7.6821 8.6718 -1.4116 
7.8847 8.9816 -2.4316 7.8267 -7.173 -9.1069 0.7736 2.379 7.485 3.0697 
5.5672 2.1521 6.5299 9.577 -4.8879 -7.6436 5.7449 5.3946 5.8317 4.594 
-8.6126 5.5298 -6.9453 7.0403 7.8194 -0.1588 0.17304 -7.6905 4.1537 -3.1812 
-4.4243 -8.7304 2.0057 -0.078817 4.3965 -3.87 9.5455 -6.2596 -4.717 0.34984 
-2.4126 1.8231 6.7672 7.5094 -2.0264 -5.5959 2.9514 -4.0495 -9.1243 8.6693 
7.2935 7.9952 -3.5541 4.1923 -9.1899 -9.3451 2.7111 6.2567 3.1659 -3.5501 
-1.6008 0.19576 -1.8809 9.0664 9.4935 -9.6727 7.2702 -1.9437 -9.1858 -9.8519 
-5.2025 0.6567 -1.7091 -4.8201 3.6905 -3.4488 -8.5715 0.25903 2.3721 7.1342 
1.9531 5.9715 1.5619 8.4758 -1.11 -0.067119 -5.6526 9.0938 -9.1837 -5.1677 
-0.41191 3.1019 -7.4274 5.1112 6.242 5.6479 8.8348 -9.9883 -9.319 -7.813 
7.971 -0.73884 -7.9166 3.1806 8.2097 -3.3556 3.6151 -9.7827 -7.562 0.91229 
8.6942 1.1463 -7.1281 -5.5106 -5.9287 6.0119 -3.3811 -6.1182 -2.1905 -2.0776 
6.3577 4.8607 -1.2049 6.3929 1.6771 7.5368 -1.4698 0.72854 -8.3757 0.31508 
4.1782 0.28643 -0.56308 -1.3353 9.1482 -3.6525 1.5033 6.9572 -6.7729 -5.9045 
4.8644 -7.5844 3.7339 -2.2044 -4.5061 3.9267 -0.83118 -9.9494 6.7772 -5.6073 
7.9942 -4.6383 -2.8133 -0.46202 -2.9031 8.4763 -9.3814 7.2794 4.2468 -0.23481 
-8.6952 8.4972 -3.8105 -4.6081 8.7926 7.7911 -7.3282 -6.5943 2.4121 4.8607 
-3.2818 1.7879 -9.1769 1.7765 1.1549 1.9838 0.12104 -8.6244 -1.178 -2.2932 
-9.9133 0.78447 8.9504 9.3941 2.6119 -7.6596 -0.038109 6.6307 -8.677 0.006528 
6.5619 8.7453 -8.5077 7.6137 6.4664 -7.232 -2.2054 -4.029 -8.4729 4.7383 
0.14871 -4.8874 8.9941 9.269 7.8976 -3.0138 9.4377 -5.1122 -5.6669 -1.6875 
-2.6768 8.238 -5.3508 0.30012 -2.0267 -8.5416 -7.2709 -1.755 -4.8988 -6.3448 
-5.4672 1.1423 -8.2906 0.19797 -0.85119 -0.10755 -0.28597 1.63 0.96917 9.713 
0.69663 4.7737 4.5701 1.112 -0.43033 -8.6872 1.3431 8.3336 -6.1651 3.4797 
-4.2103 3.6864 5.08 6.9933 -1.9972 4.5087 1.8395 6.2584 -7.5916 9.0735 
-8.6326 -7.2059 7.9034 6.7881 6.8804 4.8615 -2.1316 0.7877 3.2096 -5.3117 
-8.3006 9.4698 2.0586 -7.4314 -3.1838 -1.5303 7.0404 -8.2569 -3.2413 -7.6145 
-8.6332 -1.5092 -0.36601 -4.944 -1.0937 -1.0621 -9.9181 6.2607 6.3278 3.6533 
-1.8037 -8.4758 -3.585 -3.2825 0.12779 1.9476 2.7035 6.3644 5.8865 -4.1744 
-7.5324 -7.8415 -0.73528 4.6169 -3.0544 -4.1606 3.9099 0.3395 -6.8937 9.8581 
-1.1397 9.4448 -0.85067 3.6233 9.6584 3.279 7.9294 -5.2075 7.6421 4.7188 
7.9788 1.4071 1.7924 -3.4576 3.5574 -7.8069 2.7709 2.2052 -6.7084 -1.1831 
-2.9272 -0.3235 4.6907 -2.7917 -6.212 -7.8368 3.8724 -4.639 8.0553 -7.3544 
-7.5964 2.8998 9.9864 -3.4013 -5.0916 -5.1749 6.9527 -5.4049 -0.38905 2.5826 
1.3822 -5.6359 6.558 -0.67316 -8.0582 -2.602 0.97932 -4.5502 9.3847 5.2928 
7.5007 3.8981 -4.4093 7.4215 2.8781 -7.9185 1.4189 4.4686 5.4402 -5.7833 
-3.0285 -5.0849 6.6355 9.0727 9.462 -6.4793 2.1266 -5.5378 0.9223 5.3085 
-9.1616 2.6724 0.56415 1.2843 3.4999 -4.9633 3.4521 -2.2163 -9.5354 6.4829 
-7.1532 9.2027 -9.8511 8.8935 0.93577 7.8264 -3.2343 -0.38046 -1.8727 7.9537 
-8.4681 4.5284 5.1401 6.6528 1.8321 4.7552 -5.7402 -1.277 9.3522 -7.0235 
4.8105 9.3932 7.012 -4.5812 4.0515 -0.37639 -3.1034 -9.4114 7.8533 -8.1335 
-0.8695 5.2428 -5.4982 -3.2511 -7.6785 2.0287 -8.3718 9.0705 -2.2918 -4.0269 
3.365 0.50192 -1.004 -6.6504 -8.0608 -9.7043 -7.4978 8.3271 -6.3318 5.5402 
3.9849 -1.0642 7.7492 9.3092 2.4972 -5.6564 7.3116 -2.7113 -8.1979 -9.5185 
1.4271 2.7672 -8.1492 -1.7748 7.7155 -2.5508 6.4818 -1.707 7.6853 -4.2605 
2.5739 -3.8572 -0.072505 7.3188 -7.2595 4.0002 -8.6764 0.29067 3.0343 -3.544 
7.5553 -1.1319 -5.4272 8.4131 3.0959 0.95319 1.4151 0.07039 4.3697 -9.5764 
3.247 3.3054 -7.7853 5.7447 6.2468 8.9238 -1.8073 3.2732 -6.0229 7.2223 
7.5083 6.4455 -0.99511 -3.1002 1.0002 9.0273 2.2 -4.903 -2.4537 9.1696 
-0.64966 -3.6196 -9.3626 -8.6139 -1.7262 3.4968 5.8286 -0.39753 -6.7488 8.5781 
-7.1733 3.1409 -5.3261 5.2686 -4.4384 0.40076 -6.062 0.46271 4.7204 9.0774 
-8.6373 0.10807 -0.17178 1.8995 3.4741 -6.5705 -3.9251 2.8866 3.1363 2.9845 
4.2848 -6.8511 -3.1158 1.2861 2.148 -9.3831 -5.3055 1.343 8.7026 8.1815 
-3.8403 -3.8985 1.815 3.683 2.5681 -9.2873 7.108 0.3392 1.6262 -6.1558 
3.4233 -7.898 -5.3553 2.5203 -7.0259 7.7018 8.2966 0.52875 0.39597 9.2834 
3.0484 7.4124 7.8016 4.8268 -8.9001 -5.3531 -4.1041 -3.026 2.6625 -5.114 
0.62098 3.579 1.3497 4.5145 -7.466 -9.0311 -1.23 7.7378 8.6936 -5.0912 
4.3021 6.5375 6.6069 -3.2719 -1.9721 -6.9516 -0.036265 5.019 1.0561 -5.1456 
0.096212 8.9214 -6.6429 -4.8617 0.46635 -2.8277 1.0037 4.7468 -5.8315 2.7627 
-0.24001 2.6121 -3.7203 -5.3419 -6.0269 4.7315 4.9208 -1.3735 -0.84031 9.4432 
-0.043234 0.26804 1.5314 8.6482 -0.68198 6.5219 -1.8707 7.1632 -2.6503 -5.2824 
8.7195 1.1199 -7.5666 -1.0737 5.1681 3.2496 -5.2897 -9.1441 0.88874 0.5785 
-2.2144 9.7486 3.3667 5.1721 -1.772 4.2073 3.5384 0.50038 -1.1668 3.9347 
-7.6571 2.538 -6.389 -1.7721 6.677 -4.337 4.7122 -0.88347 -1.2767 8.3531 
-5.1915 7.0403 -6.4409 4.1652 -0.88096 0.87847 -8.4963 6.8829 -3.2144 -2.7813 
3.6982 -0.19499 6.2042 3.3439 8.2543 4.3047 6.2732 7.7297 9.5479 -7.6944 
6.7851 -9.6008 -8.8505 8.3058 -8.0531 8.4672 0.69746 8.0978 0.98605 -7.3414 
9.4029 -5.1234 1.6651 4.7557 8.385 2.0661 -6.0612 -0.66867 -2.6845 -0.83224 
-5.6966 1.0015 4.0836 -3.6265 2.4124 -1.6357 -6.7876 4.8687 1.8774 -2.5509 
5.2069 -7.9687 8.082 7.7627 -3.4406 -8.887 -2.9017 -6.2207 -3.5802 -5.3251 
1.6821 -0.51376 -4.2104 -4.1982 -5.4204 9.0966 8.5202 -7.0194 5.2361 4.2043 
-1.941 -6.5094 7.1982 8.3763 -0.34144 -2.6534 -0.45226 4.5961 -7.6258 8.9716 
0.20081 -3.4923 -1.8012 9.7415 -8.1099 -7.636 9.7032 6.585 3.9807 4.039 
-0.087116 -7.7923 9.9598 -0.7188 8.4207 3.359 -1.2884 9.5725 7.9802 -9.2454 
3.0274 -1.4353 2.3274 7.0314 -1.9864 -6.0354 -9.7374 -4.6708 6.2959 9.4707 
4.8741 4.3798 9.2029 -3.3115 -1.1221 -4.8367 -3.3284 -1.7511 5.449 -3.2473 
-3.9609 5.3523 -9.2243 -8.3345 -8.6587 -2.9394 -4.5581 9.7881 -2.347 4.2897 
-8.2078 8.5437 -6.3942 9.9334 0.71491 -2.3758 -1.4291 -6.9737 7.4329 8.8638 
6.5193 5.1391 -7.7786 -4.5751 1.0809 -0.24733 3.8877 6.1448 -5.9794 -4.8006 
-2.2083 -3.35 -6.2747 2.2675 -4.7863 4.4679 4.2059 3.1955 -3.3743 5.8438 
5.5061 7.6112 7.5501 8.4496 8.1907 7.2953 -9.1037 -6.0109 -8.0508 6.9977 
-6.4126 0.51219 2.3034 -4.7875 -9.7585 0.30258 -7.181 3.3042 -0.044068 -0.16772 
-7.8128 -4.6532 5.155 -2.9845 4.5061 8.7044 4.5926 5.7639 3.0069 5.8595 
8.1032 -6.6357 0.89839 5.3808 7.1305 4.1404 -8.2406 1.8713 -2.9811 -8.5327 
7.527 -9.0998 -6.0682 0.42361 0.46101 -0.42418 6.2212 4.2393 9.5795 8.5949 
9.9959 -6.5845 5.2128 -2.9134 1.8529 -2.7185 3.7654 7.0158 4.9117 5.7649 
7.2851 8.5155 -6.5549 -2.8676 -0.082661 2.6574 -9.3178 -4.4706 -9.2042 0.78631 
-9.2624 -7.8275 7.2312 5.4151 -8.7815 2.6044 -1.6452 2.5772 8.6605 7.7997 
0.89365 6.683 6.6304 -7.8903 2.791 7.9348 5.8232 0.38221 -7.5028 -3.2456 
9.9523 -6.9637 4.981 -8.4038 -3.5887 4.4106 -3.6523 8.1345 4.9217 6.6747 
0.22016 7.1175 4.4243 9.1655 9.8625 -3.306 -8.3681 -9.1164 -1.091 8.7088 
7.4702 1.9714 0.46109 8.1672 -5.2514 6.8939 -5.6218 8.7158 2.2449 0.94449 
-8.5956 -6.0446 8.2443 -2.5886 2.9558 0.2841 -7.0788 -3.9769 0.89088 -2.6989 
9.7508 5.9506 -4.3822 -8.0477 -6.355 5.7489 4.7499 -0.63312 4.6896 -5.3809 
8.4543 5.7477 -7.7853 -2.6459 -3.7246 -1.8481 3.8688 -7.7339 -1.166 -2.4377 
1.2852 -8.0883 -2.9113 3.8076 0.89404 7.2509 5.4435 0.28919 3.9498 5.1128 
-1.3708 -6.571 -7.6438 8.3222 -3.6029 3.7146 7.2183 9.6069 -9.7281 8.3248 
-3.2431 2.0562 2.1186 1.2336 -7.9389 -0.14756 -4.3153 4.4476 4.2086 -3.795 
4.4145 -3.498 -2.8023 1.8133 5.215 4.6592 1.6575 -8.9306 9.7015 5.1618 
-9.7269 -4.6543 1.5026 -3.0094 7.1691 -8.214 -4.3183 5.1076 2.3933 -4.2339 
-2.5188 5.786 2.3873 -3.6201 -4.7945 -7.2308 -0.2347 1.9537 -1.4334 8.2191 
8.4537 2.3323 4.4172 -9.6888 4.2595 3.8536 -9.0798 4.8489 -8.7487 -8.2518 
0.92959 3.7293 1.1446 -1.6878 -0.84884 4.3823 2.4638 -6.5052 4.3073 -2.5927 
-0.52226 3.9487 -1.0097 8.5919 0.31517 7.3134 8.177 9.0794 -1.0354 -8.2428 
-0.069254 8.6404 -3.0895 -3.3229 -3.4644 -3.5202 4.5841 -7.829 -1.7626 -7.9993 
-3.8206 -7.5962 -8.795 -3.9495 -2.0542 -0.014517 5.0099 -6.2863 9.4244 -9.2142 
9.0168 2.1377 -1.1191 -7.2604 0.33357 3.3117 8.2754 7.1838 -7.1794 -2.215 
9.6399 -0.20265 -5.5824 2.3537 0.71984 -8.2593 -3.6972 -3.3925 -2.5335 -2.3449 
0.27126 0.59403 4.4952 0.91341 9.4607 5.418 5.7226 -5.5135 -5.9465 -8.5168 
9.8518 -5.5626 4.8576 8.4814 9.8297 6.1719 -2.5721 -1.6522 6.5259 -7.0183 
-0.88313 4.9636 -4.7805 -5.7699 6.0811 -0.38262 0.7145 9.0235 5.3544 -5.0466 
-1.4792 -4.8369 -9.9214 6.6405 -5.2962 -2.8358 -0.044977 -5.7272 5.3646 4.1873 
-5.7357 -6.0177 5.7139 -2.3209 8.8928 8.7745 -2.4242 -1.3612 0.43166 -6.6861 
-6.135 7.4305 9.7402 5.4287 -9.2678 -5.8214 6.9866 -9.3579 7.3126 -0.02152 
6.6551 -9.4563 2.17 -5.671 -1.5093 -8.0577 -4.7961 9.7426 -7.4615 5.9285 
4.5327 -9.2732 -2.8116 7.6724 -2.1057 1.2557 -6.9489 0.0012882 5.5354 7.7458 
0.59491 -1.2401 9.2865 -1.0585 1.8699 -6.6508 0.10023 -1.5403 1.9981 2.9877 
6.5816 -8.6862 7.4644 7.8846 8.8289 4.7764 6.0556 -5.3371 7.2098 -2.8539 
0.23749 9.5877 -1.2973 -2.8145 1.0037 9.0995 -9.4472 -8.7153 -7.0372 4.2376 
1.0392 2.578 -6.9345 3.8877 -4.7953 -5.5091 -1.3605 8.6671 2.014 -7.8018 
-5.7343 3.1266 3.0273 1.7725 3.0769 -4.2749 -5.306 5.2052 9.4028 -7.5407 
1.7564 -3.4419 -6.7898 6.369 0.85558 -5.115 5.9996 3.539 -1.0238 5.3511 
-7.1447 -0.49 -3.6093 -6.7037 5.2196 -0.33643 5.0708 6.0923 -0.81401 -7.0757 
-8.9555 -9.6752 -7.0232 -6.6682 3.6182 -5.9546 8.8867 -6.1696 5.8073 -8.2262 
3.6662 -5.9994 -6.7765 1.2867 0.27866 -3.4725 5.0773 3.7078 -2.5845 -0.63653 
2.1712 7.1699 -4.9581 1.4526 -1.4305 -6.9863 6.1008 -5.1226 -8.1244 -0.8434 
-5.6069 -8.6492 -0.34965 7.4906 6.8978 -0.76559 -7.6418 -1.9508 0.025998 1.01 
-1.8744 -3.785 -1.4382 1.9591 4.8379 3.1162 4.3515 -7.5373 -0.28569 6.6207 
2.5982 6.5325 7.8993 0.033103 0.50519 -8.4609 -8.9292 1.6574 -3.433 4.308 
1.1062 2.2374 -4.2486 -3.9242 -7.4773 -2.9896 8.7979 -6.4832 -6.2717 6.4201 
-7.4484 8.292 -3.998 -2.7443 -7.8258 -5.7456 -6.1483 -2.4735 9.815 4.7205 
-6.616 7.6822 1.2962 6.5422 -1.4126 7.5233 -2.6785 0.69715 1.6715 8.3545 
-9.98 -5.0937 5.3498 0.44758 -0.84424 1.0782 0.28994 -0.16567 -7.907 -5.1696 
-1.6368 9.164 8.1286 1.2516 6.8145 7.6809 7.4232 8.8305 -7.6774 -6.9907 
-0.23029 -0.95407 -2.6786 4.9246 8.0467 -2.8884 -9.3274 -3.6353 7.8681 5.1685 
-6.8026 7.7712 -3.8815 3.1647 2.808 9.7234 0.047452 -8.5687 0.047049 -9.1791 
3.3368 -0.70299 2.0765 9.8127 5.5667 6.4295 -5.0689 7.9278 0.76397 -4.4779 
-9.6416 1.7044 -0.21569 3.7611 -6.0975 7.2182 5.4591 2.5852 -6.5694 8.0603 
-7.6065 -9.7664 -5.1114 1.9007 3.6733 -6.6089 2.9745 9.6969 -5.4923 -1.046 
9.0425 4.5687 7.4482 5.1434 4.2285 -3.8518 -7.4409 2.8695 -0.30466 0.72317 
9.5171 -1.694 0.62654 1.4635 5.1469 4.8505 -4.4357 8.6777 0.046803 -8.3701 
-9.3817 -7.6273 4.633 5.9621 5.859 6.8974 8.1081 8.1218 -1.0801 7.5244 
-0.12236 1.9251 -1.9033 8.4659 3.4501 9.7591 8.5767 2.8075 4.3207 3.7492 
7.2544 -9.9062 4.4401 5.4248 -7.6066 -6.8709 0.49583 -0.76069 1.5798 4.7262 
-5.1425 8.7891 4.0762 -4.6112 4.2527 7.4231 -9.471 -4.2584 -9.5381 5.1928 
6.6854 3.8282 -4.0527 8.9513 -2.5095 5.4254 -5.783 7.9771 3.358 -4.778 
6.2718 -4.564 -8.3884 7.268 -5.387 4.056 -0.73651 -6.6685 -5.9495 -5.8058 
2.5795 5.0747 2.3831 1.7848 5.5073 -0.083778 6.4092 -4.3035 8.5161 6.7771 
-9.9552 3.1666 -0.63265 -6.9714 -1.1449 -5.4999 -3.3621 1.5946 -1.4649 2.5603 
-2.4055 -4.3258 9.0568 4.9233 4.375 4.132 6.0866 9.8744 -0.14428 -5.925 
8.0881 0.71229 -3.2953 1.7217 9.4391 -7.6443 -5.7742 -9.5806 -7.2219 9.0957 
3.607 -8.7957 3.8718 5.1231 7.0543 -4.5587 5.3583 -9.633 9.5062 1.2262 
-2.4235 3.5485 -0.70399 -8.7382 -3.8939 -0.79501 -7.7657 -7.0022 -8.048 6.0894 
2.6391 8.4577 -4.9318 -1.731 8.8783 -8.0272 -0.38869 -1.8351 7.8851 -5.6876 
-5.1346 -0.66723 -0.45744 7.7988 8.8232 -3.516 0.88896 -9.7346 -2.5047 -4.0273 
1.4283 -2.6238 2.2372 7.5227 -0.81744 -0.39149 -0.48028 -9.9682 -3.3579 -6.7377 
9.6346 8.3479 -1.0247 8.7977 5.6552 -4.8791 -7.487 -3.7017 6.4851 5.0553 
6.9936 -9.7685 -8.2776 -3.2893 -1.2915 -6.2968 -8.4755 -5.2292 6.0932 0.86386 
-4.3311 8.5847 9.4572 -8.1296 0.85994 2.6868 6.6415 -2.8161 2.4385 -8.2155 
3.6492 3.8684 -6.0267 -0.074516 3.1762 9.7475 4.6146 5.0939 -1.7012 -2.3026 
-2.8375 6.4247 -8.206 -8.1165 0.77498 6.6282 -0.39361 8.1535 6.9892 9.9708 
9.7385 7.1547 0.86063 7.3943 -9.2183 2.0139 -8.6618 -4.9475 -9.1519 8.6076 
-8.3203 -7.7885 -6.7522 -7.8591 -5.0655 -5.9305 1.055 0.4507 6.4543 -1.7905 
-4.9939 4.1 -9.9045 2.7967 2.8318 -4.6625 -0.15844 -2.5862 -9.9304 -1.445 
6.2269 1.0333 0.9187 -3.2676 -6.4914 1.0655 9.9332 7.8976 -9.1755 -6.4661 
-8.3115 0.41256 2.6132 -3.6852 7.117 -9.2232 -2.1258 7.3907 -7.4374 -3.3859 
0.62508 -3.7254 -2.1378 7.0714 -1.3581 9.3985 4.0075 -1.7091 5.3238 -3.644 
6.0125 -6.7717 1.3497 1.3811 9.0248 -5.8009 -2.859 3.5462 4.7675 -3.6619 
4.7765 -3.6054 -8.3349 -0.38689 2.2645 -0.61562 9.917 3.2371 -4.1462 0.36468 
-7.1667 3.4213 0.018384 2.726 2.5629 4.1883 -5.309 4.722 4.4797 6.0941 
-1.2421 0.47902 -8.2785 -4.8984 7.2068 -1.9754 -8.1146 -1.8997 0.16886 -7.7936 
-2.9924 2.156 -4.9601 -7.9156 8.3485 -4.8574 5.2849 1.1456 9.0726 0.011331 
-0.43005 5.2063 -6.5394 -2.7924 1.0385 -4.6866 7.1127 -2.4821 -2.1609 0.93256 
1.7481 -6.7227 -9.346 0.36817 6.3934 -3.7108 -2.1297 4.2045 1.1979 -7.4186 
-7.0839 -0.11277 7.5298 -6.9396 -0.86021 9.3375 -5.9836 -2.8763 -5.1831 8.9002 
8.1066 5.2938 -8.845 -7.5046 9.3994 1.6817 -5.2538 4.5288 4.6833 -9.2178 
2.8039 -3.9838 -0.64822 7.2633 -9.8828 -6.4908 -9.9637 -4.689 -9.5637 -2.7236 
-6.7412 6.7773 2.147 -4.6566 -8.1332 -9.053 -1.0404 -5.3906 8.6325 0.86563 
1.3182 3.5962 -2.8456 -3.4039 7.8792 -3.5314 -8.3204 9.8271 3.2119 4.964 
8.6323 -3.4308 -1.0744 -4.3571 7.3145 -3.2936 8.341 5.0765 -4.406 -6.9272 
5.662 0.76527 5.9245 4.2206 -1.8974 -0.71093 -1.2161 5.7632 -3.1512 2.6371 
3.7137 6.7563 6.2753 -9.508 -3.5229 1.0663 -2.4448 -5.96 5.4214 0.36893 
-0.67561 -5.1405 -3.9403 -9.8918 -5.3385 7.2838 3.7439 4.7044 6.5943 8.3466 
-4.7936 -9.6103 -5.0629 -8.3575 -5.229 -5.4447 3.0703 2.5686 -8.1149 0.36867 
1.3854 2.1496 -2.2133 -4.1718 9.1311 0.79526 -4.7017 9.0665 0.60148 7.5803 
-5.0246 0.77586 -6.7139 7.1966 2.3949 0.47022 1.356 0.85437 1.6128 -9.2138 
-3.614 -5.473 5.024 -8.2174 -8.8566 -6.3818 3.3078 -5.9072 7.1646 -9.0511 
8.216 8.3988 -8.7888 8.2011 4.0909 -6.2714 4.7843 5.232 8.536 -6.0645 
7.7044 8.7199 -8.1733 -7.1118 -4.6919 9.8767 -9.4812 5.0908 2.519 6.2962 
5.8918 -0.22741 8.7982 3.4943 -7.2705 7.3563 -0.70387 -8.8644 -0.34139 4.1452 
8.5162 3.9526 1.6734 -5.7441 2.9575 2.8849 -7.3322 -3.5189 -4.4102 2.3775 
-6.4232 0.33171 7.1596 -3.5186 -0.6733 1.2352 4.9824 1.245 -4.8002 4.0684 
0.35082 -4.2953 -2.394 0.085663 -5.1533 -7.9554 5.1642 -4.4115 4.056 -3.9789 
2.5401 -9.811 -2.7927 -9.9217 8.949 2.4571 -5.0546 2.0698 6.9906 -1.0902 
8.2636 -4.141 -4.1584 -9.0927 -0.49471 -5.2134 9.2599 -7.4789 5.5723 6.9066 
3.2794 3.3297 -8.2875 7.6574 -0.99307 0.88688 -5.0444 -3.1912 -9.6295 -2.7788 
-2.2161 -6.8982 2.9119 -8.6067 5.5887 7.5407 7.6779 1.243 -2.9749 -2.9317 
4.8002 -5.4884 8.6639 1.8922 -0.24729 6.7564 -0.53925 -3.462 8.2101 -6.2522 
6.3527 7.5524 0.88799 -3.1867 -7.5784 -0.78205 -2.838 0.27959 2.6952 4.9525 
2.0069 2.1146 3.3995 8.2812 6.1166 -6.9021 -8.5936 0.48454 5.0102 7.8134 
-8.3001 2.9363 8.5022 3.2784 -6.2285 -1.61 -2.9145 3.9367 -6.64 -3.3961 
8.4472 -8.6163 1.4933 -4.5314 -1.2071 3.5842 1.8794 -6.3398 -5.3269 7.4633 
-8.928 -5.6291 8.256 -2.1279 0.14877 -3.108 -2.9223 -7.0265 -0.91712 -0.29074 
0.5405 5.5999 8.5509 -6.8614 0.015635 -6.8085 3.0137 4.3103 -8.46 5.6615 
-7.6229 2.5815 -4.2457 4.9749 2.5035 -1.2841 0.90702 1.758 -8.5093 -4.7493 
-2.3971 -8.5877 8.8139 -9.2777 8.5219 -6.0783 -5.5318 -7.1556 2.5309 -8.3312 
6.2567 3.1444 6.2913 9.5955 -9.8285 7.2065 -5.2323 1.1408 7.5335 -6.7267 
-5.1181 0.39319 0.50401 0.11132 9.6618 -4.4452 -3.6077 -4.2634 -9.4246 9.2056 
7.6885 8.9506 6.3917 3.3053 -6.0431 3.8796 2.0863 3.7625 7.2669 7.839 
4.2529 -9.583 3.9325 0.8087 -2.8915 -3.2534 1.7413 2.9745 -1.1395 1.8464 
-2.437 4.5744 7.49 -1.2172 9.7135 3.0817 -0.8766 -7.6646 -3.3563 -4.1132 
-5.0216 -2.0296 1.3542 -2.0282 -0.33553 -1.1396 -4.6672 -3.0953 -6.974 1.5301 
-4.9429 3.7449 3.5685 -5.4498 -6.6407 4.686 -4.602 -1.673 -4.7557 0.07931 
5.3449 -8.5383 -9.4237 -3.5069 9.1722 0.19125 9.859 7.8776 -3.2162 -5.8415 
-9.0028 5.1609 5.1885 2.8758 9.5341 4.2112 2.9175 -4.0428 -0.10292 -9.9957 
3.7058 -8.9855 -6.4916 4.5061 -3.9103 -0.65627 -0.39637 0.89135 -0.85257 -8.2126 
2.4056 2.8482 1.1976 -9.4765 3.327 -1.0474 2.5722 -1.9767 -2.0897 8.4779 
4.9337 0.015498 0.64349 -2.9409 -6.8995 0.86726 6.9782 4.6327 -8.2154 -8.3892 
9.5451 0.6018 -3.9198 -2.5724 -1.421 -8.0825 -5.1349 4.9004 -3.2786 -0.77897 
-2.3217 4.765 4.0014 -7.6345 0.89651 -9.6955 -7.2237 -9.2664 -4.0769 0.23982 
-4.7959 -4.5086 9.0414 -6.5465 -5.5789 1.8648 -4.2697 2.4363 -0.00087181 8.6966 
7.5494 -5.2393 0.8956 -1.2102 8.9058 5.1154 2.5555 9.7965 2.3808 -1.7396 
6.1219 5.1989 -4.8183 -5.7091 -0.70832 -6.6234 -5.9372 9.6078 2.4053 8.4473 
-0.77758 9.2019 -9.5782 -2.7863 -0.64493 -5.8496 3.1497 -1.9013 3.2394 -5.4422 
-8.1808 -6.6759 5.1485 3.7306 -8.4792 7.921 -1.858 -9.201 1.3356 8.4286 
1.2854 -2.4281 -9.8426 5.4214 -4.2197 0.93079 6.9349 -3.5926 -6.379 -8.3059 
-6.2523 -8.064 -4.6901 -3.2071 6.5807 6.138 5.2996 3.6964 0.07439 -4.9222 
0.63379 8.6912 1.0011 -9.6379 2.0051 -0.6517 9.764 2.7347 3.7714 0.72145 
-2.8993 6.0583 -7.2293 -6.798 -3.9471 -9.0816 6.9028 2.5936 -4.689 -7.5347 
-3.7043 4.6041 -1.0791 -4.2226 -7.2158 1.0611 8.2067 -7.9018 8.4152 -7.7676 
4.5348 5.8943 -7.1631 -1.6147 -2.5627 2.5816 -0.34539 -5.7987 3.3794 7.1039 
0.31546 1.4714 7.5127 -3.8147 -2.3843 1.7672 -0.47404 5.1812 -8.6103 -3.4335 
5.8129 -2.7662 1.0023 -0.87876 9.1658 -4.1395 -2.7496 0.31356 -3.8835 -6.3414 
-5.9101 -6.7733 1.691 -3.3216 7.6389 -5.2177 8.2875 -3.9627 -0.64215 0.96893 
3.5621 7.7274 0.61598 -7.1331 -5.9435 -0.65791 -8.7999 3.8054 1.1584 6.2397 
-8.9503 8.04 7.1919 -4.4815 -8.2423 -1.9475 9.8563 6.6243 -3.7823 9.9241 
6.0234 5.1716 0.14359 0.41962 -0.8381 8.4055 -2.354 -4.0634 -5.884 0.91689 
3.5714 -2.7642 4.7254 6.0834 -7.5566 -9.3983 -2.3626 5.8178 -5.3334 -4.7027 
8.9202 -0.075502 7.1497 9.771 6.1336 4.8098 2.3104 -8.8231 0.64216 3.5137 
-8.1688 3.1737 -7.7144 3.5829 -7.1252 3.1612 -4.0067 3.0745 -3.6369 7.7828 
8.1688 -4.2207 -1.3348 -6.0564 -5.3761 3.8472 2.743 5.6146 -6.0863 -9.8765 
0.19906 -7.1389 -4.3046 -7.2373 4.139 -9.1186 6.8528 -8.1632 3.676 -9.884 
2.2981 -3.8373 7.3714 1.4442 5.5747 -5.2442 8.3685 -2.1221 9.7824 0.32204 
-3.6786 -3.0512 -8.6609 -7.9306 3.7636 7.5986 -2.018 2.6704 -8.4282 9.0664 
-8.4503 -7.2092 2.2281 6.5963 -7.6326 -5.1464 -2.1818 9.3417 -2.5872 -3.2261 
7.0123 -5.6752 -3.1133 6.3715 3.3336 6.5715 -7.8484 8.6785 8.5763 8.4318 
-7.1095 1.1164 -4.6065 5.5342 0.3419 -2.051 -0.68622 -9.5477 -1.5493 -5.9543 
-2.5903 -8.9763 1.4026 5.3247 -8.9991 -2.4305 2.1242 -3.5633 3.9882 8.627 
2.4478 -1.6529 -7.3564 5.0891 8.1788 -6.7297 -0.46129 -1.0186 -4.8964 -3.8786 
9.951 4.2316 -7.3005 -4.9441 7.8375 0.079174 7.8359 7.0816 -0.07371 7.4668 
0.34688 7.5855 8.7006 6.2377 -7.6653 -7.0938 -1.9506 6.8166 -1.1336 -2.7792 
9.8102 2.0296 -3.2873 -1.4739 -1.5068 -2.9983 -7.3802 2.2549 5.799 6.745 
-5.4693 -0.70056 -6.0476 7.385 2.1131 -9.9394 -5.2766 -7.2432 7.8415 7.1144 
-2.0399 6.3084 -8.5685 -7.1077 -2.3939 -4.8977 2.7832 -5.2467 9.3114 -0.18493 
3.9314 -3.5575 8.2356 9.0276 -4.9623 -0.7531 -9.9872 6.8329 -6.0461 5.8893 
-8.7072 -2.4722 9.1388 -6.9419 5.4892 2.6981 -9.8538 4.7491 7.082 -1.3082 
4.9532 -7.2397 -2.8136 -9.2016 9.3438 -1.381 9.973 9.7691 8.0711 -3.6649 
-1.592 3.0718 -8.0782 -2.257 0.7433 8.287 4.8008 2.9375 9.5586 -4.3851 
6.2263 -9.4902 7.8707 -4.2206 5.5356 4.6628 7.0227 -7.0082 4.8586 2.1682 
-2.4079 -5.3263 -2.3271 -3.2021 -7.2743 8.399 -3.974 5.7857 -9.8509 -1.5049 
-3.6186 9.5756 -6.8374 3.174 -3.7725 2.4907 -6.8218 -1.83 -9.2921 6.2951 
9.721 8.8604 2.8377 -2.5633 -5.759 -8.0152 0.95874 -1.6769 9.0241 -6.9353 
4.3636 9.6213 -9.2318 4.9945 4.6255 4.9172 -1.4223 -5.2809 -5.9546 -3.6241 
-1.7363 -8.6607 -8.663 4.7708 6.9912 -8.1593 -7.0091 -1.1526 0.43365 7.5812 
-8.0274 -6.0949 0.77972 -3.35 -0.021854 -1.2933 -3.6269 -3.0229 -2.177 -3.1251 
4.6912 -1.5319 8.3651 5.3563 3.389 9.6379 5.6636 3.7128 6.4056 6.9605 
2.7461 0.74153 -6.6657 -4.6266 -1.3982 7.8561 5.0731 -6.9992 7.4256 5.7823 
-8.5232 -0.73446 -7.5078 -6.126 -5.4894 0.11801 -1.0305 -1.9664 3.6157 5.9074 
-7.5898 2.5182 -9.7261 -9.2083 -4.0332 2.522 1.5424 -9.8764 -8.1614 1.9361 
9.6319 0.051188 5.2553 -2.1369 9.8956 -0.14161 8.8121 5.0428 5.6733 -4.6109 
-0.064012 5.8355 4.4551 4.8422 6.3983 -3.3811 -4.6122 -0.95745 4.0169 9.0323 
-9.5517 4.207 7.0888 4.5811 -3.7355 -9.9512 -1.5799 -1.812 -8.0612 6.0867 
-8.9234 1.3881 -5.0009 -0.28861 8.7297 6.7934 0.95426 -3.3118 -3.0054 -9.2585 
-7.1825 -6.858 2.298 -7.3836 4.043 -0.5539 -7.6808 -2.0233 -9.8616 2.2256 
7.8695 2.5121 -9.0278 3.7445 7.2407 9.006 9.699 -2.1212 2.032 -2.2678 
-0.6836 8.5167 -7.7441 -4.7041 -7.7873 1.7286 -2.1853 9.5179 9.3807 3.1396 
1.2171 9.6639 -3.0371 -2.6908 -5.3803 -4.7722 0.088518 -0.79859 -9.2892 7.9068 
-0.11087 4.4635 -0.56102 9.3438 -0.49611 -8.6441 6.0721 -5.3868 -4.6675 -9.9612 
-8.6443 -6.2488 -8.4094 -9.9324 8.3603 -8.3854 9.284 -3.4132 -1.9937 7.7937 
7.9529 7.2026 3.6406 -1.572 2.0172 3.2637 1.383 2.6093 6.4021 1.0378 
-4.2287 -7.4188 0.50575 5.3015 -4.914 5.5495 -7.7706 2.6084 -7.6233 -7.1936 
-4.6191 4.8694 0.31733 -3.3525 -1.1357 -6.0471 4.6195 -6.8597 -6.885 1.0274 
1.8839 -9.0424 8.8078 -9.8083 -6.7183 -1.4918 6.6133 -9.7969 5.5778 -7.997 
-0.48242 2.994 -7.3655 7.6705 1.7818 3.0652 8.4735 -4.6679 -2.9737 -9.0887 
-2.6338 -8.8093 3.0156 7.949 0.48416 8.9871 -0.99651 0.24217 -3.2923 5.864 
3.1122 8.3952 6.9437 -8.3866 4.9215 4.3027 6.7621 5.0825 4.0264 -2.0988 
8.764 -6.5655 -3.0819 4.956 -7.1041 -2.9731 2.9434 -3.6974 2.3686 -5.7702 
2.4085 -8.2391 -8.637 -9.6351 5.9511 -1.5985 -3.0059 -1.6702 -6.6924 -9.0442 
-4.3432 -3.9091 -9.7704 -8.3836 -6.7251 -6.4445 7.0992 -4.9951 4.1501 8.1607 
-5.8964 3.4319 -9.8642 -4.4561 -5.6206 -3.7004 3.7471 4.8152 -5.7292 -4.6564 
-1.2173 -5.9111 -4.1505 3.5457 -9.6154 -7.0335 7.9662 -3.3107 -8.3516 5.4235 
-9.455 9.4962 -5.6468 -3.6004 5.0969 -6.4947 -7.8084 3.5494 -6.6643 -1.4616 
7.5237 -9.2088 -3.962 -9.1707 -1.7063 -3.1491 3.9372 -5.1539 9.6686 -9.4081 
2.2018 -0.16418 1.9079 3.3688 -1.9727 4.5479 -5.8806 3.928 5.4768 -5.8905 
-5.9282 2.8187 1.2739 1.4612 6.2252 -3.7608 5.6443 -5.2927 4.3691 -3.7889 
0.39834 -1.8997 -5.6401 -6.4335 -9.3019 0.63369 0.991 2.1805 -1.7799 2.4846 
-8.9235 -8.8584 -2.1883 0.56965 3.7352 -4.5611 -6.1935 -0.073223 6.4733 9.2653 
7.2437 2.6067 -3.2375 8.9913 -4.9215 0.42989 -7.8066 -4.1475 9.217 0.46432 
-1.1413 -5.7084 4.9175 9.0275 -3.7985 9.4305 1.0721 -5.1285 5.4695 -1.4097 
0.96018 2.5942 -2.6201 -8.0981 -0.32076 -8.7815 1.5675 -7.7087 2.978 -1.8174 
1.3372 -2.1088 -1.5356 5.4242 6.554 -5.0018 -4.5887 -0.8403 -0.89833 7.6188 
3.6079 5.9222 1.4287 -1.4674 -1.2945 -5.6666 6.1567 -6.1979 2.8789 8.1692 
-2.5724 7.5807 1.7624 -2.2682 -3.6896 -4.4163 2.5835 -8.9832 7.4378 -7.8334 
-8.4354 5.6015 -9.4251 8.3838 4.1003 6.5192 3.7249 -7.7577 2.8216 -6.3441 
-0.87299 4.0497 -8.1774 0.6132 0.76693 -3.2855 8.5904 7.628 -5.7294 4.5897 
-9.0431 -1.5866 0.020425 -5.6288 -7.3725 -5.5685 -5.8146 9.6911 8.7198 7.8258 
4.7651 2.8771 8.3651 -4.2856 5.2238 -6.6776 -1.5792 7.9821 -7.1024 5.4036 
-9.24 -8.4338 -5.0477 -4.4015 -1.7685 -3.766 -1.2986 2.005 1.0799 4.3488 
9.0849 -2.385 3.0588 -8.006 5.1921 -2.8622 -6.2901 7.756 -0.76118 -6.697 
4.8474 -1.2462 -8.6959 -2.4673 -6.7839 -3.5213 4.7218 8.107 -4.9168 -6.0293 
8.749 -1.861 -9.6733 4.6118 3.2762 -4.4396 -4.7936 5.2535 -9.4311 -3.2586 
0.26728 -4.5243 0.40179 -1.7351 -8.0282 -4.0889 8.1383 4.6886 -5.5987 9.1242 
-5.1819 -5.373 3.047 -5.1904 5.433 -2.3599 -1.5229 0.53515 -8.6771 6.8865 
-4.8007 4.758 -2.1169 1.1093 -9.5493 7.2582 -6.0051 4.1284 -2.6407 -5.6742 
5.1795 7.588 -2.3873 -8.7581 -4.2465 4.0821 -2.4231 -3.8882 -4.414 -6.9498 
9.8669 5.4498 -2.6079 -7.8691 4.1177 4.9002 0.87164 2.9903 -6.0929 7.3669 
-2.8659 -9.2833 5.0626 -2.4905 6.2439 -5.2264 5.8589 -2.9562 -2.6242 -6.6195 
5.0572 1.0863 2.238 9.03 4.4238 -7.4739 3.8964 3.0053 -1.084 0.32519 
-7.799 1.7635 -5.217 -8.2411 6.4984 -3.9199 0.82606 -5.9714 1.721 -0.99919 
1.9409 -5.0762 8.5052 8.1016 7.7786 6.6848 -0.70477 1.8241 -0.22947 -3.524 
-1.3881 -2.0323 -2.3623 0.047102 -3.1261 -0.58698 0.62365 -1.0468 6.8188 -8.6209 
4.6144 6.1356 -2.5309 -4.9084 -0.54402 -5.9207 -4.7387 -3.679 -2.7791 3.5804 
-4.7765 -3.9633 -3.4045 -4.0385 3.4598 1.2157 -1.4422 3.6053 3.3109 3.8513 
-8.1038 -0.20731 8.0757 2.1093 -7.7963 5.0853 1.5943 -6.7009 -7.318 -6.4336 
-0.98073 5.6257 -0.67767 -7.122 -7.255 4.3736 5.4419 4.0961 -6.366 6.398 
2.8015 -1.0005 0.16401 -7.6024 6.7794 4.572 -3.8851 8.0845 -9.0563 4.2344 
-7.3592 6.6648 5.8946 -7.6747 -2.121 5.0424 -7.3141 -0.4356 -7.8984 -8.4944 
-0.94355 3.5335 -7.298 -9.3312 6.6082 -1.0174 7.3939 -9.8715 -8.5747 4.9595 
3.044 -8.2674 -5.9001 -8.805 -9.5693 -5.5507 7.855 -3.292 -3.6076 -1.7914 
6.54 9.6144 -6.1965 5.4888 9.4914 8.5588 8.3981 -2.9782 -4.2941 7.2496 
-3.8385 1.3286 -9.9622 4.5061 -7.8778 9.8532 -2.69 2.9079 -8.6192 -2.0295 
-1.9527 -5.8464 7.1555 7.9711 4.3169 5.429 -3.1859 7.687 -3.7783 -9.6273 
7.6846 -8.0878 -9.7998 -6.1354 9.1291 3.1028 8.4176 -4.4715 6.3347 6.2965 
4.0116 -8.7496 -9.8263 -3.8015 6.7201 4.7736 9.9422 3.7147 -2.9704 9.0423 
-5.1626 -9.4844 6.8097 -5.386 -2.0395 -0.5701 9.1843 0.78689 -2.0774 -4.1975 
5.1966 -3.3175 5.4009 -9.7441 5.6325 0.52159 -7.9788 -9.1452 6.17 -4.9615 
-4.1815 1.1361 7.1432 -7.8279 -0.56952 -2.9876 -2.5376 -3.9036 8.8573 -3.7845 
-4.4512 6.9188 8.669 2.9475 -3.4736 8.6225 2.2652 -3.4646 -8.3689 3.0987 
-9.8778 2.5351 -9.6985 -2.7982 -5.2323 -0.69675 5.1899 9.1513 -7.3641 6.1292 
-2.5058 1.9973 -6.2031 7.1662 -6.6341 1.0042 2.5792 0.87645 -2.3953 1.7533 
-1.2613 -5.7873 3.8821 -0.38068 -7.1908 -9.8653 8.2483 -7.0565 5.916 3.7646 
-3.914 -4.9217 9.546 -6.8716 0.649 -3.8936 -9.327 -3.0247 0.9556 6.8796 
-4.1828 3.0395 1.5052 -3.5341 -9.8575 0.97527 7.0465 -3.0178 6.4245 7.5908 
-5.1497 -3.4217 1.2474 1.8521 -8.5647 -4.6942 -9.8345 3.2731 6.4525 -9.5865 
8.7337 0.46348 8.8355 7.9766 7.0406 2.4344 -9.124 -2.7187 8.7313 1.6368 
7.2038 -7.5057 3.7271 5.0202 2.0606 9.7884 -5.9994 9.9301 -5.595 -1.3653 
-2.0554 -0.94607 -3.3768 4.4029 -2.0845 7.746 6.5589 -2.5369 3.4572 6.465 
-0.41162 9.8519 -3.1989 -7.3259 4.5413 7.4913 -2.6307 -2.8001 -1.936 4.5961 
1.2999 -2.0154 8.6874 5.516 -9.358 5.085 -0.73575 3.7714 -1.3418 -4.6006 
-0.20761 -8.7618 -3.8501 1.9086 0.76796 3.8589 -8.9916 -2.2567 -2.6155 -3.1971 
-4.6038 -4.1408 -9.2247 9.8048 0.65402 3.5903 -3.4502 -6.3654 -1.0206 2.0094 
9.7948 1.0454 1.3556 -9.6876 -8.4999 0.40877 -8.1224 8.2844 0.77994 0.96574 
-6.3265 4.8025 3.017 6.6641 9.7006 -1.4511 -1.298 7.2754 7.4371 6.5443 
7.2331 -3.6319 4.7738 -7.1721 -9.3667 4.3332 8.5474 8.7569 -3.4219 2.4772 
-9.3473 -0.12284 9.1275 8.9144 3.44 -3.2035 4.9197 2.4307 -2.9844 -0.96088 
-3.3608 2.5734 -3.8789 -3.1437 -1.8279 -7.985 -0.57186 -4.8452 1.5025 8.6408 
4.9749 5.0629 5.1821 2.0929 -2.8898 9.9904 -5.3241 -9.56 9.741 -2.4956 
2.8873 3.8777 -4.3735 -8.6526 -4.8592 4.1357 -1.3859 -2.4978 5.8534 -6.0042 
-6.6152 -7.2624 8.0382 5.9044 -4.1271 0.3777 2.1263 4.4486 0.19286 -5.9488 
9.0441 8.1392 3.4118 -4.467 -4.5012 -8.2481 -1.4822 4.6847 -6.543 -3.5057 
0.8654 -2.4225 -4.169 -9.3294 -5.0455 8.2102 -4.9018 -6.3677 -7.3715 2.5025 
-4.9717 0.59244 -3.5303 6.3769 -3.9238 -0.65701 0.20793 -8.0278 -0.45405 3.9612 
1.5714 9.7723 4.3354 5.4927 4.8797 0.97544 7.0611 -6.6398 2.5821 4.5875 
8.3095 9.1642 -6.3154 -7.3731 -5.5235 -9.2973 7.6352 0.21198 6.6902 -9.4127 
7.9119 6.3529 -1.1934 -7.5563 0.21033 -7.5472 3.5279 0.24444 -0.44753 3.4561 
-0.34987 -1.5221 -2.7097 -3.2074 2.3031 -0.96754 3.2903 2.2014 -2.5748 7.1591 
-1.1452 6.3595 -5.7299 -2.2105 -4.7758 -6.4592 9.1002 -1.4064 -4.5736 -2.6389 
-3.7649 -1.1101 0.67093 -4.6588 8.2116 -2.2579 -0.84005 6.2859 7.0498 -0.56595 
-8.8937 -2.3948 6.6454 -9.2832 -8.4687 -5.8496 6.3975 9.9429 0.98119 6.3876 
5.0758 4.1447 -0.5441 -2.3612 -0.1071 -2.98 0.075451 -0.528 6.967 2.6389 
-7.3611 -5.2217 2.6471 1.2001 -9.419 7.2889 9.3967 -4.0184 4.2257 -7.0591 
-2.8816 -6.4847 -6.06 -4.1605 0.6777 3.7981 -0.24268 -9.3578 -0.055132 9.4133 
-2.0826 -5.2371 9.951 -9.5679 -2.6315 4.244 4.3228 4.8488 -1.4001 -2.7517 
7.7104 -4.3282 -9.9532 -4.4385 -6.4418 -9.3775 -8.4123 -9.3124 -6.2672 -1.8621 
-9.5752 -9.187 2.3063 2.5016 -5.1404 1.7154 -1.3661 -6.7921 -6.0753 -3.5489 
6.8816 1.0283 6.4894 -5.2341 1.3852 1.0893 4.5458 -9.6707 -6.5842 9.8195 
-4.2386 8.85 -1.7187 -6.308 -8.6751 9.2116 -3.1212 -3.7564 -4.337 -7.9531 
-4.9931 5.7567 7.9263 5.5266 -5.9643 8.3679 4.2096 3.5148 1.7581 -3.0417 
-0.23241 -5.1714 0.24026 6.8421 6.7808 5.1723 -0.38186 -3.8124 2.0164 -2.0937 
4.5807 3.9195 9.2337 3.1227 4.4798 -5.2289 -9.63 2.6766 9.5255 4.4008 
-5.9477 -9.6948 2.1574 -5.5498 5.2387 4.1191 -6.229 -5.1428 -6.0052 3.4968 
-5.6745 5.371 3.3219 1.6232 -3.5383 -6.6781 -1.1739 -0.57023 2.3529 3.5798 
9.5267 -3.3621 8.4291 9.1652 4.3824 -2.7408 8.1251 2.4969 5.0423 6.4549 
1.8647 -3.5534 -1.0262 -3.5253 -5.7487 -8.2357 8.792 4.0763 -8.0958 3.9638 
-3.9119 5.3087 2.666 -7.3921 -4.0976 -5.7206 1.2662 8.2302 2.3789 -4.1942 
9.3541 -2.3167 -5.7697 4.8045 -3.6775 -5.1835 2.226 -2.6211 9.8328 -9.3041 
7.9194 -5.6275 1.2069 8.5707 -6.1218 -5.0986 7.8258 -7.1543 -8.9048 4.497 
-6.1995 1.2664 -7.9278 -2.6535 -4.6027 2.2695 0.11965 -3.7573 -9.2545 9.754 
-9.964 -5.5873 -4.1534 -7.5716 -8.759 -8.0816 -5.6985 9.1107 -1.4977 -5.5673 
4.2353 -6.7473 0.88034 -6.8253 -1.5878 -8.2501 4.0467 9.3807 -7.2036 -6.408 
7.3545 -2.0072 -6.3826 7.3496 6.955 -6.0121 6.1325 -8.9214 8.4345 -2.9671 
-7.6338 -9.5921 -4.4785 -0.26627 -2.9766 4.9978 3.4225 7.9254 -0.16295 -2.1432 
-9.2195 -1.5346 -5.3481 -5.9913 8.5074 4.7034 0.59708 -5.4296 5.7758 7.9617 
1.9639 -9.9345 0.97636 -4.9392 3.3703 -0.83663 8.2617 3.0378 -8.3595 -6.2934 
2.0863 -9.1028 1.141 4.0633 1.3023 7.003 -3.9407 4.1599 -4.183 -6.4105 
0.32865 -6.2175 2.4103 5.3386 -6.5831 -6.2585 -3.8844 -1.8371 4.7058 -0.75712 
-9.8499 -5.9733 -9.9869 -0.29086 -0.20077 8.9824 0.3921 -5.8232 2.5676 0.47242 
3.7787 2.007 -6.2443 8.4778 8.9054 -9.5932 -2.403 7.067 -5.8821 6.3155 
8.9204 -5.3656 -0.47461 2.4352 3.6121 -7.4395 -1.6324 5.7674 6.0713 -1.0817 
7.4707 1.331 -9.6369 -5.5099 7.3596 3.0962 4.1291 -5.4553 7.7689 6.9376 
-7.7345 1.015 -0.50184 6.4236 9.4761 7.4159 -0.60586 -4.5577 1.3989 -7.8523 
-2.9086 -3.2399 -8.4682 -6.6063 -1.352 9.0294 8.7757 8.2642 8.1185 4.8538 
-5.1613 9.7985 -4.9862 8.4176 5.7207 9.139 5.1727 -8.8212 -2.5218 -7.7791 
1.2067 -7.0328 1.6236 5.515 1.9579 0.96113 -0.16404 5.9688 5.1884 9.9175 
2.2545 7.0258 -6.9797 8.4021 3.0892 -7.7136 -8.8243 6.7092 -1.9107 -2.1195 
-3.9838 5.7436 -1.7958 -5.496 -8.774 5.9731 9.2769 -3.0557 2.4995 7.1254 
5.9628 0.48602 7.8607 -1.2548 -2.8751 5.4549 -0.1587 -7.1154 -0.1116 8.5014 
5.9128 -9.6232 7.0887 3.0905 -0.77482 5.4783 -0.0053749 -8.46 -4.8436 -8.4083 
5.6218 -4.731 0.85511 9.9669 -3.2255 4.0527 1.5988 5.9953 -5.5045 -8.6521 
-2.978 9.9718 -0.79084 -8.9742 -9.2089 5.4891 -3.6088 9.8567 0.49222 -8.8219 
-8.9141 4.2108 -7.0121 -4.2571 -1.9846 -9.9228 -3.6724 -5.4066 -1.7648 -8.5003 
4.1741 -5.6382 -0.22192 -6.8047 6.8899 6.2426 -5.4751 4.2065 0.031081 4.1014 
9.8586 2.8323 1.3824 8.4098 -0.87061 -8.9934 -7.0663 4.1557 3.9962 -0.40115 
-6.7505 -7.5786 -3.1708 -7.7789 6.0245 8.8118 0.70113 -3.296 -7.3377 1.9916 
-7.7287 1.1336 -1.6415 -8.5495 -2.4483 -6.9078 4.5609 6.8809 -3.6106 -7.609 
8.2575 5.7594 -6.4646 2.8933 1.1684 4.5481 1.1663 -9.898 -3.477 6.6839 
-0.36686 -1.71 6.6955 -0.69511 -1.9415 -6.9062 -7.8179 0.98195 -1.0618 5.9583 
7.0361 -8.3267 3.5159 -1.9719 4.8192 -8.7317 7.7706 -8.3581 7.9502 -5.2146 
6.1983 1.7421 -6.2911 6.2061 5.8345 -2.3022 -6.1843 -5.7029 -6.7682 0.23855 
-6.2648 2.7853 2.2227 -8.7791 3.0511 -0.84558 6.0287 8.1722 -0.78975 -5.469 
-5.056 -7.4969 4.103 -8.6669 9.7174 -7.9935 1.3289 8.2036 4.6603 -7.659 
-8.9162 7.3052 -9.4336 9.0019 9.6562 -4.491 -5.1156 -8.9502 -6.682 4.8263 
2.1792 -0.24431 0.41739 1.5447 -1.0465 4.3927 -3.3067 -4.2714 2.7297 0.34412 
5.5446 -4.4796 -4.8176 9.8446 9.607 -2.7693 3.9557 -2.7824 -2.9862 -8.7788 
0.22128 -3.7706 0.16432 -6.2292 6.918 -2.2889 6.4792 9.7132 5.4058 -1.7632 
-9.445 3.3313 9.4648 9.0238 -9.2874 -8.1448 -4.4856 5.5235 -5.585 -3.7333 
9.8077 0.0019616 6.3646 2.9113 -1.5246 9.2312 -0.66135 -1.8279 -2.7355 0.43048 
0.018798 -1.1172 7.1752 -1.6224 9.1607 2.7084 -8.6698 -2.7904 9.289 -3.3837 
-3.3601 -3.4883 7.9323 -7.6466 6.1809 5.9694 -3.3236 -7.3964 1.1465 3.0766 
-6.5223 1.3185 -4.0099 -4.5403 -4.0098 3.1296 5.3628 3.5628 -1.7492 6.8139 
2.5127 -9.6955 7.6005 -8.8996 -5.4804 7.1088 -2.3101 2.7314 -4.9172 -9.6161 
1.5027 1.0567 -4.8957 -9.549 -6.428 7.7676 2.9256 7.4292 9.3407 -7.8816 
5.0197 8.7165 -6.157 2.2 -2.2569 -3.974 -4.0945 -5.0811 -3.4111 6.9 
-6.9296 -0.36455 -6.2676 8.7053 -5.0906 4.34 -1.4713 -4.0018 -5.8758 -4.0302 
-2.8643 -3.4305 7.2222 4.3917 -0.04175 -3.531 2.1029 -0.32521 -9.8906 5.2589 
-7.121 6.0616 -1.108 -9.0456 -1.8537 -4.3028 8.5106 -9.0214 1.6177 -3.7681 
7.0122 -7.1307 -2.2679 7.2345 5.8973 -5.172 9.7378 7.0908 6.7308 2.3802 
-3.2426 -8.4275 6.6401 -8.994 1.2716 6.6666 5.4108 -1.0396 3.2935 -8.6274 
-4.4961 -1.0918 -5.8702 6.2601 2.7245 0.61753 1.0038 -9.4264 7.6114 -4.3762 
-9.8798 -0.68979 7.9561 -3.8417 -7.4055 -1.5549 -2.2683 -7.729 -3.3003 -6.2539 
6.0382 4.7336 -0.80994 7.5376 -1.5433 -1.7292 -8.5854 7.5319 -5.2905 -9.9332 
-0.051834 3.9807 -6.731 0.43547 -1.7529 6.5229 5.9185 8.7497 8.6656 -7.012 
0.75686 0.66181 -4.625 -0.42997 -5.3109 4.431 -9.7329 -7.4911 -9.8999 -8.9983 
7.4183 -5.8735 0.41402 -0.96376 -3.2996 1.9649 -0.36434 1.5194 -7.4503 6.9583 
4.4569 -6.8607 5.4474 -3.2087 2.1333 -3.7017 -8.7924 -4.1953 3.733 3.6332 
3.3617 -1.9552 -2.2522 -2.1059 0.0026641 -6.7725 -9.0225 -8.2804 4.7795 9.9738 
-6.4234 -1.2485 -9.1115 -2.2073 6.3763 -8.3261 -2.2416 9.333 -3.0526 -8.477 
1.0099 9.5013 9.737 1.8443 -5.2426 -6.8311 0.62784 4.9249 -3.6187 2.2052 
9.1975 8.5349 0.46047 -8.1338 -2.7698 5.578 6.2965 -7.3444 3.7842 -7.1694 
1.9204 -3.8387 6.8737 -2.1456 -0.7766 -9.3567 9.6597 -4.2245 4.6534 -5.8324 
6.1714 7.2517 7.8371 7.9125 4.8375 7.192 5.3058 2.8541 -8.5463 -6.2483 
9.6906 1.2045 3.7118 0.011481 3.2803 -6.87 -0.93154 1.9423 -8.6016 -0.32669 
7.7185 0.88325 0.35689 8.264 -7.8927 -2.8744 -5.2412 3.5334 -9.9231 5.605 
-5.7233 6.8456 -1.1609 -6.7919 -8.0178 -9.9273 6.7931 6.2883 -2.1269 -2.4778 
-9.3074 5.7594 -2.3972 -4.135 3.2163 7.4023 3.2253 7.1164 -5.1056 5.645 
-0.97752 0.72742 -9.3631 6.7293 3.6207 -9.9032 -6.3106 -6.7518 -2.9221 3.0349 
-9.7241 -9.9634 -5.6824 5.7282 3.3468 5.9658 -0.19893 4.4915 -6.9627 4.9518 
-0.52579 -2.597 -8.2939 8.451 -0.75443 -4.4942 2.575 5.4339 4.5888 6.7808 
9.0239 -1.2776 5.9375 -5.7631 8.9186 -9.2322 -9.0983 7.6593 6.8407 5.8783 
-5.021 2.6641 -1.9639 -2.8765 2.5609 -5.3942 1.3216 7.5098 -0.53819 -0.59595 
-2.2715 -7.0645 -9.0041 3.8444 -9.5226 2.7918 -7.4416 9.1403 -4.1265 -5.6565 
-1.3713 1.3073 -3.6702 8.6235 -9.6532 -5.4809 -9.2744 -5.4048 9.8353 -0.67757 
6.6177 -1.9377 7.4244 -1.3464 -8.9368 -7.7776 -1.276 5.0851 -8.9403 -1.9087 
6.4929 -8.9204 8.6281 2.1974 5.3781 -8.2997 1.8984 6.1633 -6.0131 8.556 
-0.94003 -7.2803 -1.4853 3.7555 1.7895 1.3392 7.3191 -1.0575 1.8753 3.938 
-2.3888 -2.1898 7.3231 5.8966 -1.6885 7.2343 0.40991 1.818 8.9794 -5.4059 
8.5174 -0.84889 -0.38714 7.3311 6.345 -7.4707 9.9762 -0.93041 -7.2811 4.2221 
4.8169 -3.3618 8.1668 -1.0991 6.3982 4.5894 -8.8437 3.9651 3.05 7.9358 
4.7527 7.1467 -4.9893 4.3877 -1.1105 -6.2259 2.9845 5.2197 -6.6901 3.6903 
8.9383 2.1431 0.53288 5.5088 9.6276 -6.5963 4.9984 5.4625 8.7948 -7.4732 
0.20199 -6.0576 -5.1034 -0.62829 1.2887 -6.6837 9.5263 -7.9947 -2.8439 -7.1518 
5.8376 -7.1296 6.7688 2.423 8.7705 6.0021 -8.0777 3.7685 0.54534 5.9101 
-0.95653 5.3476 0.51447 3.7463 -3.9187 -0.74263 -4.0997 5.4665 -3.8314 -9.414 
6.984 3.0545 -3.0039 -6.6813 6.9161 7.3602 6.3592 1.7921 8.5646 4.1149 
-2.1914 -3.1544 -4.8574 -4.5993 0.16739 -3.9536 8.5108 -1.5726 5.5158 -5.306 
4.7675 -8.8678 -6.6234 0.083533 9.6472 -4.6859 4.8241 9.6386 -8.6958 9.3024 
9.5288 -1.5928 1.9847 -5.88 -3.3651 -5.5178 1.3906 4.7559 -1.4288 -7.7266 
0.46598 -0.78272 6.2198 -0.95044 -1.6365 8.8058 -9.2109 -9.6087 8.8706 -1.5806 
-1.4017 0.71005 6.9784 6.0849 7.1653 7.0401 6.0406 -4.929 -7.7556 -2.0663 
-5.8568 6.5685 6.8954 3.4553 -0.3198 1.3871 -0.94303 -2.3818 0.89454 -6.8451 
-3.532 9.9674 -5.2999 -4.7086 9.8374 -9.2953 8.6577 1.5493 -2.9297 2.416 
-7.7826 -2.3519 0.16571 -9.65 2.2257 0.35837 6.1505 -5.1182 -9.6374 6.4604 
-2.4958 -6.1984 3.3871 2.4893 -3.8092 9.6182 8.928 7.6769 -7.0902 2.6426 
-3.4019 9.8478 -8.1852 3.4599 4.3138 3.4773 5.7593 3.0844 0.16782 5.2367 
-3.1579 3.5987 0.85997 -1.9817 -6.7659 7.0109 7.2646 6.1525 4.9572 2.713 
6.3424 8.6979 -4.0402 7.7194 -5.8018 -6.671 9.5049 -2.887 -0.7075 -7.1017 
0.63371 2.7282 -2.3631 -0.35302 -6.7398 -2.4303 -1.615 -6.0259 -9.1228 7.2636 
0.42244 2.9741 0.67773 -0.38834 -3.6031 -8.4172 -9.6556 -1.6354 -8.7613 4.5272 
5.4862 -2.3478 -1.4695 8.181 2.4871 8.7 -5.9436 3.5431 1.5876 -2.7943 
-7.5947 -9.4425 -5.3593 -3.7179 -8.7541 9.5337 8.1464 -6.9573 5.8641 -2.2723 
2.509 1.8613 -9.4316 -4.4322 -5.9018 4.7356 -5.8503 2.9082 2.4674 -3.4434 
-3.067 4.6261 -9.4794 7.2236 3.0187 0.96178 2.2496 0.50738 -9.0073 3.216 
-3.3076 3.0625 -4.514 6.9364 -5.2736 5.4317 7.1765 3.9974 -4.2786 -5.063 
1.4923 -8.7608 3.8896 6.4491 -6.6416 4.3595 -5.6116 6.4938 3.9945 9.8621 
7.2788 -6.9392 -3.4 1.7574 -4.7777 -3.9373 -8.9452 1.5771 -7.1156 -2.2888 
-6.0287 5.1131 5.0098 9.6847 -4.7506 -4.5003 1.3429 -5.2683 4.2317 -4.9131 
3.449 -0.083336 5.913 -4.9882 4.9299 -6.4775 5.4116 -1.475 -0.12141 -4.8084 
8.0366 -2.3126 -8.9252 4.9926 -7.5084 3.4329 5.2328 9.7424 -7.2834 -3.2345 
-6.0169 -4.2336 -9.8155 -3.8314 -0.87114 -6.7661 -3.6841 -7.1889 -7.361 6.6811 
-4.0343 -6.2727 4.5625 -9.5769 1.8037 -4.2509 -3.4579 -1.2409 8.0794 -2.6848 
-0.069595 8.9468 3.2878 -4.5136 6.8482 -1.1563 3.6415 4.256 -0.13684 -5.381 
7.7981 -2.0389 1.7065 9.8289 7.3286 1.8558 -4.9012 -9.4431 -7.6786 1.627 
0.028292 -7.217 8.3808 -2.424 4.3422 -7.9951 6.2029 4.974 4.1059 5.1054 
-4.4601 0.82745 -6.6533 9.8411 6.9393 4.7906 3.2424 -1.3254 2.547 -3.4106 
0.67916 -9.3897 9.4393 -4.7641 -7.2302 -7.4084 2.272 6.3416 4.7869 -5.6665 
1.485 0.969 -5.6079 3.0058 -7.3159 5.5938 1.1236 5.9447 6.3778 -8.4956 
-1.7439 -2.0682 -9.235 4.3395 -4.7313 6.6182 -1.8026 -0.88025 3.8592 -2.6369 
-9.7047 5.2189 -5.4208 4.3448 -4.8571 9.4927 0.19676 -1.6539 7.3607 8.5613 
4.0553 -6.7443 4.1553 4.7282 -7.3111 -4.5275 -7.9751 8.4974 -9.6129 1.8749 
0.13494 -0.638 -2.9476 -7.7948 7.2705 9.8805 8.7576 0.9665 7.4484 6.6897 
-2.3747 1.8729 4.1898 -7.2944 1.6369 9.4793 6.104 -8.1464 1.6344 -9.255 
-8.7014 -8.2933 1.7739 1.7123 8.822 4.6797 -8.9863 4.5636 -2.4392 0.038164 
-2.8284 -0.057185 -7.8249 0.28828 -0.049837 3.4444 -9.1211 -3.1369 -3.8783 3.6281 
-5.315 5.538 2.9365 2.7028 4.2572 4.9802 -1.7172 6.4696 -3.8851 -4.9304 
-5.9299 -7.3236 4.6223 8.2738 -8.7681 2.9246 0.50807 -2.0326 4.4393 6.1213 
6.2756 4.0039 7.2676 -2.8341 -9.0946 9.0937 2.6473 8.0024 8.2711 -2.9758 
-2.1313 6.6146 -9.547 -1.4382 8.6039 -6.9529 -4.489 -0.31531 0.66197 -6.2342 
-8.9285 0.26296 -6.976 5.9297 -9.8745 -6.8439 2.1042 -4.5075 7.8082 7.6803 
-2.499 -9.9037 0.50388 -4.0677 -2.2201 7.9207 6.4917 3.2246 -1.8263 3.0489 
5.4999 -2.8658 -5.4687 1.9388 -0.63751 -5.5003 6.1996 2.3811 7.9668 5.828 
-6.694 9.4604 6.8333 6.6775 -4.3063 7.1689 2.5738 3.2243 -5.3761 -8.4459 
8.2444 -7.1068 -1.3993 -8.2541 7.0614 7.4731 -2.0001 3.3706 2.2244 3.7868 
-3.6159 5.4953 -4.0122 1.7479 -0.87699 -9.2948 -1.08 -5.5191 -3.2058 -7.12 
-3.4044 -2.7804 1.5434 5.8338 -5.9573 -2.5684 -4.4913 -6.4121 -5.9541 1.1308 
-5.9153 -4.3684 -3.105 -8.9285 6.6816 -9.2578 7.6495 2.8274 -5.779 -4.001 
5.3443 0.86819 7.1402 -3.9269 -9.955 -5.276 -4.8551 -9.7629 4.0089 1.3296 
-8.6005 -1.8552 -4.2686 -8.9015 7.0594 -1.3394 -3.4893 8.6158 -4.6308 -6.8274 
9.0007 8.4061 -1.1809 -4.6348 -0.6182 9.7477 -7.52 -1.5128 -4.9128 -9.4384 
-6.8358 -2.862 5.3278 -3.9366 4.6047 -6.4538 -9.6323 -8.1967 -7.209 -6.6763 
-4.2711 -7.7498 -2.3397 -0.42764 1.2609 5.2008 -6.6296 -8.7062 -0.25187 -0.65271 
3.7426 -4.8983 -5.2239 4.6188 -9.4002 0.69257 -5.8062 5.5586 -4.1318 -7.3088 
-7.177 -6.8865 -2.1218 -2.0162 7.4569 2.0872 6.621 -3.7187 8.1422 8.1112 
0.24173 6.2622 -6.0833 0.40012 -1.232 -6.8126 0.51612 0.79215 -0.061234 4.2997 
4.4265 2.5928 -1.186 -7.5065 4.3047 5.1385 -6.654 -4.1425 -2.7392 6.3922 
8.5769 3.1875 2.368 3.2021 -8.6738 7.7919 3.8068 -0.39359 2.4796 5.5687 
4.6421 3.2824 -5.3629 -1.5059 8.8444 6.9174 -5.7847 -0.78017 6.3347 -7.4542 
4.997 0.94554 7.4287 7.152 5.6694 -3.9606 2.2853 -3.7541 5.8733 -7.1279 
-1.8536 -4.281 4.6284 9.1723 9.0127 -3.4424 1.7134 4.3225 -7.8717 -5.505 
-5.2102 -8.0537 -3.601 -5.1104 -2.5333 -6.8988 -9.0412 2.7763 0.7215 2.1914 
0.41701 6.6244 6.2355 5.1418 1.4194 -8.2342 -1.4263 5.2126 -5.0205 -3.2703 
-5.6185 -3.6996 -0.82289 9.4158 -9.6123 -7.7775 7.056 7.6718 -6.9762 -5.2832 
6.8478 1.9757 3.5194 3.7488 -0.29573 6.6375 -1.5592 8.0557 4.4533 -8.2354 
3.2587 -0.62465 -4.2443 1.9638 -6.0199 3.1492 -5.2982 -2.3987 -7.57 6.8186 
6.3247 3.1642 4.6104 -0.53617 -2.709 4.4498 3.0353 9.3748 -9.9111 5.8716 
5.8776 -4.78 4.6844 -7.497 -2.7162 2.7998 -8.587 -3.8736 8.5246 -8.2184 
-0.6179 -4.3094 4.1586 -0.53221 0.74878 -0.75781 -7.0351 5.9061 8.183 -2.8917 
-3.8095 3.8211 -5.8107 3.6946 5.348 -6.021 -9.7204 -0.012741 -3.5917 3.5954 
3.7516 9.4696 -6.5768 -1.6231 7.7876 -8.0835 -1.3245 0.34468 9.8452 9.0989 
9.737 -4.3488 0.67482 -2.9835 -9.5383 -3.5139 7.035 -6.287 -7.81 -9.4807 
5.3987 7.0799 4.1772 -5.9158 1.7463 -4.8703 1.7211 6.6689 9.9414 2.3933 
6.5916 8.0266 -9.9797 -6.093 -9.6738 -5.8973 1.9156 -9.8109 5.5692 5.3148 
4.1217 6.7551 -6.1803 -5.8415 -9.0704 -1.33 3.4481 3.2448 6.7342 -0.66252 
1.9067 5.0456 4.7203 -7.6247 -2.3801 5.6729 7.5378 3.1858 -1.9027 -3.8365 
5.0575 -4.8174 9.9109 2.5768 3.5672 -2.6163 -8.6938 6.0458 -2.4271 4.7227 
-0.065556 8.9428 -6.0574 9.2609 0.36509 -6.229 -5.8287 -0.7727 -9.5106 0.67875 
7.3027 6.9426 -5.3422 9.4795 8.6836 4.331 -0.83506 -0.16235 -9.0727 -6.8668 
-8.6394 6.8475 -3.2962 7.6889 9.1301 6.6497 -6.0404 -1.7592 -7.4372 5.0035 
9.3709 5.5431 -7.2194 4.8177 6.3162 9.687 3.2098 -5.6479 0.18109 -8.7515 
-8.0249 -0.52489 -3.2696 5.1796 -1.7314 6.2248 -2.1995 7.0393 3.1663 -7.7422 
0.93954 7.0233 1.3229 6.8169 -8.4139 1.0062 1.2621 5.3545 4.8335 -4.5786 
-1.9406 8.5837 -0.78013 -4.6686 -9.9466 -9.8283 0.7756 5.2222 -2.4419 7.4213 
-7.8592 -9.5151 7.8309 -3.5357 0.84081 -7.7501 2.3556 -5.0569 9.7904 7.8569 
4.4833 4.5817 -7.652 9.2789 2.2299 -9.1823 -6.443 1.845 -8.7782 -3.3633 
2.2736 -0.67361 -7.8764 -3.3864 7.241 -8.6308 -3.4421 -0.47833 2.0455 -8.9481 
5.6594 1.8239 -2.1622 6.8813 -2.8775 -6.6454 -9.5176 1.3408 6.1988 3.602 
1.3324 9.69 3.9349 6.9009 6.944 3.3179 8.8887 -1.7015 -7.4254 3.8084 
6.2264 6.9401 7.7705 -1.1167 -0.95961 6.7934 3.5394 -3.5456 -8.7937 7.7676 
1.5355 9.5339 -9.0759 8.6171 5.1234 4.2307 -3.894 -3.8755 -1.0655 -1.7219 
8.8806 -3.1029 -4.1564 -6.798 6.6162 2.0234 -4.0448 1.8561 -3.0892 0.2452 
7.429 -4.4527 9.075 -9.8065 -0.28905 8.9729 -8.5676 -1.1813 -9.9987 7.0435 
0.15204 -3.6719 5.2194 6.7409 1.2905 5.037 5.0554 1.9947 5.4409 -0.73171 
5.7765 -3.2702 -8.8846 -3.1304 -5.1089 -4.2375 0.63198 -1.5031 -4.7269 -3.2431 
-0.53939 0.962 -9.4315 -7.4821 8.4908 -0.13334 -3.8292 2.4814 -9.844 0.98048 
6.576 -4.2959 8.5414 1.1831 -0.65143 -3.759 -1.8632 -6.317 -3.7449 1.66 
-3.5504 8.3172 -2.5882 -5.7417 2.9012 -7.3024 -0.92412 -3.1639 4.7995 0.46299 
9.5229 3.4137 -9.6833 3.0722 8.6015 9.0889 8.0752 3.5548 -6.9693 -7.36 
-4.4358 5.7098 0.072725 -1.691 -3.0421 5.2074 -4.6269 7.9375 0.44144 -9.8482 
-8.5434 -6.3399 8.9831 -1.6553 -2.8753 -8.7353 -3.6089 -0.066373 -7.1719 -2.5862 
5.0245 -7.1823 8.6488 4.228 5.1642 -1.1061 2.9669 -6.3935 -1.5855 -1.7675 
6.6238 -8.8851 -8.9259 8.384 -7.3412 5.8769 5.7904 -7.4428 -5.8614 9.645 
8.4468 2.3675 8.291 2.841 1.1476 8.2371 7.7137 3.0366 0.43122 -9.9281 
-3.4595 1.7988 0.07507 -3.3944 -2.5621 7.0495 -9.2783 7.9171 -1.7625 -2.6813 
6.0814 -2.4993 -6.1692 4.3858 -1.0189 -7.0288 4.0468 7.1268 -3.4412 -6.9189 
0.76501 -9.5476 2.3767 -5.6701 -0.66783 4.5099 4.328 -2.8649 8.1435 -9.1313 
-0.7341 -6.815 7.5065 -3.6398 -6.4033 -5.8469 -7.8523 6.9238 -2.8082 -8.2614 
6.415 0.13546 -1.6024 -6.709 -2.9499 9.5138 -5.3069 7.8752 9.9008 -4.3287 
9.0381 5.7434 8.6086 -6.1519 6.6482 7.9048 1.1356 -8.3771 6.9926 -7.4149 
-8.4745 5.2408 0.60718 7.1208 -9.7379 -9.3153 -2.7865 4.3682 1.9563 -2.7938 
4.1734 8.6865 6.8879 -6.5225 3.011 5.7021 0.13496 -4.4051 -2.7506 8.1785 
-5.3015 5.9036 5.2101 -5.7214 9.6493 2.613 -7.8874 9.083 3.7873 2.6985 
-2.0221 -0.91477 2.979 5.0615 -4.6247 1.1696 -3.0823 -0.67067 -6.803 -5.6338 
-4.6375 -3.112 8.5858 7.0066 3.3756 7.8406 2.067 8.8574 -4.5915 5.0837 
6.6503 -7.3428 3.9716 -3.5505 -8.0032 0.68918 3.444 -1.4644 -3.2919 -5.2929 
9.9075 1.2247 -5.4338 -1.1898 5.4842 3.7219 -1.0077 5.398 -0.089737 -2.9051 
2.995 -5.8477 4.0681 5.9304 -9.856 9.0727 1.0706 4.5359 9.2432 -5.0664 
4.0791 -7.6399 -5.2394 8.6679 2.2528 4.6318 -0.32432 1.3329 0.85605 -2.2316 
8.6461 5.3531 0.80672 -1.2107 -4.479 -3.2521 -9.6061 3.7168 3.9747 7.7189 
3.7531 -0.85489 -2.4548 -6.8105 -1.8367 -3.7893 -4.7817 -3.1282 -2.9861 8.8277 
1.3671 4.5169 2.6576 5.9891 9.679 -5.8812 -3.7669 3.3053 -5.2565 -7.261 
-2.383 -7.8655 9.752 -5.3987 7.2797 1.5601 8.4346 -3.5668 3.9366 -8.9614 
2.6916 -1.2172 5.5386 -9.4005 8.6998 6.167 -4.492 -8.0565 8.5845 -9.1566 
-2.7354 1.1478 4.3376 4.792 -3.9491 2.5872 5.0362 -8.7595 2.3421 -5.5114 
-1.8476 7.1117 6.8524 -3.4541 -2.021 -1.4471 3.2655 -0.9572 -0.91608 9.1365 
-2.626 8.2386 -4.7617 -8.1588 1.2333 -2.8221 -0.453 2.7332 -9.3506 -1.2827 
-0.63202 -2.9734 -0.77433 -5.3558 -7.5812 8.3318 -3.2331 -9.3722 5.6323 5.0328 
0.068277 -2.5528 -2.7416 -8.8443 -4.8433 -6.9308 -9.3471 -2.7981 -8.835 0.52943 
8.2107 -7.9553 2.3399 5.9888 7.0946 -3.5117 1.7467 -6.4974 -4.8799 -4.0775 
-5.8714 3.1519 -3.811 -1.0399 -6.4327 -5.9657 -8.9051 -5.7094 9.4172 -0.90695 
-3.2279 -5.6238 2.6531 -8.6676 8.9221 6.8823 -5.3602 6.5856 2.5726 8.0793 
1.4825 7.3286 5.5811 9.5057 7.5789 -0.69405 -0.21073 -0.62475 5.6673 -1.0557 
-0.26135 -2.1319 7.7608 -3.8992 4.0298 9.192 6.0727 0.46456 2.8958 -8.0587 
-4.7556 -0.9223 3.5768 -5.8313 -1.5335 -9.7346 -7.5795 8.7337 5.0688 9.5563 
1.5919 -6.3649 -5.7121 2.3124 2.4452 -7.4099 2.5919 3.8755 -3.978 7.4048 
7.5666 -8.6512 -6.0652 5.8748 8.931 8.2769 1.0641 1.6404 1.1452 -0.24691 
-8.781 5.6911 -1.7878 3.4439 -1.1121 -6.1482 7.6526 9.7752 -4.9701 -3.511 
-1.1825 6.0373 5.3396 -5.6959 9.8358 -1.241 9.8062 5.9397 -8.7955 9.0437 
-8.3148 -0.73162 5.734 3.5606 6.7624 -3.4459 -9.3093 6.9547 1.845 -0.56896 
1.2648 7.0485 1.9919 -7.9162 -0.23664 5.1448 -1.5985 1.8857 4.3793 9.3888 
0.78621 2.513 -6.7988 3.8847 8.3242 -6.1413 -2.4455 3.5726 -8.9702 4.8496 
5.3612 -6.3902 -6.2478 6.2169 -6.0114 4.3746 -2.4028 6.5885 -0.69358 -7.4745 
-5.3382 -9.3986 7.1827 9.3147 -0.26162 -5.6396 1.6028 -7.8692 6.0972 -7.7809 
1.7472 -7.4044 0.30605 6.583 2.0244 2.6132 1.6012 -5.5743 3.4785 3.2968 
-0.82052 -3.6879 -0.62029 7.6227 1.1493 1.0243 9.7379 -5.9964 -6.9176 -8.588 
7.2196 4.6307 -9.8945 1.408 7.459 -7.841 5.2257 6.8514 2.6333 0.21017 
3.2167 5.4596 5.152 8.3856 4.8442 2.9583 -4.2824 5.5078 6.3467 -3.9458 
-2.9224 -7.0286 0.2737 -8.0521 -3.4971 8.6071 -5.0508 8.0972 -6.8142 6.5146 
-3.0563 5.916 -1.1619 -8.1592 -9.1293 0.22531 9.4703 -7.9013 9.7267 9.874 
-4.9256 -6.6931 9.4891 4.0431 -2.9119 -0.81665 -9.4543 7.6299 2.7385 2.6245 
9.0506 4.3421 -2.9935 -7.4456 5.1964 -6.6972 -1.0535 3.2858 3.4812 -8.2646 
-4.036 -8.4289 -6.046 2.6723 9.3356 3.7585 3.7308 1.7472 6.6519 -6.5222 
-6.8319 -2.1227 -0.42814 9.5631 5.4235 -2.3384 -1.0973 3.0162 -3.0777 -2.8539 
-2.7741 6.3166 7.7779 -3.6587 -4.2854 1.4091 3.8283 7.1236 -7.3239 3.8287 
4.8326 0.59951 1.1965 1.4062 -2.7484 -5.5605 -7.0302 -8.664 -2.5223 0.78062 
4.118 8.9471 -5.0176 -3.9425 4.7092 0.62485 -3.7578 1.0327 -3.3862 5.0233 
4.0178 -3.6664 -4.7007 -3.2646 -5.4985 -6.3247 -7.4843 8.8687 0.94074 -5.4115 
-9.8755 1.5633 1.2676 2.6106 8.1253 -3.1088 3.1691 3.9164 3.0143 4.0475 
-2.5131 -6.1954 5.8631 7.3005 -9.6664 9.6653 7.1088 -8.7417 -6.1453 7.9542 
8.0299 -2.1548 -9.5764 -5.5568 5.6141 -1.7778 1.3578 -3.5007 -4.9232 -2.2266 
-3.6331 9.9751 4.7383 -2.3894 2.5605 3.6584 6.3066 6.9266 3.0328 -8.7196 
1.9417 -3.1262 -1.9772 -5.6741 -0.47933 -7.5706 -3.576 -0.99458 1.064 -4.0223 
-4.0441 8.1714 4.2013 -1.1541 -9.9805 0.11173 0.88748 -8.2104 -3.1415 0.92049 
-7.4997 3.9533 2.822 -0.11812 -8.5297 5.0944 9.0467 1.8003 -1.5272 -1.9315 
-2.2329 -9.4046 2.9559 5.2731 -0.82873 -4.5124 9.0162 -0.7101 -6.7942 5.6248 
6.3538 -0.37446 9.1745 -6.9312 1.844 -6.2657 -9.075 -0.40539 -3.0742 3.3467 
9.6235 3.5381 0.31337 7.7659 -1.6549 8.8765 4.5571 0.13379 -4.2812 -9.6766 
7.2398 -1.9503 -9.7431 9.2398 4.0478 6.3661 -4.7903 -6.0251 -4.636 2.538 
-8.3236 -6.9182 6.5719 8.943 3.8921 -3.2486 8.8258 -0.73622 -5.9416 -8.8276 
-3.2458 1.2234 2.5307 -2.1013 2.3499 7.4857 2.4896 2.8576 3.5466 0.60393 
-5.2774 8.9865 2.1677 5.6141 -1.8194 4.7564 -1.7901 6.689 -2.968 4.4591 
-3.6439 9.1859 4.1199 6.7769 -2.7814 -7.1789 -3.7614 0.29307 8.3213 -0.85455 
9.689 9.7988 0.7012 5.2491 -9.7409 -5.6628 -0.80626 1.825 5.1048 -4.0051 
0.96502 6.7203 -8.7772 -2.2157 9.3038 -4.6142 4.6422 1.8938 -3.9139 -4.9932 
4.985 3.0816 1.1124 -3.101 -7.1925 9.7673 6.8586 5.1817 -0.24616 -7.5224 
6.837 7.3835 -8.662 9.5457 -5.6026 8.7888 -6.8965 4.691 -6.7835 -3.8048 
-6.6622 7.2754 5.0398 6.0724 -3.7245 0.37412 2.5189 2.1524 -5.252 -7.2833 
8.062 5.2385 -9.2922 -8.5915 7.8 7.5661 2.0971 1.0477 7.5707 3.166 
-7.8975 -6.6946 9.1724 3.2995 -7.7347 -5.6695 7.9792 -4.5935 -1.9861 0.28412 
4.9019 -8.4105 -2.5237 5.891 -6.7982 8.444 5.6161 -3.2463 -9.1091 9.4308 
4.5874 0.17789 9.9358 4.9007 -8.9503 8.0195 -9.8665 6.1524 6.0311 -9.3992 
4.3494 -8.1392 5.1746 0.011472 6.1315 -7.5602 6.1695 -4.3419 6.8412 -2.155 
-7.3314 -1.2428 -8.3329 5.2009 6.4039 3.068 -8.2599 2.9398 -0.068659 -2.5873 
-1.0842 -3.7606 0.2548 1.3054 -3.0408 0.024828 9.159 -0.0282 -0.0049956 2.2316 
0.17574 -2.417 7.3387 5.4787 9.9421 8.061 -9.7803 -8.7189 -8.4917 -8.4259 
0.60981 9.9118 3.1867 2.511 -4.4361 5.966 -5.4545 0.95953 -2.7299 -2.6601 
7.1943 7.3898 -8.6229 6.0859 -0.31589 -6.8893 0.84753 6.0432 -7.3105 -6.0478 
3.5545 8.9581 8.5028 0.91062 5.6646 -8.5326 2.9458 9.33 3.6637 2.0548 
6.1168 -4.9139 -9.2129 -5.0159 -6.7856 -7.0122 -6.1561 -4.5196 -9.0667 5.277 
0.62486 -9.0302 9.8144 7.9028 7.4238 3.9579 2.538 -7.7213 -6.9511 6.3929 
9.1179 6.6368 3.9927 7.1017 5.2986 4.951 0.75473 2.0381 5.0323 6.5411 
-8.6665 3.7745 7.2397 1.7762 -0.11917 -2.3984 8.9778 0.17414 6.5812 -2.1371 
0.83036 1.9204 -6.6328 -8.9478 2.0071 0.8936 -5.604 9.0448 8.8279 -1.6023 
-4.3668 -5.7052 3.8101 -0.073133 -8.7341 -3.7934 -2.6592 8.954 -7.9323 3.4276 
-0.38199 0.70339 6.9696 5.1018 -5.6853 -2.1091 -2.1792 -9.0599 3.4251 -2.9504 
3.6973 -8.8849 -5.4097 7.9488 -6.6456 8.9556 -6.7083 -2.2303 1.3092 -6.13 
-5.8348 -1.379 -7.5021 -8.3046 -9.0356 2.3208 -0.65438 8.6715 -7.8208 -1.8117 
2.1632 -6.1852 -8.9764 0.15079 0.82391 6.361 -1.45 9.9824 0.42403 7.5988 
-3.4765 -3.4445 2.7903 -9.6614 8.9826 1.1813 0.59318 5.8833 -2.9624 -0.66156 
7.6169 8.7531 -8.4358 -6.0293 -4.1721 -4.3086 0.40926 -2.6802 -4.4641 4.6045 
-7.3321 6.9473 5.4141 -2.515 -0.4307 6.2132 -3.1006 1.8397 -1.3667 4.3541 
-7.9518 -4.8603 1.1426 4.5305 -4.9647 -6.9222 -2.8148 -1.9635 -4.8512 7.5498 
9.1823 -2.4559 -8.1187 2.7972 -3.5964 7.5165 3.2516 0.086637 -9.6875 -7.2764 
-6.942 4.6703 4.5692 9.6174 2.266 -4.5475 9.3411 -4.0603 4.5757 -0.65239 
-6.9492 5.6445 -1.5978 -2.2308 4.7282 9.6048 -1.7344 -6.5989 3.082 -5.3126 
-6.8889 -9.7673 3.4169 -7.5381 9.8275 2.627 7.5547 -1.237 9.9886 0.25413 
-8.2086 -5.5659 6.1335 7.4201 -9.6034 -5.9156 -4.9579 -3.0972 -4.5113 -0.17773 
-0.91151 -8.6586 7.7957 5.8441 8.138 0.67784 9.6655 5.0912 -3.3141 8.6959 
3.3779 4.1131 3.3643 7.0688 4.6837 5.877 3.0421 1.0449 0.31107 -9.3977 
6.626 7.5187 6.5791 6.5476 -6.623 2.9671 -5.6836 6.8314 -7.9645 -1.2653 
5.8047 -4.4504 9.3602 9.6764 8.8494 5.0481 -5.6777 -8.0837 8.231 4.3412 
4.2542 3.8561 4.9914 -3.5131 -5.2369 -9.0428 -7.6335 -8.7195 -4.557 9.7619 
-0.54805 -7.2197 1.623 -5.0703 8.7198 -5.3735 -6.7131 4.7153 -7.5616 -4.8402 
4.1718 -2.5046 9.0495 -6.2128 -3.1916 -9.2267 -2.6486 -3.4556 0.4963 -0.61657 
9.1612 6.7176 -5.7034 -9.5713 -5.0635 -7.9396 -9.9356 3.245 4.4877 0.68001 
0.11551 3.915 -5.8802 -4.6775 2.3713 -2.2282 6.3545 -5.4102 0.51209 -0.12365 
-3.8989 3.898 9.7074 -4.6807 8.4993 -9.481 -0.8391 -3.9058 4.3559 5.5586 
5.7962 7.0672 0.32894 8.3253 2.7375 -4.2599 -6.1212 -6.8072 8.3031 8.9317 
-5.2723 -4.1082 -5.2362 -0.31893 9.5836 7.9639 5.903 -1.1936 -6.3492 6.5507 
-5.3139 3.0194 -2.2755 9.9714 6.0429 2.002 -3.2243 3.4414 -1.9135 -8.5214 
-0.70601 -4.0274 -5.7434 -9.4468 -0.34917 -8.8672 -8.0611 -9.8506 5.127 -0.047944 
2.3877 8.8935 -4.0321 7.7738 1.7321 3.9805 8.0351 7.5624 -7.8779 9.9548 
2.3066 5.6158 3.761 -0.58208 6.1944 -7.2398 5.7077 -8.0978 3.4283 -7.8702 
-7.5475 6.5004 2.4525 -6.8935 -2.3036 2.776 9.8962 -2.05 -0.48234 -2.6692 
-7.5241 4.7237 -7.929 3.0162 3.179 3.9828 8.686 3.685 0.027641 -3.5593 
-4.3108 5.8735 -4.279 -2.9801 2.2006 5.935 1.0823 -6.9332 -8.2507 -6.0992 
4.7147 -1.8968 2.0271 -7.9774 0.94001 2.9391 -4.8361 5.5733 -2.2076 -2.8847 
-1.7738 -7.3878 7.3698 -2.8792 -5.9491 8.9444 0.056618 -7.5392 0.095983 -7.7349 
6.5796 -6.8089 6.3137 3.2592 0.61161 7.5671 -0.70846 -4.2027 4.359 -1.435 
8.7023 6.3329 -2.5016 -7.0247 1.5984 4.7815 -6.7919 3.0388 -9.6652 2.5101 
-2.0187 -9.3889 -0.34055 4.6036 -5.335 -2.0032 7.9059 8.8292 5.0741 3.5388 
-8.9558 0.87983 5.5565 -0.070354 9.9728 -2.4318 -5.206 3.2214 -8.2663 7.3582 
1.4237 6.4699 -5.6202 -0.60533 -3.7023 -3.6122 3.6949 3.2616 -7.7821 5.8814 
4.9534 8.9679 -6.8965 1.4279 -5.9469 -5.8704 1.2069 4.0697 -1.6245 -5.1135 
-3.5951 -0.79463 -5.0619 2.8264 -4.7605 5.1158 7.5556 2.4604 2.4782 2.5564 
-0.14131 -8.61 9.5431 -4.67 6.3257 9.0469 -3.2403 -6.9149 -6.4451 -9.4241 
-5.5669 0.44799 0.81518 -0.0927 7.5446 -1.5627 -8.2937 4.7384 6.79 -0.38123 
8.7855 -6.0829 3.2929 7.2257 2.791 7.5598 4.6489 4.2009 7.5975 -0.14074 
-0.35389 -4.0258 3.4615 3.8617 8.223 -7.5097 -9.9011 5.2454 -3.3781 -5.0455 
0.79992 9.5143 2.2726 0.33435 1.2963 4.8189 -3.2104 3.7676 -8.4602 -7.444 
-5.5789 -6.6937 -8.6673 5.1847 1.429 -4.3779 -1.2025 -0.29951 -0.067611 9.6321 
-8.0811 5.547 -0.78174 -8.0322 4.7336 -2.5569 -6.5172 -1.1058 -2.399 -0.29929 
-8.7967 -3.1724 -2.9799 -0.6825 -7.7151 9.6885 -1.018 4.966 -1.5614 -7.5145 
6.3902 -0.51794 2.1044 4.8572 -3.0034 4.4737 5.9195 5.954 4.5833 -1.7457 
5.4296 -7.9953 2.2432 7.9732 -0.269 9.724 -8.2424 9.705 0.088957 9.796 
-6.0861 -8.7964 -3.9156 -7.9813 -7.7268 2.2781 -1.7158 -1.6917 7.9648 9.4306 
7.9024 7.2344 6.7817 -3.943 4.7026 -5.4078 1.6004 0.30058 -7.2731 7.7405 
3.686 -8.5826 -6.5427 -7.4915 0.88783 -5.3536 8.1468 3.28 -8.5395 -8.2705 
3.1369 7.6559 -9.8896 -0.0061346 -7.4126 -2.7938 -9.7947 7.1467 0.31892 -5.8243 
9.8076 -2.1232 -5.6602 5.2324 -8.8215 -8.237 5.3775 -9.2451 4.4558 8.6189 
-9.3262 -1.199 0.69786 3.3312 -7.9035 -6.6066 2.6565 -7.73 -7.1504 6.1435 
-1.5149 -2.9854 -3.1506 2.4272 -8.6234 5.4811 5.1368 3.9419 -2.8977 -3.098 
-0.20033 -9.353 -6.6851 -6.2087 -2.7952 -0.91494 4.3786 5.0585 -1.425 -5.661 
1.6701 4.5113 2.2367 -1.5264 -1.1314 -1.2806 3.5833 -5.8019 0.27539 7.7632 
-8.3346 -2.9302 -4.3025 9.0939 -3.3838 -9.6616 -0.096598 -1.5603 9.9679 2.6261 
3.2031 2.8212 -3.9536 -7.2986 -7.0123 -2.0492 4.9431 -1.8844 5.0395 -4.9042 
-8.9539 5.4318 0.014366 1.1923 7.4862 3.9125 5.5233 -6.3723 -6.1688 3.0145 
1.1366 3.5416 0.5738 -9.0468 1.4893 5.6839 -5.6498 -1.409 -7.1715 -7.2928 
4.2405 -0.28255 -9.7168 -6.0892 9.8971 3.7329 2.1494 2.3487 2.8753 -8.0168 
-0.24179 6.2426 -7.6381 0.17188 -4.6648 7.9126 5.5546 8.8128 -7.1923 7.6365 
2.352 -8.4801 -7.217 -1.5205 -5.4084 -1.8787 -0.27294 3.4419 -3.1189 0.40267 
-5.7244 -9.4333 5.2417 8.5823 0.11135 -0.26046 8.8772 -6.7219 -1.1772 -2.7146 
2.9132 -1.3299 -5.8606 2.147 -1.0816 8.266 1.4817 -5.4864 7.295 -6.4162 
-2.3872 -7.1304 0.070276 -2.3876 1.7081 1.4319 -9.3572 3.3146 -3.8934 -9.1596 
-7.9257 6.1607 -5.3249 -8.8248 6.7688 4.3718 4.303 7.5072 8.2998 -8.2952 
-2.4498 -9.9649 3.2426 0.86427 -2.0487 2.8544 3.8235 7.4381 9.2344 -4.6002 
-4.7428 -8.0756 2.8362 0.52731 6.0073 1.817 7.6532 8.2621 -7.2837 -8.8027 
-5.1743 -1.5665 6.9934 7.931 -4.2773 4.8476 -6.1724 3.2239 -3.3127 7.3754 
2.4585 -5.2977 7.478 4.7 -7.1831 5.6242 8.1049 -6.6378 8.7326 -1.8588 
0.45856 9.126 8.9366 1.944 4.7205 -5.6682 -8.6464 1.1304 1.287 0.70382 
-1.7352 -2.5703 6.1713 7.1113 -8.7836 9.2221 -8.5044 6.2993 1.847 8.9971 
-5.6442 -0.1736 -8.4658 -7.9737 3.9956 -5.5094 -1.654 8.8335 -8.1457 4.0486 
7.1711 -4.6498 -3.9998 1.1241 2.0017 1.514 3.9602 -9.5222 7.5773 -7.6599 
7.2202 1.5256 -7.8954 -3.9469 -9.3281 1.0291 -8.2893 5.8129 4.7052 -6.2605 
-4.3212 0.40091 4.0581 8.7381 8.6388 3.03 -7.7465 2.8892 5.0206 5.2387 
2.3079 9.5774 -0.94597 -1.607 9.4991 4.7113 6.9232 -2.1464 -3.841 9.5029 
5.5898 3.2148 -3.0079 -9.4917 0.21329 -2.8454 -2.3213 -9.2066 -6.3362 5.1469 
9.0969 6.9248 6.107 -5.2861 -7.1304 -0.64685 -4.5717 -1.5734 2.5074 -5.2875 
8.3921 -8.2571 -8.8545 4.9817 -6.739 9.7634 -0.3016 -2.8785 7.0221 -9.4658 
-2.3037 -1.5425 -6.2345 7.8998 -7.7112 -1.4753 5.1877 9.7263 4.8836 2.7493 
-6.7471 -9.1719 -4.4091 4.6151 -0.94741 4.1294 -2.6134 -4.067 3.3087 3.8449 
5.935 2.0426 5.061 -4.2494 0.70583 -5.408 1.1087 -3.6029 -1.4587 -2.934 
-7.7237 4.6289 -1.8662 5.8655 6.4013 -8.4038 -7.9126 0.96999 -4.8946 0.7186 
-6.8235 3.6526 -3.6322 -5.4427 6.8693 -9.5694 9.6377 -3.7229 -0.93921 7.1193 
-2.8834 -8.7794 -1.2285 0.9333 -3.9486 9.9044 5.0342 4.454 -3.5521 -5.3203 
6.9552 3.5301 -2.9928 -3.4087 7.3524 -0.87596 -8.7121 -4.1869 5.3607 0.0018862 
1.6556 -3.8585 -0.7839 3.4425 0.125 3.0689 9.7382 -8.28 2.964 5.972 
1.7236 -3.0341 -1.7559 3.9914 1.4628 5.6537 -1.5239 6.3469 2.6233 2.5038 
8.5168 4.53 8.9424 1.4838 -7.3227 -0.27356 -9.4191 4.6076 4.6459 2.9837 
1.5016 -7.8582 8.9578 3.982 8.5498 6.7221 -8.0666 -3.9326 -8.8837 5.6344 
-9.8005 -4.95 -0.79128 8.0453 -9.8587 -3.1286 -3.4054 8.7267 4.3191 -0.78592 
6.1875 -1.2214 -2.5963 -0.20382 -5.9959 -0.1496 3.4176 2.2003 3.5009 -7.8968 
2.1762 1.7436 -3.2654 -4.71 -6.5237 -5.3279 7.907 3.2442 0.61258 -6.2882 
-0.40173 -3.8599 -0.23127 3.7754 9.4735 -3.376 7.6451 6.3444 7.0654 -7.6542 
-4.6312 -1.2906 7.0306 6.7671 2.2954 -2.6933 7.4723 -7.8972 -5.9324 -6.6186 
-4.8381 -3.7933 -8.6371 9.4761 -0.2942 0.55754 2.2412 -7.1438 9.4146 -7.0464 
-0.37981 8.3194 0.52472 7.4801 0.93473 9.0392 -0.47833 -8.2965 -6.8911 -3.1356 
-5.4532 3.1684 -3.4239 -2.2286 3.9597 -6.3866 -9.2669 4.134 -5.9518 9.3185 
-9.028 -6.4619 -3.1579 -8.6276 -7.4392 -6.8309 -7.1987 6.9095 2.5714 -5.519 
-6.6152 2.9021 4.6203 1.7733 -2.8192 0.59048 6.8857 -3.8807 -7.8334 -4.0846 
-4.8311 -9.2941 6.6632 3.3197 -4.3084 9.0998 -9.5777 -3.7559 -3.2239 -4.0598 
-6.0418 5.6521 4.1552 -4.6242 7.7286 -5.4403 -5.8265 -5.3489 5.0795 2.0712 
2.1139 -9.9639 -6.837 2.6652 -6.7701 6.2298 3.0949 -0.72029 -9.4423 -1.2543 
6.4741 -2.3097 9.5364 5.5088 -1.7801 -0.97143 -6.7598 -2.376 0.21706 6.3215 
6.2123 3.4493 1.196 2.9182 4.0274 4.2758 6.2689 -6.0196 0.86228 5.2031 
6.0447 -9.2102 -0.55696 2.9299 -2.1794 0.096445 5.697 4.3512 -4.6833 -6.5316 
4.1623 -1.3048 -2.0941 -4.2052 6.6579 3.1918 -2.4173 5.8821 -7.5957 -1.8729 
7.1876 -6.5124 -8.3129 5.7695 7.1698 8.1715 -8.4585 0.59008 9.3531 1.2288 
5.6217 1.6642 -4.4725 -4.1857 3.9538 -0.60425 4.3619 -9.5377 8.9583 -2.5152 
-5.9241 -6.1793 -2.6605 9.2075 -3.7212 5.5132 -1.2166 -5.0332 9.5519 4.9133 
9.8669 -2.3272 5.9434 -1.5794 6.9937 -6.1836 8.8118 6.0669 2.7211 -4.9136 
-8.1275 7.6436 -9.7635 -1.0615 7.4391 -3.9995 0.91322 5.4702 -4.0685 5.2224 
3.0124 -9.9632 -5.4062 -2.8946 -5.0018 -4.5933 3.7147 7.9008 2.1748 5.5773 
-5.6965 3.6041 3.7415 -4.4747 8.7967 -0.46853 -6.1251 -3.7564 2.4314 -9.7316 
-5.1225 -4.3497 -9.2664 9.0499 -9.6081 9.7969 3.6819 -8.8627 -7.4268 -9.6918 
-3.2062 6.4282 5.727 -3.6934 -7.2486 -8.7821 9.758 -2.4113 -4.761 4.8242 
-6.0428 -4.1178 3.2196 -4.8384 -6.7038 -7.915 -8.4711 3.2822 2.1071 -9.4192 
0.13667 -2.198 5.102 -9.0376 -9.9586 -3.6177 0.28605 -5.2008 -9.8377 -2.4011 
9.0152 9.0216 0.35306 -4.0985 0.018016 5.1617 -8.6996 8.7751 0.98527 -8.4632 
-2.1079 6.7051 9.8067 -7.7228 7.483 3.0606 3.5521 -1.2948 -3.9629 -8.655 
1.6893 7.8043 -6.4413 4.9004 -4.2966 -1.8429 -3.0231 1.4196 9.4605 -3.1024 
2.1307 8.6518 -1.2595 -4.7266 -4.5413 -7.4373 2.7159 -0.5913 -7.8875 0.57177 
4.2929 -7.4128 2.6117 6.8259 -0.46915 7.2773 -2.6775 7.4969 -5.9735 -6.0199 
-1.9693 -3.0343 3.4723 5.1959 -8.0555 -8.1641 -7.9896 7.0714 -1.7415 9.1885 
7.1738 4.2722 8.35 -4.894 3.6512 4.504 -5.6695 -4.4082 -4.0467 -0.39782 
8.4097 2.503 8.152 3.843 7.6594 -8.439 9.4543 -1.1921 9.5385 -1.8264 
5.0168 6.6724 -8.7236 -8.0857 8.4159 -4.5058 2.741 -2.9919 0.83472 2.0551 
-4.2882 -5.5899 2.7446 4.3311 9.2677 9.3885 -4.4795 -8.2582 -6.9813 4.3006 
5.9363 -3.6136 -0.37818 2.8738 7.2776 7.0944 -4.7663 7.9203 3.5976 -5.4299 
-7.1447 -5.6123 -4.2498 7.6943 7.947 8.3405 0.12629 0.90413 8.4824 6.4543 
0.091004 -9.4393 4.4308 -2.6606 -0.20986 9.7825 1.3708 9.4349 -9.1523 -0.98665 
2.2138 3.6042 0.097751 -6.7071 -5.3796 3.0448 4.4731 4.5519 -9.0479 -8.432 
4.0759 -4.277 3.5459 -6.4122 -2.5119 -4.3648 -5.0246 -8.0593 -5.4096 1.699 
-2.3332 -9.3842 6.0477 -1.2051 -6.3039 -0.97919 9.2304 5.1681 5.3426 9.6062 
4.5737 -4.311 3.6666 -3.2718 -3.331 -8.507 -6.412 8.0098 -6.5302 -9.4561 
7.7457 -7.7361 -7.6901 -3.5195 0.45177 0.98079 3.6878 0.83647 -4.4252 6.3534 
-8.883 -8.5675 9.1528 -8.0521 5.7799 -5.8508 4.9911 -7.0177 6.4809 1.513 
-7.2357 1.6203 -3.2889 0.29251 2.0633 0.57005 -6.5985 6.9169 -5.6791 -7.6747 
7.2613 -9.7808 -3.6342 -9.1019 -8.6888 7.1393 8.2218 8.1692 -1.6697 -6.0956 
-1.5651 6.87 3.367 0.29325 3.5488 -0.75557 -5.0705 2.6153 7.093 8.7381 
-1.7737 -8.6788 -7.0643 -9.2409 -8.944 -6.1945 1.1662 -2.8592 3.2751 -1.4917 
9.1828 -0.31806 -4.4399 -2.3825 -4.8643 -8.1979 -8.0367 -8.757 8.1787 1.7925 
5.0049 -6.7519 3.1883 1.6824 9.7831 -1.7566 -7.3313 -0.62198 2.8481 8.7317 
9.6199 -1.5608 0.84454 8.7156 6.1561 -5.5146 3.2391 -1.1528 -8.3073 0.033952 
-5.3297 7.2612 -4.3181 -9.6611 -5.0146 8.2306 9.6866 -7.9129 0.54713 2.683 
-8.0755 3.1282 9.5239 -3.745 -1.8431 -8.8901 -8.0797 -4.002 7.0134 -3.4932 
-2.3084 9.2495 1.4916 3.1791 -6.4236 0.073486 4.775 0.46885 4.7831 -2.0555 
0.005451 -2.0848 4.5439 -3.3765 4.1873 4.9536 -1.2422 -5.2376 1.2666 0.51417 
1.4051 -1.7614 7.5862 -3.2018 7.3178 -2.5523 7.6947 -8.6775 2.7834 -1.2753 
9.5326 5.5853 3.2417 5.7146 -3.0714 1.3841 -2.9222 9.2364 -3.0828 -6.802 
-0.1429 8.041 0.43602 -5.4409 -4.0815 -3.7398 -0.061669 3.8415 -3.1768 4.8991 
-1.9823 3.3862 -4.9047 -8.7434 -5.581 -4.1407 -4.1505 3.3522 -8.1113 2.1764 
9.8998 -6.5725 3.4736 8.7321 8.2974 -8.6374 9.384 -9.6322 -6.3792 -7.8606 
-4.78 -3.6044 7.182 -8.8277 -2.8317 -3.0772 5.6678 1.8285 4.1132 -2.7027 
3.3065 -4.5759 -0.54938 -8.806 -0.17882 9.7442 -0.23812 -2.0461 8.3285 -6.2108 
9.2851 -5.3841 8.2505 0.44002 -5.4909 -7.2468 -5.2165 7.5297 -9.1748 0.058306 
3.423 4.0498 -8.7501 9.5181 3.9395 2.7496 1.8259 -0.53963 5.0924 8.8427 
-4.0165 -3.8106 -0.2488 -9.0515 6.1896 -0.19227 9.7005 -2.7491 -0.19893 -8.9107 
0.62253 9.4774 8.3014 -0.94781 1.1259 1.5891 1.9293 4.7816 -8.1365 -7.4788 
-9.9707 7.2487 -0.20366 5.8441 -4.832 2.1397 -2.084 9.7876 6.2386 5.7963 
7.6758 2.3955 -0.31396 6.6917 -5.4021 -4.292 2.9565 -0.16266 7.1337 9.3091 
-1.9123 7.5889 -4.5174 -6.3613 -4.7611 -6.0569 9.1208 -7.572 -6.0591 -2.7683 
-3.9759 -3.8577 -8.1782 -1.7623 2.3887 -1.271 -7.5995 0.16882 9.936 -7.9309 
9.0116 2.5239 3.3188 8.0114 -8.2156 -1.4775 8.0516 -6.5424 6.4694 -5.9767 
-0.78704 2.6797 -7.4889 -2.1222 -3.7243 4.6697 1.3209 -8.2234 8.5281 -1.3889 
-4.247 -3.9761 -7.8239 1.7564 -4.4838 0.41054 -5.0996 8.0448 8.049 3.6748 
-8.3075 1.6591 -1.1421 -3.4758 -0.53344 -6.2596 -1.8296 -4.6145 -9.9831 -6.6605 
1.6436 -7.8465 1.0622 -4.4901 -8.6875 -1.0574 -9.1898 -4.3867 -0.86324 -2.6729 
-6.9386 5.9682 9.2508 -2.814 5.6253 -4.4214 -8.9944 0.63081 5.7579 3.6096 
-8.5381 7.5027 1.4302 2.6217 -4.3532 8.4055 4.7788 -8.3806 7.4819 2.7545 
1.6113 2.9534 -8.4822 -1.1197 8.7056 9.2632 3.5195 1.4044 -5.2754 9.2315 
-4.2597 -8.8986 -2.7506 3.2457 8.3172 6.0212 3.9605 -2.1763 2.2275 7.5276 
-2.7616 8.7712 -9.6104 -0.38556 1.5074 6.5536 2.288 -3.5636 6.457 8.8652 
4.4965 -8.8408 -0.72187 -2.2888 9.6137 -5.3106 -1.3832 -3.9354 -9.1474 -5.0023 
7.1662 -5.0171 9.118 -2.5064 -4.7742 1.5685 -3.4217 -2.8534 9.4202 7.4965 
-3.0417 -2.4976 9.5514 9.1332 -2.4555 0.39943 6.1061 -3.5157 -4.5863 -6.0551 
9.2349 -1.7294 -7.1405 -6.75 5.6467 6.449 7.4506 8.9972 9.9803 -6.0196 
9.0714 -6.6963 -4.5443 -0.43976 9.4675 4.0419 5.7804 -8.8372 8.6344 4.8805 
-5.8793 8.8395 9.4175 9.3238 3.2123 1.6625 8.511 -1.2216 3.2129 3.8559 
5.3649 -7.4391 5.4383 8.5508 -8.1642 -0.4297 6.7447 -8.0026 -9.4716 -2.3989 
2.3106 5.1078 2.1171 -9.7329 5.6119 -2.5368 -1.1145 2.5256 -9.5309 4.5841 
8.3784 2.8031 6.8477 -9.6023 0.75565 7.535 -2.3344 -7.1226 6.3266 5.1093 
2.0507 -3.8677 3.5719 -1.258 4.8247 -6.2681 -6.0419 -5.6317 -6.9048 2.2936 
4.0428 -7.6856 8.4702 -8.948 9.746 -1.2643 0.18534 8.0475 -4.0414 -6.442 
4.8735 9.111 9.4945 7.1298 -6.399 -1.5109 -8.9272 7.1141 -2.6062 -1.3473 
-2.298 6.483 -8.8385 6.4507 -7.8476 6.5909 4.4647 -6.6007 -0.32406 -8.1838 
-4.9699 -6.9561 -9.4724 -0.39718 0.94377 3.1417 -4.673 4.5938 3.0701 -1.6942 
-9.2648 -2.1422 4.1954 3.0483 -5.8945 -2.7979 2.4277 8.5715 -8.1185 -3.7891 
-0.55754 -0.74474 2.7994 -4.8859 1.7166 -1.8963 -0.2861 -4.3456 1.0705 -1.201 
2.9014 4.7564 -0.64125 3.5203 7.4273 -3.3238 -2.9282 5.2693 -6.1229 -2.772 
-4.4206 7.5131 1.1433 -4.6764 2.9008 -1.0397 0.95439 2.8703 0.13312 -0.91156 
0.35722 9.4768 -8.1131 7.1888 0.67246 1.2376 6.0774 7.8739 -3.0791 6.181 
-5.0867 4.4775 6.3981 -1.2644 -5.5945 1.3512 4.349 6.8146 -5.75 -0.91095 
-4.0498 2.4583 -2.5053 7.9822 -3.9921 8.3066 -1.6302 6.3314 -5.3846 4.1629 
3.0095 6.8419 8.2446 8.3299 -2.6554 3.5651 3.7432 -1.4985 -5.7623 7.091 
7.8279 -2.4392 6.7879 7.8969 6.5721 -5.1339 -0.82862 -1.2674 -7.8047 9.6309 
7.2221 7.9736 1.8581 0.36475 6.513 9.2416 1.8714 7.0317 -3.9642 8.6762 
-5.8017 5.7752 -8.0813 2.5091 1.4689 1.7154 -4.4363 -5.1006 -9.2886 -7.2436 
-2.0181 8.176 -5.2336 -7.817 -9.8141 7.9483 7.4938 -3.4604 5.4614 -7.2588 
7.7577 -1.5718 -9.534 -9.7151 -1.365 -5.4158 7.1449 -9.6429 2.7752 -6.8282 
-4.8694 -8.5883 -6.9193 -0.13203 2.9941 -1.4193 2.0052 -1.9367 2.5555 -8.6121 
9.336 8.1505 7.6089 -1.897 -8.9544 8.5602 -3.5744 -4.9664 -7.7242 4.6633 
2.3831 2.2548 -7.6208 9.9397 4.2837 2.3295 -6.6326 9.6749 -4.6971 -3.3801 
-6.6931 5.0068 7.1988 9.999 1.474 7.1986 5.416 7.5594 -7.4882 -0.19834 
6.524 1.6081 7.3098 -4.0634 -8.0397 -2.8431 -9.4512 -5.7838 6.6925 3.2504 
3.1139 9.8904 7.9092 0.17368 1.2826 1.0599 -5.9219 -7.4092 -1.4234 9.3931 
0.92905 -6.6827 -9.7662 6.8975 -6.9183 0.99315 -5.1975 7.7449 8.1639 3.1225 
-4.9734 4.1765 5.922 1.5405 -0.90775 4.9714 -1.2466 0.25806 -1.5792 -7.6918 
-9.1969 -6.6659 -6.3571 0.27944 4.5211 2.1477 -7.2075 3.1705 9.9037 -7.4325 
-5.3325 -8.4134 -9.3539 -9.4735 -3.1088 0.094208 -1.6347 1.6246 -3.2764 -3.2033 
-2.7777 2.6815 -6.7371 -9.7389 -4.05 -7.827 -5.988 7.7977 -3.0523 1.3309 
2.6691 1.0296 0.96351 3.4754 -9.2388 0.065417 5.7208 6.8786 0.081994 6.7791 
9.722 5.4455 5.3679 7.0819 0.82948 2.0394 -1.103 -5.0333 -6.1808 -6.1911 
-5.8569 -8.9023 5.5902 7.143 -5.6314 7.0471 5.5006 -2.7074 2.8614 4.75 
5.1417 -9.0672 -3.0186 5.1388 9.4128 -9.8959 4.191 0.15884 -7.8298 -7.0248 
7.7266 1.6502 4.1651 -5.3745 -9.0525 5.7548 7.7788 7.7433 4.1087 -4.4283 
-0.5554 5.2349 -3.3875 0.47472 0.31114 3.8873 8.5122 -9.0066 -0.22784 3.4691 
-6.8217 -6.2948 2.3212 0.32415 -9.9304 5.5595 -2.1975 -3.8412 0.47929 -7.6642 
6.2184 0.71929 -0.82211 2.4898 5.4276 -4.6727 1.9498 0.25663 4.3344 7.8052 
-0.46984 1.4739 -5.6176 0.094924 -6.8941 -0.79241 -3.9455 3.1967 0.58238 -7.8124 
-7.6742 2.0988 -1.3588 -3.7108 8.3227 6.6051 8.3821 4.1643 -7.8481 -2.446 
7.5144 -9.1842 2.7873 -9.3817 -2.5216 -1.1904 -5.1711 2.6993 -1.4166 5.8991 
2.7037 -4.5975 6.6227 -9.0749 -0.1986 -8.7624 7.3467 -0.28398 3.7107 1.1085 
-8.0544 -6.421 4.1745 -0.056596 7.9835 5.2766 -7.2056 -6.6053 4.2232 5.4927 
8.1688 0.55456 -6.4046 -8.9257 -4.9728 8.7787 4.9878 -7.1845 0.35481 7.6391 
-9.2997 4.7015 1.5981 7.3743 1.8861 -9.7262 7.0326 8.8588 -1.3521 -0.33036 
-9.205 8.3527 5.5579 -3.3124 6.3468 -8.9999 4.2614 -7.7115 -2.9634 2.0835 
9.7714 -9.388 5.1809 -1.5321 -7.7319 -8.365 -7.6526 6.8499 9.4352 7.7423 
3.7236 6.4844 -4.9875 -9.9423 0.71384 -1.8037 -3.2068 0.72519 2.3879 -1.9813 
-2.4662 6.9479 -3.1247 -1.8044 6.4135 -1.3223 3.147 -0.025576 5.1899 -1.1157 
0.086485 -0.60729 4.6146 3.8783 2.8329 -6.5682 -7.433 0.74462 0.045468 0.48734 
5.2699 -2.5936 -4.2543 -1.4479 1.5376 1.3329 -3.5344 9.7115 2.7816 5.4958 
-9.0225 -8.4873 -1.1221 -5.5533 3.5591 9.0702 3.1235 -3.3893 9.9332 5.2154 
4.5186 -6.6009 6.7966 7.5124 9.3264 -2.877 -0.82974 -3.6118 1.1939 8.7014 
4.0266 3.4393 9.6731 7.0553 -8.9094 -0.067888 1.0767 -5.0162 -9.8994 9.622 
-0.82218 1.8026 2.2911 -3.5742 8.4076 9.2951 -5.3833 8.7001 -2.5485 -2.6125 
1.6459 3.3558 -6.469 -2.3614 -4.0342 9.5976 -3.3836 -9.4385 -5.4895 4.3666 
-3.2182 -0.99481 -8.7181 -5.2752 1.7757 -5.5953 7.601 2.1638 -2.103 4.6419 
-6.5875 5.8389 3.7139 8.7127 -6.0875 7.5698 5.6312 8.1208 5.72 2.6837 
-2.0161 -0.88404 -5.4013 -6.6938 2.2424 -5.5103 -1.6725 8.2533 9.426 -4.0351 
8.3955 7.8893 3.2902 2.5525 2.727 -0.49659 -2.9502 8.6009 -3.6093 -3.998 
-5.4791 -8.5489 6.8845 -7.1976 -4.6168 7.3512 8.0903 -4.1908 -7.1158 6.0002 
-2.7799 2.7087 4.7009 -6.8701 -0.91727 8.122 4.8653 -0.15098 8.1252 -0.073535 
-3.5088 6.1724 7.99 7.2457 5.3481 3.1364 7.33 -0.17771 -4.3012 9.4357 
-8.3284 -3.578 -5.1153 -6.05 6.255 7.6378 5.6636 -3.6006 1.0441 -8.3102 
0.25331 0.72143 7.6725 9.2157 -7.4261 4.3668 2.4024 4.1552 7.6517 3.7275 
6.6573 7.3216 -9.0874 -2.7153 -1.3551 -5.2077 -9.097 -8.5418 -0.41619 2.7799 
8.0923 0.68432 -0.14208 -9.9091 9.0623 9.5586 9.9423 -9.4017 4.3619 -9.0991 
4.4719 5.8722 1.6087 7.1136 -0.90227 -4.7012 -8.1075 -2.2433 9.5198 1.1776 
-2.3401 1.7247 8.979 6.9563 -8.3111 -8.6851 4.861 -2.4139 7.3705 4.0244 
-4.0397 7.6301 2.6331 0.81422 2.4656 -2.6718 -3.1504 -7.5462 -8.4197 6.9768 
3.8342 -1.1365 -0.54938 -0.48448 6.4268 -3.4666 -8.7819 1.161 7.9201 -8.6065 
7.6091 -8.1367 -7.5683 -8.3004 2.983 -3.6086 -5.2044 4.3383 -5.4017 -6.6756 
8.491 8.5899 -4.4058 -2.4071 -7.084 -4.9354 1.8837 -1.9908 5.3519 0.48507 
-8.3749 -1.6286 5.3843 0.47055 -2.8635 -8.9415 -6.1104 9.8775 -8.4711 -9.2664 
-0.34654 0.53405 5.016 9.417 -0.44364 -9.4141 5.6916 7.2425 2.067 -1.9842 
-7.4347 3.8189 -9.6383 -1.2267 1.2343 -5.2639 6.917 4.7951 -9.4055 -7.9151 
-4.9418 -8.9069 6.9691 6.239 -6.3594 4.5978 -4.4305 -5.0809 3.9841 -6.6283 
7.6792 -3.1918 8.0469 7.9218 5.4859 4.5722 0.084723 0.50428 0.17475 -2.2619 
-6.0745 5.8558 3.5208 6.6007 1.3921 6.3463 -8.4537 4.3405 -2.2287 -7.7165 
-7.5729 -9.8691 -9.188 -0.19914 9.893 3.3866 1.033 6.3409 3.3402 1.2222 
0.8739 -8.916 -0.091619 5.3485 9.8277 8.7279 7.2407 -4.9586 1.8399 -6.8669 
-3.7076 -4.5185 3.7316 -9.7342 8.7817 1.7952 -8.4803 -5.4626 -3.2001 -5.7624 
-2.3592 -2.8504 -9.2626 -3.031 -7.7219 6.41 4.8539 -1.3791 -9.6637 -0.70512 
5.8308 5.6211 -4.9885 -5.7154 -1.497 2.8225 7.8847 2.7977 -7.8231 7.5711 
6.7836 -6.2231 -3.6711 2.5916 -5.7662 7.8356 7.5044 7.5147 -2.49 -5.2691 
3.6047 -1.8704 -6.6638 -3.376 7.817 5.2158 0.99133 -7.0416 -5.6958 7.8223 
-1.6616 3.8791 -0.80748 -6.0005 0.73541 5.774 4.9705 9.3362 7.5299 -7.7471 
2.8578 6.5896 8.3568 7.2555 -7.9233 -2.2398 -8.3846 -3.0676 2.9681 -4.8013 
-5.7184 0.92351 -9.0197 4.3538 -4.9461 4.4594 -4.5241 2.3268 -4.6734 5.9363 
2.3454 8.2468 -4.3614 -3.3918 7.8013 -3.3842 4.6615 -0.28142 0.0066376 -7.6183 
3.5038 8.3526 6.3027 8.9202 -4.8314 4.8435 2.1339 -2.5545 9.0556 -2.2852 
2.0205 2.3708 7.8623 1.8009 6.9884 -6.34 -5.556 3.2306 3.9416 7.0522 
-3.0738 8.2094 5.8055 -1.3527 -5.3615 -4.8489 9.9898 -4.0008 -0.089823 -0.84949 
-2.712 7.8772 -9.5472 -5.902 4.4267 -7.5366 9.4498 1.341 -2.9648 6.1613 
-6.5704 -3.0941 -8.4154 -6.2203 -6.9286 -1.8451 5.2363 3.4006 -8.3303 7.9899 
5.9072 9.9277 8.4174 -9.7842 -8.5455 2.0028 -5.0051 3.7827 -7.0324 -3.2778 
-0.14666 7.8053 0.2828 6.9387 1.5389 7.2139 1.5124 -5.743 -3.2371 -3.7112 
-2.9075 -2.7237 -9.1507 -4.3908 -3.1008 -8.7036 2.1013 -0.85544 6.268 -6.9278 
5.5012 5.6579 5.8125 -1.9631 8.7051 4.8477 -3.1801 1.8158 5.0029 0.6196 
-5.2639 -3.4335 4.5623 4.3371 -9.1801 1.015 -6.1505 -9.4969 -4.0283 5.0179 
6.8967 -6.8659 -8.092 7.0168 7.7815 -0.58465 8.4766 -7.3439 2.7032 -4.1269 
6.3305 4.7897 5.7897 -1.0929 -3.3599 -0.36728 -3.9995 0.89774 1.1113 -4.9701 
6.9246 2.6347 4.1432 4.266 9.7274 -5.8172 8.8334 3.2208 0.24296 -4.9642 
-2.5963 1.9981 -2.2037 7.7669 -4.9784 3.3237 -5.2529 9.6948 3.4344 4.5687 
-2.3354 -5.1888 8.1227 2.6269 -9.2975 2.2284 -4.8521 -4.708 9.7132 3.5225 
7.2267 -4.3531 -7.4531 9.7343 7.3825 9.6147 -4.9946 -8.0297 -5.6109 -4.0389 
-0.72182 5.9747 -0.79316 -6.5225 2.0998 -8.4007 -6.6585 6.9564 -5.8161 0.89013 
1.411 1.7389 0.54566 2.5618 -0.39339 2.2505 -8.7794 -9.5641 -1.7123 -8.2526 
3.9061 -3.9649 2.281 3.6925 -2.1269 5.4491 6.9731 8.3903 4.6456 -8.7389 
9.2183 -4.0778 -8.9644 -6.6493 9.2056 -4.3917 -3.6066 -0.30279 -1.2547 3.7101 
0.92626 -5.4959 -9.5693 -7.0185 -9.353 -9.7752 -7.2465 -5.6961 -8.353 3.6433 
2.7315 0.10884 -7.7704 -7.1512 -2.4436 -7.6299 -8.3238 -0.3128 -7.6986 4.7634 
1.4178 1.3007 1.106 -8.1471 4.0128 -8.8976 9.6178 -8.0084 0.18185 -8.1885 
8.5422 -8.6221 2.1014 8.3465 -5.8019 4.9788 -8.5593 -8.5324 -3.0071 -2.0128 
7.2753 -6.7219 5.6809 7.0659 0.67306 8.6712 9.652 -4.0235 -7.0461 8.2193 
-6.6032 0.21038 9.0951 -2.8574 -2.8006 -9.237 -7.6439 -2.9075 2.5543 -6.611 
-6.426 0.83079 -6.1137 -8.1587 4.2634 -7.2697 -4.7996 -7.7184 4.8498 -4.2793 
-5.1299 0.20072 -0.66646 -3.3558 -9.8612 -6.3829 2.1994 0.57805 0.39712 0.31794 
5.0356 -7.5617 8.2224 -8.6508 2.7915 7.262 -4.328 0.32004 -8.5494 3.9312 
-6.0173 -6.885 -1.6808 -8.2391 -7.4749 -2.6833 -4.0713 -7.4715 -3.8788 -0.018556 
9.6588 -1.8171 -4.0397 4.461 5.4908 1.1251 6.5577 6.1736 -6.0469 -7.2364 
4.1928 3.8731 -4.8528 -1.7859 0.74722 6.5943 2.822 3.9517 6.1908 5.9171 
-6.4913 5.6154 6.6381 0.40229 1.8635 1.9008 -6.1774 -7.4114 -3.3409 -2.9365 
7.1659 2.7273 3.8907 -4.5955 -7.6138 -8.943 1.5928 -1.7436 2.5726 -7.7659 
8.1882 1.6361 -9.8764 4.4762 2.2366 5.1526 6.7629 3.74 7.2921 3.1633 
9.2333 9.4947 2.743 7.3769 -0.21373 4.662 -6.9883 -0.22801 -4.6188 -1.0025 
1.412 0.59276 6.3003 -6.4666 -2.4269 2.3079 5.5937 2.5345 -2.7709 2.934 
1.2576 -4.2326 3.2264 -2.0834 -9.7714 -9.2382 3.4994 5.7981 -9.8884 8.7279 
-6.4668 -6.0758 -3.3013 -1.9515 7.1935 -2.5041 -1.8041 8.8748 -3.4166 6.7375 
0.27358 -5.6925 9.1832 0.45177 7.8259 -2.4431 -0.48607 6.0376 4.6983 -4.5063 
0.96944 -1.2467 0.70693 -6.503 5.0883 1.7481 1.9185 -7.3405 -2.9244 0.67738 
-6.6945 1.339 1.3328 -1.6857 5.9963 -5.5721 7.7861 7.3666 7.88 7.6444 
-0.12214 8.3117 -7.6827 -9.9083 -7.3288 2.6728 0.67746 0.39853 0.4568 -0.57981 
0.70235 -3.6781 0.17832 8.3089 -4.5077 -5.6498 -7.677 -7.0594 -7.7914 -6.4221 
-6.0239 -4.3795 6.2995 -1.3668 8.7399 -8.6024 -9.7293 -9.8917 2.3256 0.9142 
2.4634 2.378 2.6454 4.7275 9.9116 3.3341 -1.0363 -3.246 -7.708 0.34678 
-9.4737 -5.5911 -7.3982 -7.9941 9.0333 8.0028 7.5763 8.5464 6.2313 -5.6041 
-3.6242 -6.5597 0.66486 -8.321 -0.0068163 9.9191 7.5614 4.1072 2.7477 1.9703 
0.65999 -9.6716 9.0217 5.6508 2.6035 3.4115 -8.969 -4.2998 8.6309 -4.0689 
-3.4645 0.32667 -8.4401 8.4647 -9.6389 8.6585 5.4397 -7.9284 -6.3317 -3.5521 
2.0438 -9.9517 -1.2654 -5.4136 -2.5568 1.0423 6.7444 -3.2841 6.8768 -0.62035 
-2.7613 1.12 5.6332 -0.95019 -9.8171 3.8278 5.0872 1.5488 1.1169 6.2913 
-7.3016 1.1147 -6.7272 -5.856 0.93435 -0.32728 -1.6625 5.4205 -1.5066 3.9299 
8.2763 -8.5254 3.8568 -7.8622 -1.5505 -6.5543 -5.9786 0.62712 -8.8006 3.9822 
2.8112 -2.0618 -1.3064 -8.281 5.5806 -2.4925 -2.7072 1.3961 -8.6667 -6.1937 
3.1755 5.4441 6.3981 9.8583 5.3863 5.648 -3.26 -9.8076 -4.5397 8.4295 
3.5066 1.4507 1.0882 -1.1836 -7.0345 -5.2608 9.097 -7.2308 6.7759 -5.735 
4.8912 -1.9386 5.7629 -4.9188 -6.9923 5.4597 -8.735 0.090472 8.3447 7.3632 
6.8436 0.46644 -4.642 4.5885 0.72843 -8.4709 6.6492 4.8281 1.168 9.0059 
0.33314 -2.1503 0.58565 -2.2771 1.2291 -4.6631 -0.93713 -9.7704 -2.4555 -1.1879 
