-0.60854
-0.41056
0.90708
0.94723
0.71339
-0.93868
0.54231
-0.14798
-0.87825
0.50504
0.7335
-0.068017
-0.28508
0.68909
0.63358
0.97584
0.42716
0.94931
-0.72186
-0.65423
-0.4278
0.56476
-0.10821
-0.56346
1.0517
-0.42992
0.87446
-0.31802
0.85229
-0.52327
-0.99328
0.64481
-0.88788
0.53445
-0.45812
-0.097993
-0.91114
0.27776
-0.21653
-0.015717
0.90712
0.47205
-0.38174
0.61079
1.1106
1.1531
0.98201
-0.79761
0.66873
0.12099
0.7852
-0.47757
-0.81961
0.85805
-0.40696
-0.64835
-0.0067063
-0.87485
0.77588
-0.39531
-0.89632
0.51799
-0.48902
0.59643
-0.36954
0.80105
0.80391
-0.56051
0.89204
0.37407
1.0693
-0.47868
1.1389
-0.30217
0.96007
0.27471
-0.053497
-1.0478
0.22952
-0.87296
-0.68789
0.50502
-0.0061846
0.86942
0.32901
0.22639
1.0344
0.48321
-0.41653
-0.66595
0.50992
-0.30233
0.97933
0.050617
-0.024863
-0.50312
-0.38205
-0.6767
-0.83272
0.26367
0.031753
-1.0787
-0.99759
-0.12103
-1.1266
1.0326
1.016
0.023265
-0.48752
0.018759
0.91985
-0.015969
-0.92722
-0.93973
0.020406
-1.1363
-0.38625
-0.016171
-0.76711
1.0912
-0.51085
-0.85138
-0.043217
-0.66519
0.26343
-1.0426
0.46669
1.1414
0.35255
-0.36905
-0.67659
0.68828
-0.039222
0.74508
-1.0006
0.30319
0.28078
0.29019
-0.76593
-0.39861
1.0551
0.87373
-0.854
-0.91888
-0.83697
0.42099
-0.48191
0.42856
-0.17218
-1.0752
-0.85386
0.69988
0.58341
0.7461
-0.19758
0.81608
0.78627
0.95783
-0.9071
-0.4995
-0.13747
-1.1841
1.0191
0.37973
0.72869
-0.21619
-0.7015
0.48354
-0.31364
0.79627
0.99263
-0.7325
0.37849
-0.70349
0.13743
0.80183
0.65026
0.96354
0.30857
-1.0699
0.23925
0.024679
-0.65699
0.77079
-0.42149
-0.80794
0.22109
0.51378
1.1589
0.47003
-0.53294
-0.29664
0.94376
-1.0632
0.0092684
0.8735
-0.19016
0.63998
0.98402
0.79989
1.16
-0.95756
-0.71851
0.44671
-0.64263
0.69437
-0.59025
0.80974
0.90175
0.59034
-0.17052
-0.32894
-0.60834
0.46081
0.33262
0.051781
0.95035
-0.90847
0.75412
0.60465
-0.30764
0.31822
-1.0659
0.76603
0.042327
-0.46892
-1.1693
1.0113
-0.39289
-0.4623
-0.48304
0.85527
-0.82036
0.65008
0.0059934
-0.81422
1.0033
-0.78396
0.96464
-0.79988
-0.89551
-1.1476
-1.0486
-0.022051
0.96922
0.79606
-0.71538
-0.39599
-1.0752
-0.50815
-1.0311
-0.45156
-0.92333
-0.9292
1.2844
-0.87614
0.28558
1.0319
-0.49392
0.71696
0.89671
0.26529
0.068829
-0.89966
-0.70401
-0.70072
-0.9799
1.1177
0.3831
0.44452
-0.88585
1.0535
0.65232
0.07558
-1.1118
-0.15066
-0.37094
-1.185
-0.86
-0.872
0.21398
0.91942
0.35874
0.40737
-0.91932
-0.89192
0.27091
0.30764
-0.99186
-0.18445
0.74542
-0.70673
-0.86488
0.086383
0.52131
-1.0442
-0.21116
-0.53244
0.26157
0.85093
-0.75322
-1.0042
-0.70916
-0.34012
-0.31186
0.15101
0.52091
0.42666
0.93721
-0.77337
-0.90683
-0.14397
-0.82067
0.38832
0.8586
0.25272
0.65471
-0.35169
-0.53399
-1.0071
0.19713
-0.81969
-0.11954
-1.0767
0.065462
0.88744
0.51385
0.07501
0.54957
0.99098
-0.64866
0.80501
-0.36475
0.94082
0.079399
-0.37877
1.0078
0.083951
-0.81224
0.72898
-0.72614
-0.77421
-0.68945
0.025169
0.77477
-0.97727
0.85277
1.103
0.65191
-0.1878
1.039
0.27651
-1.0559
0.73774
0.98199
-0.21246
1.1455
-1.0441
-0.20129
0.61724
-0.53906
0.62868
-0.88926
0.64451
0.86745
-0.62256
-0.38181
0.04019
-0.95694
0.77199
-0.64753
-0.61536
-0.80636
-0.3874
-0.20701
-0.84909
0.43231
-0.39226
-0.52196
-0.85753
-0.93825
-0.31579
0.010009
-0.67886
0.57979
0.51475
0.73319
0.29406
0.20278
-0.19644
0.22457
-0.74376
0.87275
1.0766
0.39587
0.97646
0.30148
-0.69788
0.25702
0.14628
0.29226
-0.14653
-0.51944
-0.93262
-0.23651
-0.50976
1.187
0.94414
-0.95172
0.096717
0.4184
-0.30374
0.45562
-0.67849
-0.86504
0.62892
0.6621
0.96821
-0.88133
-0.93247
-0.7322
1.0262
0.14253
0.41177
-0.4663
-0.74657
-0.43151
-0.21378
-1.0139
-0.70737
-1.0412
-0.46566
0.95681
-0.81114
0.59755
1.0026
0.15752
0.22954
-0.73464
-0.92777
0.95756
-0.86912
-0.30675
0.54488
0.036393
-0.36953
-0.97946
-0.92522
0.27354
0.85998
-0.56756
0.31906
-0.39167
0.6425
-0.93134
1.0688
-0.65874
-0.09818
0.6203
-1.2261
-0.062063
-0.92739
-0.60242
0.9036
-0.19981
0.27674
0.21852
0.21439
0.72286
-0.73959
-0.23854
0.087372
-0.16836
0.76447
0.93286
0.34025
-0.91484
1.0392
-1.0219
0.81541
0.65201
0.63067
-0.24154
0.64051
0.51874
-0.97605
0.21694
0.51816
-0.60922
-0.63718
-0.89191
0.66558
0.98959
0.95431
-1.0485
0.27061
-1.0192
0.81848
0.21201
0.99226
-0.23777
-0.96674
0.8267
0.88741
-1.0595
-0.10255
-0.71557
1.074
0.86233
0.81112
0.76603
-0.6554
0.27437
-0.9324
-0.91293
-0.2271
-0.22921
-0.9841
0.50457
0.45273
0.50851
-0.67742
0.85628
0.77997
-0.73546
-0.92316
0.88876
0.98792
-0.99895
-0.17294
-0.8871
0.74018
0.82135
0.13916
-0.3032
0.74626
-0.057072
0.75414
0.94249
0.86552
0.49596
0.25913
-0.92704
0.83027
0.040685
-0.30434
-0.055669
-0.81928
0.42412
-0.94185
-1.0986
0.89806
-0.50059
0.63854
0.95167
0.51307
0.95869
-0.15372
-0.8578
0.022138
0.33422
0.39228
0.8345
0.86119
-0.51841
-0.88493
0.69011
-0.42234
-0.71527
0.82572
-0.081635
-0.20261
0.4782
-0.56644
0.61917
0.86975
-0.59928
-0.48357
1.0538
-0.41216
-0.54724
0.88192
0.78212
0.99207
0.35334
-0.1918
0.91754
1.0093
0.58192
-0.19198
0.092914
-0.15119
0.91872
-0.61508
-0.19695
0.027748
0.88649
-1.1031
-0.81828
0.82823
0.2253
-1.0014
0.037442
-1.0415
-0.17946
0.04524
-0.72822
1.0901
0.14252
-0.25284
0.75447
0.62635
-0.012373
-0.31312
0.76917
0.38304
0.12537
0.95676
-0.65478
1.0371
0.93652
0.69222
1.0073
0.97016
-0.40513
0.47465
0.87129
0.47903
0.96507
-1.0377
-0.89911
0.94754
-0.5749
0.24782
-0.28087
1.078
-0.93727
0.75373
0.84722
-0.68775
0.6898
0.20576
-0.66295
-0.16139
0.82904
-1.0232
0.79598
0.15498
-0.33711
0.022951
0.36049
1.045
0.84069
0.89968
0.92128
-0.18008
0.38905
-0.037554
-0.34504
0.77112
0.24681
-0.47651
-0.42718
0.71798
-1.1071
-0.81657
-0.39098
0.10923
-0.93214
0.8488
0.52467
-0.53809
0.78912
-0.0098138
-0.60776
-0.34715
0.91414
1.0588
-0.51632
-0.21863
-0.82178
0.91619
-0.99041
0.73606
-0.65685
0.161
-0.40908
0.57648
0.84057
-0.21842
0.91374
0.13805
-1.0289
-1.0733
-1.0137
-0.83656
0.89688
0.11711
-0.89212
-0.58645
-0.59712
0.52897
-0.85886
-1.0464
-0.97177
-0.13205
0.66685
-0.85363
-0.56448
-1.1438
0.7739
0.95149
0.99848
0.75206
0.67869
-0.26725
-0.7112
1.0118
-0.85351
-0.15072
-1.124
0.97714
-0.60011
0.25532
0.20069
-0.4341
-0.98977
0.94967
-0.088584
1.0518
1.1188
-0.18244
0.42979
-0.91937
-0.85374
-0.73545
-0.25029
-0.44307
1.164
-0.8659
0.81965
0.64462
-0.90703
0.47449
1.0214
-0.75485
-0.49849
0.82065
0.37146
-1.0049
-0.24399
-0.99535
0.36648
0.60602
0.39883
-0.077603
-0.49501
0.20644
-0.0222
0.65566
-0.28172
0.13477
-1.0603
-0.84775
0.77108
0.88366
-0.64125
1.01
-0.44869
1.0123
0.626
-0.48575
0.45396
-0.92333
-0.91741
-0.57222
0.8594
-0.35803
-0.88742
0.038146
-0.94563
1.0574
0.88345
-0.79699
-0.50661
-0.34159
0.27626
-0.58837
0.78293
0.14083
-0.65283
-0.63565
0.46547
0.21258
0.028399
0.98984
0.10657
0.36131
-1.055
0.56926
0.057941
-0.99655
-0.52585
-0.91271
0.68164
0.6728
0.2643
-0.19474
-0.81055
0.85123
-0.63637
-0.37628
0.72217
0.69644
0.91943
-0.62821
-0.85925
-0.15746
0.68385
0.63716
0.20057
-1.0913
1.0051
-0.88649
0.28012
-0.65722
-0.041153
0.8686
0.91138
1.0249
0.73338
0.77065
0.99946
-0.51006
-0.9902
-0.27013
-0.25225
-1.0473
0.31995
0.080946
-1.0341
-0.35432
-0.34452
0.67967
0.28583
0.83508
0.54206
-0.99301
0.23237
1.0411
0.073311
-0.43673
-0.034666
-0.4058
-0.93924
0.34365
-1.0264
0.36756
0.38951
0.79243
-0.51633
0.5596
-0.88339
-1.2396
-0.98392
0.6083
-0.11216
0.49108
-0.42781
-0.77548
0.82318
-1.0914
0.67964
-0.5524
-0.68635
-0.19747
-0.63348
0.99837
-0.05982
0.90255
0.011718
0.076796
-0.8985
0.39406
-0.1361
-0.072195
1.0951
-0.40547
-0.28884
1.0311
-0.48439
-0.25489
1.1037
-0.13685
-0.81989
-0.52687
-0.61124
-0.62157
-0.57845
-1.1302
0.043118
0.22855
0.31737
0.14966
0.27971
-0.9679
-0.99189
-1.1118
-0.56521
0.32354
0.71612
0.049767
-0.62461
0.12886
0.44751
1.064
-0.31427
-0.96882
-0.71213
0.40329
0.98621
-0.85768
-0.75461
0.4832
0.089709
-0.84675
0.55246
0.56832
0.65704
-0.10141
0.094289
0.57828
-0.96036
1.059
1.0244
0.37145
-0.76062
0.1368
-0.16324
0.91219
0.50922
-0.017707
0.18267
0.50955
-0.9377
-0.91082
-0.97123
1.0215
0.8151
0.34733
-1.0629
0.23233
-0.24788
-0.96539
0.61014
-0.72496
0.55479
0.39009
0.97334
-0.10909
-0.7709
-0.32186
-0.39199
0.64426
0.31458
-0.33622
0.29132
0.24004
0.54986
0.29725
0.75476
1.0275
0.98373
-1.0042
0.047406
-0.70716
-0.68135
0.38181
-0.55883
-0.45276
-1.0454
0.35091
-0.7253
-0.082882
-0.11644
-0.36927
-0.10034
-0.74296
-0.29501
-0.25042
0.074506
0.68347
-0.89487
1.0045
0.93429
-0.8571
-1.0309
0.043532
-0.96242
0.22592
