1000 10
-5.3549 9.4321 -1.6021 -7.7114 3.7479 8.7938 -0.273 5.2801 3.1194 -0.45108 
4.7966 1.6225 3.1852 3.7478 3.7159 -6.7342 1.2746 2.7319 8.7726 2.6168 
7.7798 9.3677 -1.6092 -0.94215 0.16967 9.9529 -4.4756 0.91152 3.431 2.8095 
7.1962 -9.1712 8.7098 6.8747 -9.5382 -7.9841 7.2789 8.0275 9.4825 4.7944 
1.9412 -6.2274 4.2479 -6.1415 4.2002 6.4869 2.0725 5.8542 9.5314 3.8041 
3.095 0.3952 9.0513 3.3816 -8.0478 3.724 2.6172 3.1351 1.827 -6.8699 
8.3003 2.8171 8.3074 0.74978 -5.5688 9.1851 -6.8735 -8.6762 -8.078 -0.22255 
-1.3363 -3.1854 -6.3465 -0.20637 0.67834 -0.30095 -4.5151 -0.30841 -3.4686 -3.2092 
-4.2048 2.9666 3.3705 -3.9416 2.3875 5.7595 8.7314 -5.229 -5.9502 0.36826 
2.6376 -2.8912 -8.0695 8.9304 -1.3332 5.1005 0.96117 0.27555 3.7296 6.212 
-4.0916 7.0086 9.6836 -8.4929 0.84289 4.4565 9.4332 4.521 8.0639 -2.8191 
2.4406 0.85609 4.8738 -3.2372 8.1993 -4.7075 -3.4767 9.3637 -9.4698 -3.0092 
-9.0493 3.4616 -5.7328 0.34427 -8.5199 3.768 -9.4246 -8.6904 -4.2179 3.111 
9.8922 -4.8685 2.3478 9.98 -6.4261 8.6465 -6.7073 7.0224 2.4929 -7.0259 
-5.8647 -7.5732 -3.288 -6.7756 5.5307 -8.195 -1.6216 -7.7379 -6.9736 -2.0014 
2.1473 -9.1879 2.6521 -6.5747 2.7151 1.4455 -3.7856 3.0063 8.9382 2.6691 
-3.0474 7.7589 0.31514 -6.8262 -7.1579 1.58 -3.7132 -1.969 3.0109 -1.6393 
4.3547 5.0637 5.7384 -4.4541 2.5213 6.5057 -8.394 -6.9624 1.5691 -9.0212 
-9.4401 6.0416 0.052202 4.6147 -8.1285 -3.3359 9.4216 5.4201 -9.6375 -1.2494 
-8.6632 -1.1719 -6.7093 3.2978 5.5048 -9.8735 0.26278 7.0124 5.9541 -5.0521 
8.5413 -8.4965 0.14924 -6.7951 5.8274 3.4246 -6.0647 -4.521 4.1294 0.56742 
-8.2446 -6.9154 6.4563 -9.428 -4.4276 -5.2098 -5.347 -8.677 -8.3722 1.6393 
-3.352 -5.0551 -1.4236 8.5492 1.4877 7.3365 3.3636 6.7676 -1.6956 8.0209 
0.52362 -8.4155 -6.8463 4.8895 8.532 7.0197 2.9248 2.3458 7.3643 3.3465 
-5.0672 7.0632 3.4978 2.0591 -3.1761 9.5699 9.9796 0.57556 -4.299 4.3051 
0.85799 -6.8565 -4.4674 -2.8074 1.375 6.4852 2.4256 -5.1164 -9.0502 1.7311 
5.6174 2.3333 -2.5043 2.4645 4.8946 -9.0138 -1.8978 -4.6796 -2.8694 -1.3419 
0.43765 0.569 -2.0641 -1.9228 6.2849 7.8181 8.3809 7.2894 -7.0206 0.23637 
8.639 -6.1756 -7.3577 2.9715 8.1072 -3.0998 8.9986 -4.9333 7.7238 9.9145 
-7.0578 5.195 9.3245 1.2196 7.6779 -8.2065 3.0718 8.7452 3.5762 9.506 
-1.6647 2.3 9.2232 -6.0926 5.88 8.534 4.3609 7.4384 -6.376 -3.5944 
-4.3941 -6.9587 -9.7198 -8.3497 9.2923 7.1007 5.7007 -5.6076 3.0813 -0.58022 
1.962 -0.90725 0.1873 4.554 9.2539 6.5013 -4.7046 -9.0609 2.6459 6.292 
-9.2705 3.642 -6.0982 0.42892 -4.2028 -4.6939 0.34753 8.1524 0.13491 -7.248 
-8.7263 -4.3748 7.0604 0.33444 7.6545 5.3079 5.0513 7.1484 -5.8565 1.1955 
-3.5423 2.4973 7.0577 -9.488 -7.2008 -6.4102 6.8164 1.2058 -0.84044 -0.97598 
-8.0324 8.8346 1.4859 -0.70636 5.718 0.81088 -9.308 -2.0469 -6.6037 7.1267 
-6.5991 1.3361 -3.6609 -0.035012 -8.7471 6.8166 6.0941 -0.41747 7.3581 4.4676 
-2.5767 3.8623 -2.2649 -5.0446 -9.9959 -6.2795 -9.3949 2.2196 4.907 -5.1716 
-9.2048 9.5717 5.2962 6.7725 -3.8789 9.7034 0.64732 3.2808 7.4404 7.4712 
4.1848 7.9823 3.6087 8.6418 -5.293 6.7261 -3.6137 -2.0916 4.1513 7.8922 
2.8268 2.9696 -7.4939 9.7338 -0.71371 0.87371 -4.1558 1.4923 2.6844 3.5831 
-6.5188 9.6584 2.3967 3.1641 -4.5989 6.134 1.6225 2.7098 -1.9153 -3.194 
-8.757 -6.7237 3.7533 -5.1014 -8.7204 -2.5484 -5.1422 -1.4298 -3.676 -1.0307 
-1.8668 0.19574 5.2056 -0.19538 6.6137 -1.4953 6.359 -6.3377 -4.6355 -6.5453 
-0.73874 2.547 -5.4573 2.7019 7.8712 4.2956 7.3493 5.7095 5.3422 5.6636 
-5.9465 6.0 -5.5141 -8.8583 -8.2575 -6.8576 9.294 0.51512 2.5916 -8.7407 
7.391 -1.6446 -9.6997 -8.2733 5.4876 0.7786 4.4931 9.3337 6.811 -2.41 
1.9588 -8.9033 1.7066 -6.1537 6.0866 1.2251 4.2684 -3.3935 8.4058 4.2993 
-9.5397 0.38288 4.6555 -5.2017 8.9112 0.3429 -1.6013 -1.6983 -7.3685 -6.5003 
7.9885 -7.3094 7.2911 5.4128 -6.6081 9.4379 6.7524 -9.9178 -7.6043 1.3629 
-0.94108 -2.6605 -8.4231 -9.9801 8.1919 -5.5543 -9.8088 -7.0413 -6.5403 8.2018 
-8.8395 3.9324 -1.3479 -9.0047 7.8384 -5.8944 0.57379 -0.84668 6.4019 -9.8433 
-7.8746 -7.4083 6.0958 6.3199 4.1472 -6.1555 7.0053 -8.2777 -9.4483 8.119 
9.9685 5.717 0.19132 -7.2952 -0.9739 -2.7372 1.9992 -8.7881 8.2009 6.4357 
7.3265 -8.9938 -1.9001 -3.5992 -9.9869 -0.26143 2.6244 -4.2319 8.7902 3.7784 
2.3041 6.3123 -0.6861 -5.9001 -9.0465 1.9569 -3.0072 -7.3972 -2.7973 0.025176 
-9.4611 7.3388 -2.6286 -6.447 -5.7324 8.0419 -5.1473 -0.13649 1.0649 3.5674 
-3.5495 -6.0621 1.2407 -6.3364 -0.48122 -8.2761 7.2758 -9.7242 -8.4834 5.642 
-0.72448 2.1479 1.0471 9.1541 -9.0402 6.2572 -5.5631 -3.4275 -5.1423 -2.2724 
-8.0197 9.9336 -6.3475 1.2046 3.9348 -0.77299 3.9699 3.1547 9.1119 2.9286 
1.4198 -9.1525 3.4582 5.4736 6.0666 -8.0861 -0.77428 0.10281 -9.5385 0.57363 
-3.4825 -7.2235 2.8479 6.9147 -0.61694 -7.2962 -5.3824 6.6609 0.039458 8.3877 
-0.99015 -5.5409 6.326 -0.44622 -2.041 -5.7379 6.7732 -3.0869 3.6592 -4.4526 
1.5569 1.6602 -4.7006 -9.5121 1.9245 -5.053 -4.4358 -4.8427 4.9281 9.3002 
-8.5031 3.4221 5.9833 -3.5031 2.1953 -5.0864 0.98893 -2.3414 -9.7828 0.68365 
-8.8531 4.4639 -3.7712 -5.804 -7.1744 -0.3885 2.9356 -2.1865 9.0231 -2.6262 
-3.9809 0.08877 4.3057 7.3329 5.3587 -9.2549 -9.1168 -5.2805 1.6342 5.1817 
0.43442 2.8926 8.2652 -2.6093 5.8389 4.462 8.6798 9.6657 -8.627 -6.2883 
1.2376 -9.2726 4.0712 -3.5289 -9.2384 7.3194 -6.666 4.1509 -9.3227 1.0339 
-5.1689 -6.123 -8.2622 0.96743 5.0471 -6.4016 -2.7594 -3.9069 -9.3341 -0.84628 
8.2544 4.9909 0.15676 -5.7937 -2.2976 9.5344 -4.4831 -6.227 1.922 -0.80246 
6.5147 -3.8364 5.5236 -7.9323 -1.6391 -3.3488 3.449 -2.0812 7.2795 -7.7107 
-1.1091 4.981 0.065008 -4.5512 -2.6933 -9.5324 -9.6627 5.7054 -0.33408 -2.7852 
9.6413 7.0407 -8.8293 -2.2284 -3.6326 0.69213 -8.497 -5.4514 3.4058 -1.5093 
1.5654 -8.0129 3.3599 4.1044 -1.0068 -3.4035 -8.0672 3.4628 7.8996 0.016598 
-5.3115 1.9556 -1.8064 -1.409 -9.8299 -4.9681 7.6513 -2.0568 -6.4428 -9.5837 
6.2118 4.412 -9.979 1.8776 -2.0839 -8.5803 -8.339 2.9661 1.8053 -6.6111 
-0.97452 1.3743 3.4856 -3.7612 0.28385 -8.2878 -9.5588 -8.7294 1.9456 6.1555 
-5.0006 -5.2978 -0.77235 4.5542 6.5168 0.27907 2.1564 -2.0125 4.3773 -0.13582 
9.1088 8.2127 9.1532 -3.1137 -5.0327 1.8166 3.0625 7.8315 2.2822 4.1436 
-7.147 9.0124 -2.2684 9.473 -9.8401 5.0525 -9.0829 7.4162 4.4224 -0.08402 
0.25127 0.32631 -4.7965 -1.7417 -4.4202 0.21042 -6.3351 -1.9828 -6.536 -6.3051 
9.4385 4.1418 -5.8384 -0.40817 -9.0174 1.1237 4.6663 -2.8866 9.8349 -6.7332 
2.9664 5.9759 2.693 2.8414 -8.5735 -4.3695 -2.7966 5.3645 -7.8161 6.343 
2.2934 -6.0062 -2.9132 5.4327 -8.1965 5.6144 -4.6022 5.4762 -6.5807 0.57927 
-0.60699 -7.8632 -7.2926 -4.8069 2.3822 -1.1313 4.8803 0.70945 -0.57927 0.067871 
1.5556 2.3715 -5.6655 -6.3528 3.5555 7.1412 3.4131 -8.5435 -1.718 -0.40704 
8.2263 -9.5555 2.1219 9.5608 -3.8879 3.6692 -4.2215 -4.9787 1.8831 7.6364 
-2.4756 -9.2488 -1.124 5.9919 8.4497 0.64688 -4.6763 3.2307 -3.1693 6.3392 
-5.4247 -7.6927 -0.39146 -3.4785 -9.7788 -9.5087 4.0509 -0.53459 -8.4115 3.4346 
-1.5295 6.3739 7.7399 -3.3396 -6.4793 4.2246 -6.3107 7.6352 1.5043 5.9656 
-4.5281 -2.462 -9.748 -5.8729 6.0198 9.009 0.12962 4.3774 -5.783 -6.6147 
-1.1087 -5.4169 1.5698 3.6193 7.0445 -5.1754 3.9106 9.0377 1.6799 9.9823 
2.5503 -2.6372 -8.6712 -6.0681 6.2522 -7.7704 7.8282 9.6431 -3.4129 4.5474 
0.69283 -6.5092 -4.1511 -4.4541 6.5659 -9.2472 -9.8196 -6.2267 8.6004 -7.9097 
-2.2912 5.4956 -0.2598 2.7189 9.6467 -7.4235 -2.3904 -6.3982 -9.8278 -9.1703 
7.469 -3.3994 -6.4756 -7.9603 -3.7826 9.3583 -3.7844 -2.7965 -4.8204 4.6575 
-3.993 -3.6844 -0.078925 -8.3863 -5.407 0.33235 5.9012 1.8048 -8.8969 6.1302 
-1.9994 4.4917 2.4369 4.8542 -0.17121 1.8493 -7.5495 8.4938 5.7123 6.7131 
0.35447 1.6991 4.6395 -3.3012 4.1106 4.7057 -7.1417 -9.9449 -8.3871 4.872 
-8.7635 5.5551 9.7571 2.325 -1.5047 0.62691 7.9693 8.4974 6.039 -8.8811 
-5.3727 -2.8085 -1.9592 -0.49635 -7.1536 8.9633 3.5464 -6.4869 4.4153 -7.4506 
-7.6303 -6.3053 7.6912 4.9882 0.64375 -2.3754 -2.7652 -9.3638 -9.9132 6.1558 
-8.0244 1.4738 -6.1927 2.5342 8.353 1.3067 5.8036 -0.84098 -7.5572 4.4086 
7.8055 -0.33811 3.3359 -3.9888 -7.8313 -7.899 -5.3165 8.6255 7.9714 -9.3977 
-9.3322 -1.5675 -0.21221 8.5998 -5.4522 2.607 -2.4657 -6.5261 2.7787 -3.0022 
6.7807 -3.6535 -0.60233 -0.20288 8.238 -2.6205 6.026 -3.1635 1.606 9.7657 
0.14533 9.4514 -2.3028 -7.7867 -9.4599 4.2014 -9.901 -0.69688 1.7304 3.1842 
-7.7257 -4.8355 -7.0511 6.3283 3.9693 4.3522 -4.5029 6.6365 8.1417 -1.8815 
-0.19109 1.342 6.3445 8.1053 -6.577 -8.8249 8.0686 -6.7537 -9.7298 -0.56954 
1.9888 -2.9587 -7.7938 2.647 1.684 7.8647 7.9217 9.0003 2.555 0.58527 
-8.1957 -3.7594 6.3107 -3.1982 7.2825 8.6304 -8.0726 -3.8696 1.3081 -0.54222 
9.5645 -9.812 6.408 0.95859 6.6439 7.1104 -8.2022 2.4685 5.5317 3.3848 
3.0604 3.3625 -4.6358 -8.3601 -2.4757 -6.2724 -7.8324 -5.35 -1.5946 -3.7485 
-0.77736 7.7138 -8.0639 -3.0261 2.4225 -3.7387 9.4267 -8.5363 1.4004 6.6864 
7.2752 -1.5736 1.1396 8.4962 -4.0809 -1.5311 0.057278 8.6783 7.9927 0.64095 
-4.7434 7.1716 6.6308 6.9196 -0.37762 -1.9465 8.4517 -4.513 -2.8284 -5.8316 
6.4793 8.9598 3.5394 -6.0929 0.3482 -7.9972 -2.7554 -7.6585 -1.7954 5.0809 
-3.4205 -2.4779 -4.8964 6.2075 -6.8114 -4.4712 -9.548 -4.2926 4.0246 -9.9569 
8.826 -5.9341 -4.5309 -4.5124 -0.25851 -2.4661 6.7631 -9.5916 -3.3212 -0.50612 
-5.1178 -6.4166 -4.4639 2.8261 6.8381 9.872 6.9007 0.61818 -5.7239 8.5875 
9.1422 -3.8741 4.5259 1.1035 3.2735 -1.4553 3.0713 -5.0316 -9.2567 7.9338 
0.2165 7.0062 4.9998 1.3217 -2.0922 -4.6131 1.7269 9.631 -3.0732 2.2244 
1.2916 0.51205 -2.9629 7.1535 -7.2944 -9.1454 5.3329 -5.74 -3.3766 8.2964 
9.8743 6.5688 9.0746 -7.983 -2.0078 -9.7422 5.6498 -5.0411 -2.6729 -5.2397 
5.4197 -7.8625 9.0323 7.5162 -5.7771 -9.6918 9.5361 -4.4762 2.3935 -8.4209 
-3.724 2.3428 1.9986 4.5901 -3.655 -8.0024 -2.4343 5.6619 -9.0746 3.4664 
-8.8425 1.3365 4.332 -1.1408 6.6619 2.7275 -7.3767 -1.7889 -9.0211 -7.4581 
-9.1185 -4.7813 7.9359 -5.8597 0.84634 -9.0398 -7.7564 0.23745 -7.1724 6.8964 
6.2589 -9.9538 -7.7154 -6.8923 -6.8063 8.1992 9.6134 0.13152 5.8326 1.9382 
-1.7585 -4.2549 -1.3032 4.5844 -7.3371 -2.095 -8.0673 -8.6783 -3.9792 7.6109 
-2.3167 6.4254 6.887 -4.0313 5.1006 -4.0661 2.0455 5.13 -8.6211 3.602 
0.46253 7.9023 2.594 1.2994 2.7074 0.021246 6.5628 0.96627 9.3308 3.108 
7.843 9.9162 6.405 1.1082 3.9827 -1.2321 -8.8795 8.7051 3.2806 -6.2616 
-1.8816 -9.8312 -8.5364 4.2536 9.4589 -8.82 -5.9905 4.1621 -3.7635 4.0484 
2.0878 4.6569 9.5953 9.7375 -1.7305 7.8417 1.9863 -8.9014 8.4323 -4.384 
-8.1039 -8.3077 4.3949 -0.30773 -5.3034 9.8224 3.6219 4.7335 -4.9789 3.5559 
-3.2804 2.667 9.3302 4.9265 -6.785 -7.2036 4.5202 -9.3829 -8.6662 -5.5713 
-7.1032 6.1017 -3.0407 0.66165 -7.2626 4.0731 -2.4419 -4.6533 0.62883 -0.3227 
-5.1024 6.5993 1.9586 9.8224 -7.4473 3.6736 7.6913 4.3947 -1.5839 4.8709 
-2.4206 1.3444 -0.33552 -7.5455 2.0814 8.6343 -7.101 -7.2038 8.9464 9.8768 
-4.5936 -4.7991 6.6148 9.0321 9.3041 -4.32 4.7353 9.5348 0.61297 -1.8129 
-5.688 5.6906 -8.5721 -7.3528 -6.4578 -0.9671 0.97134 4.5946 -9.7293 -9.0738 
2.6746 -6.6159 -0.71455 -7.581 -8.8573 7.5314 -2.8239 4.841 3.561 9.6328 
5.9943 -4.5148 -5.8314 8.2739 3.9817 -6.0434 -4.6627 0.76075 9.9832 -5.0497 
-5.8297 -9.9019 3.9756 8.9678 -7.7072 1.4475 7.4847 5.7925 5.0901 9.6616 
7.9251 -2.0488 4.6388 3.288 -4.7128 -1.9792 4.2951 8.1735 6.5675 -1.7304 
4.9142 -9.469 -8.3907 1.2144 -9.7019 -1.7586 -4.9706 9.5284 -2.6208 -7.7538 
0.72772 7.094 -2.0241 -6.8553 -8.3169 -6.2223 -0.98215 2.4805 -5.247 -1.4991 
9.3993 -5.9022 8.4504 3.9328 -2.316 3.9563 -9.2798 3.6316 5.5192 -9.0153 
1.2977 7.207 -1.2707 -1.7551 7.6993 4.0672 -5.9638 -3.5397 -9.1539 -4.6277 
-5.6462 -8.8775 -5.2537 1.6832 8.665 7.8247 1.0197 -0.90418 9.2029 -1.7731 
7.1553 -5.5298 -5.4233 9.7706 -6.2827 -6.7621 -9.2317 5.9526 3.6657 0.019058 
7.24 -9.0944 -4.5726 -9.6483 0.051761 -4.6855 7.456 5.6708 -4.7729 7.2308 
-3.734 5.0198 6.2013 2.4361 -7.3223 -1.6069 0.61448 1.7683 6.262 -0.12682 
-3.4603 3.9611 -1.1213 -7.188 -3.2123 9.0328 9.7731 6.0583 -3.2844 -3.3852 
6.8003 8.3758 8.2029 6.0728 1.6652 4.3693 0.014502 7.5929 3.14 2.0279 
-0.14934 8.1785 -1.0947 -8.37 -5.7507 -7.416 -8.9708 6.2141 5.6382 -4.0388 
-8.962 6.1105 -1.7178 -3.4027 -2.7318 8.2913 5.3664 9.8498 1.5506 -7.1828 
5.5604 9.9935 1.8077 -4.8616 6.1895 -6.2963 -4.8339 1.4725 -8.3498 8.5543 
-1.4666 6.0153 -1.1219 -8.5206 -9.2549 -4.1656 -5.3484 -0.027008 3.801 -5.5659 
-4.4008 -3.5417 -8.5396 -4.5526 9.4951 2.5508 -7.8691 -9.321 8.368 0.68315 
-3.3298 -9.4971 -1.0332 0.19898 6.4691 -8.7122 -1.4694 6.0094 -4.2144 -1.6927 
-2.6612 4.6565 8.1542 -2.0349 -3.9703 6.7916 -2.5696 7.6933 -6.8621 -9.3226 
5.8958 -0.54427 0.023597 -9.9088 1.5051 7.763 1.0679 1.2042 -9.7177 -2.5236 
-9.2262 -2.1482 -6.6774 -7.4232 -0.18314 8.9472 -7.3366 -5.968 -5.2892 -5.0683 
4.5334 7.2003 -6.1519 8.3686 -1.9428 -2.9219 -5.6708 0.79609 -5.1176 8.2528 
7.4537 -8.8508 0.56982 -4.5044 -9.9538 -1.2729 8.2379 0.68914 1.5704 -5.3067 
-4.2837 -2.3091 8.2841 5.0388 -3.5052 5.5143 5.412 -6.8896 5.4552 -6.1812 
3.137 -7.1632 -9.2839 9.57 -2.7806 4.8785 -1.153 -3.0254 2.4195 0.85823 
-5.3623 -9.0864 -6.7242 1.467 4.1643 5.2624 5.5436 -9.1583 7.4091 7.1781 
2.4391 3.9599 -6.883 -0.41125 8.8295 1.015 7.2188 2.794 -7.562 -4.7234 
-8.4975 8.2702 -0.23188 -7.6237 -5.0021 5.6691 -2.4543 9.5022 7.0577 0.010155 
9.3351 -2.3291 -2.3796 1.0094 1.6553 6.84 -6.3181 0.023261 -0.42728 5.7504 
2.1994 -5.1378 5.4201 3.9972 5.2371 0.376 2.3152 5.502 -2.3985 2.285 
-2.3257 8.142 -7.1814 4.1484 9.312 -0.45805 6.3404 -7.5091 2.6049 -5.841 
-9.3886 4.0404 3.4065 -5.1608 4.825 -1.2022 -1.391 -1.0649 3.4299 -8.7126 
7.1513 7.9128 1.5022 -0.17463 -9.9028 4.2837 0.1979 1.026 8.6317 9.3346 
2.0709 8.9595 6.3803 1.0666 -4.475 5.0505 4.503 -0.49573 -1.1336 -0.64531 
6.9568 8.7338 2.1459 -1.1861 -7.633 6.1473 -7.13 -4.1601 -9.8582 4.5415 
0.092325 9.9357 4.6153 3.3659 -7.3487 8.5983 -0.01149 1.6149 -0.29926 1.575 
-9.8418 -2.0612 4.8754 8.6821 -2.3768 -0.76392 -5.3899 1.4982 -5.1469 -5.8951 
8.3815 3.1987 2.3852 3.0448 4.4199 9.516 -6.1023 8.6531 3.6926 8.5147 
-1.7859 6.459 -5.0387 -6.6559 1.4904 1.4245 -1.4664 5.8529 -9.5008 -1.1884 
4.6473 2.4473 -7.1035 -5.1991 8.2873 -2.9737 -1.9368 -8.1161 3.3831 8.247 
-6.9779 4.0101 -0.28775 -2.2934 3.3647 -7.3645 4.9426 5.324 4.7173 -5.4492 
6.3047 -0.2097 -2.3045 -3.5866 -1.2812 0.44034 1.5966 3.2202 -1.4056 9.576 
8.1921 0.17634 -9.0472 1.5547 9.7646 -8.4239 8.7072 8.4224 -0.072188 -5.7122 
5.5588 5.5943 -9.3359 9.744 -5.3344 1.5244 -3.8728 -4.7011 3.7341 -7.7784 
5.1425 -9.1903 2.6237 -4.6311 -5.4663 9.5062 3.708 -0.96006 -7.2743 2.5493 
-1.896 8.0201 -3.8112 1.5615 -1.6248 8.9429 -0.36782 9.9092 -0.46033 -5.0185 
4.038 4.6409 -6.246 -4.1574 -6.0784 -7.9705 3.6388 -5.5196 -3.9531 -7.3507 
1.3092 2.3157 5.3171 8.3668 -7.2371 -1.5479 -4.7003 -0.42402 -2.4069 4.4853 
1.6947 5.1038 2.2155 -7.7123 -4.8534 3.289 1.1014 -4.2883 -3.8954 -4.2424 
-3.1017 -4.3107 4.3994 -0.51274 -4.2648 6.1845 1.7849 3.0037 3.2014 7.9557 
4.0847 -5.875 1.8813 5.9829 -1.7597 7.2319 9.0913 8.2732 8.2238 -7.0004 
-6.7827 3.0437 4.456 6.5166 -5.9001 5.3373 7.1995 6.548 -9.5253 3.9629 
-9.9697 8.5624 8.1758 -2.5219 -3.2095 6.8484 -1.1488 9.9529 -1.943 7.3959 
1.24 6.0915 -7.4584 -4.168 0.068497 5.1242 5.3746 4.2752 -4.0628 -1.1008 
0.92968 -2.9913 5.2003 -2.5088 8.4151 1.3419 0.98375 -5.5183 -2.4369 -4.2795 
1.0166 -4.5962 -8.2272 9.7346 8.4929 2.0035 -5.7026 -5.4176 9.3352 -1.7743 
3.8907 4.8924 3.6542 -1.3339 -1.4177 -7.5468 2.1152 5.7287 -4.9587 -0.76331 
8.5499 4.4598 8.1822 6.3087 -1.8067 -3.3119 -7.5877 1.0047 -5.4223 4.5856 
8.8842 7.1344 -6.9164 -8.7148 9.9187 9.4246 2.2769 7.1627 1.1386 -1.9262 
8.0653 8.3764 8.7846 -1.4449 9.2544 0.22785 -9.2165 -2.9127 0.57928 -2.852 
2.0821 -4.6198 8.8302 -9.6011 6.3948 -3.5917 4.4943 -1.0111 -1.616 -2.7777 
8.5242 3.763 -1.2705 -2.3696 3.1728 1.0593 -3.3255 4.8654 -4.9003 -1.9416 
-7.6611 2.3599 -5.0819 -1.7205 -9.7019 -3.1148 5.4301 -0.8736 -5.1842 5.7694 
-3.184 -8.5689 -8.5709 1.1963 -2.2957 2.9099 8.8718 -0.7735 7.9733 0.46494 
-9.2654 -6.232 7.0749 7.6685 -2.0911 1.7468 5.1631 -8.2245 -3.2257 8.3981 
0.7674 -3.2886 1.8948 -0.26891 -8.285 -1.8137 -0.50072 -9.8638 3.1916 8.9272 
4.7446 -3.7791 1.5161 5.2812 9.9327 -4.7488 3.3552 3.5613 -3.5305 3.548 
-6.3755 -1.5959 -2.9602 3.4167 -1.9599 -7.2431 4.8663 -6.332 4.0299 1.2072 
-1.4751 -8.2452 7.2925 6.1737 -1.4322 4.2704 -3.0467 -1.1557 4.7187 6.0579 
-8.0366 1.1974 -8.6453 9.8476 8.1209 -0.93001 7.9087 6.1068 7.1362 2.8758 
-3.9356 3.3525 -5.9788 6.5922 9.3724 6.913 -9.4346 4.7831 7.9295 -6.042 
5.6025 -7.694 8.1657 -5.8531 4.5724 -9.2214 3.5263 3.1634 -6.525 8.5504 
0.73921 -3.6868 -6.1478 7.5042 0.28962 -3.9991 -7.192 8.9375 7.2744 2.7303 
5.3814 9.6159 -7.3772 -7.3491 0.11552 -8.3919 0.64347 -7.1092 -6.8042 -6.502 
2.7789 7.7174 5.5009 -2.2589 7.0675 -5.9627 2.5706 3.9065 -8.6299 -8.3909 
7.863 -9.5448 4.2731 -7.2894 -1.7727 -7.6698 -9.0979 5.4718 4.3021 0.59322 
-8.7862 7.2657 -0.61897 9.4304 1.4293 -5.897 -6.9318 -7.9924 8.9197 -4.3112 
-6.4846 -5.1001 -2.8555 -8.4621 -4.9453 8.7885 0.58042 -7.0768 -4.0272 1.5545 
-1.6734 -1.328 -7.2982 5.4537 -9.0185 -4.6131 3.8475 -2.7849 -9.6669 5.5279 
4.7958 -7.2925 -7.7576 5.4511 -2.2225 -6.9247 9.669 -0.56418 4.1394 -7.5778 
7.8591 -5.688 -0.34738 -3.6984 2.2785 3.115 -8.8836 7.0383 3.5323 -3.6616 
-9.4829 5.4946 8.518 -1.8226 7.2999 -1.6897 9.3592 4.8079 -0.89545 -8.7499 
-7.2487 -8.2563 -5.477 1.0516 1.1103 2.0963 5.3277 -4.1659 -1.0163 4.282 
-1.5183 -1.9924 -8.2106 -1.3006 -5.0727 -7.1745 1.971 4.375 -9.2135 -0.80719 
5.2913 1.8022 0.14143 -7.6415 2.6195 5.9603 2.239 1.0582 -4.4601 5.2729 
0.48874 -6.0695 -3.9807 5.2941 0.045204 5.5169 -6.1035 1.229 2.33 2.2972 
5.0896 3.9362 5.4992 3.2366 -7.3107 -6.6888 -2.0139 9.104 -7.7099 -5.1628 
-6.604 1.8594 -9.8525 7.1899 -5.6948 -5.1116 -7.4625 -2.7379 -3.4866 2.5901 
3.4545 -0.7162 -4.9773 8.6893 -6.1856 6.3097 -4.8916 -7.8771 -7.7084 -7.1241 
2.3731 -5.1769 3.3042 -0.60337 1.1889 7.6916 -5.58 -3.7472 3.7046 2.6338 
-9.8631 -1.7446 -6.0788 6.4778 5.1591 -1.8594 -1.9352 -0.049171 -9.8345 -2.9148 
4.8045 5.4099 9.8724 -8.2132 3.246 1.6662 0.36304 6.8775 7.1183 9.0452 
9.8347 -9.2932 5.1236 -4.0074 4.2156 -3.6896 8.0433 0.42566 3.3554 -0.32273 
-7.4364 2.151 -3.4306 -8.416 0.90334 4.609 -3.4974 -0.47593 -0.43688 -0.78044 
-2.7883 -8.4105 0.82431 -3.0167 1.2044 0.51316 -1.6747 -5.7011 9.6103 -7.7727 
-6.1785 -1.6925 -0.43305 6.1846 -3.489 3.912 4.1579 -6.6103 -7.2614 5.1102 
4.288 9.7096 -5.6646 4.0049 9.327 -0.85732 6.9853 8.9246 3.5934 -5.9204 
-6.4427 6.853 5.87 9.5101 -7.7316 -2.3695 -5.9911 5.8166 -6.6794 -1.9714 
9.737 -8.9519 2.7643 8.5132 3.3966 7.616 6.9563 -1.1037 0.65677 0.96273 
-9.66 4.5504 5.2914 -8.1214 7.6368 3.089 -0.78184 -6.5564 2.4314 -4.6197 
-9.2041 -7.7008 4.7962 -7.2961 4.7545 -0.098369 -8.2731 -0.4652 0.03688 -7.7557 
6.0866 -0.29238 -7.4567 -8.8375 8.7618 6.6931 9.2803 8.2425 4.2515 9.2517 
7.1958 7.3719 3.6805 2.2671 -0.67713 5.238 -6.0006 -2.1573 6.4843 -5.3407 
1.3251 -9.6659 4.9457 6.605 -4.4276 9.7476 -3.6163 -2.7232 2.3782 0.11478 
5.0823 6.3782 -2.8383 1.8876 -0.43059 2.2604 4.7715 -6.6865 4.5505 -6.3264 
0.3903 5.6775 -6.1877 -2.8081 7.7119 -7.2124 -9.4051 1.474 -5.0058 3.9806 
1.7181 -6.1258 1.4878 9.4447 4.899 3.0731 3.5856 -3.0889 5.0244 -4.0709 
-6.1853 8.2569 -4.753 -4.7395 -3.2056 4.5748 7.0349 -8.8144 -6.4967 9.1526 
0.068829 3.6738 -2.1654 9.4535 -8.7352 -0.83421 -6.1532 -9.5807 1.6563 0.41943 
-8.9817 7.7679 -3.5792 1.0123 2.7517 -4.8874 -9.2228 2.1813 -7.4618 -1.5734 
-8.8781 4.2574 -4.5971 -1.0934 8.7406 7.5453 -6.2074 9.9463 -0.16446 3.2458 
-3.2961 -0.30216 -9.9061 7.9688 5.4161 3.825 0.19972 -6.6849 4.3066 -1.8148 
2.6181 6.6644 -3.7429 0.04735 7.9558 -4.246 4.2889 3.3724 7.9668 4.5421 
7.8396 -8.1851 3.2218 8.3783 4.1349 3.9128 1.5747 6.963 3.9958 6.1554 
3.4679 -9.4902 0.13846 8.6542 -7.9194 1.3983 -3.087 -0.69312 3.4754 5.623 
3.7053 -3.2854 7.5626 -7.7011 -3.4384 8.0825 -6.7613 -6.4318 2.5912 3.4459 
3.9149 -0.26155 -8.4778 4.756 1.3002 -8.3776 3.5747 -0.88879 2.6387 -7.3017 
5.9966 -5.4927 9.2879 3.2365 -5.4921 -6.9554 7.5567 -2.7629 6.3597 -7.237 
3.2121 1.0942 -7.3418 5.3162 0.96635 5.0889 -4.9342 -1.1209 9.0045 5.7533 
0.39873 3.623 1.9389 -7.3873 -6.5283 2.8126 2.7434 -0.71803 -5.551 2.717 
-3.3653 6.6989 -2.427 9.5893 3.962 9.464 1.1235 -2.607 -8.2003 0.61962 
8.6835 7.9175 -2.0374 3.4353 6.1319 4.7125 -8.4294 -7.5855 -4.5816 -5.0443 
-5.0705 -1.248 5.7651 7.5405 -6.9898 -8.893 1.6515 -6.863 3.2173 7.4875 
0.22413 -2.0069 0.76659 -8.9176 3.7966 1.8602 1.2984 8.2115 4.0674 9.7801 
4.8064 -1.1976 -0.93206 -0.1726 3.8834 7.3719 8.3289 -5.5032 -7.1896 -2.2321 
-4.9166 -3.8075 -9.7154 -0.24058 -1.5591 -1.8296 -7.4282 3.1229 9.3755 -0.20169 
6.9117 -1.0609 -3.6351 1.6361 -4.0165 8.4661 -1.3269 7.6929 6.1171 -3.8824 
0.76309 9.2878 -4.5397 8.2325 -7.0858 3.2458 0.55178 -3.3331 7.3015 -2.5696 
8.2027 -0.75304 -1.9617 5.0731 -0.56369 1.5324 3.7493 -0.80843 -1.031 -9.4204 
-2.9859 -0.08016 -5.4002 7.7185 -3.9638 6.7301 2.277 7.0333 -3.1842 -5.3008 
8.7065 -9.5692 3.6687 -6.5083 2.6118 -8.4674 3.6335 7.6942 5.7802 3.4698 
8.5544 -6.1543 -2.71 -8.521 -8.9083 -6.6103 6.5142 1.0495 -7.2735 0.15514 
1.754 7.9627 -6.1467 -4.6143 -9.7079 -6.1297 0.15943 6.2368 2.7396 3.594 
-7.9648 -2.2142 -7.5886 -5.7459 8.2316 -0.096419 -7.0135 4.1426 -4.2847 -0.24138 
-2.6625 -7.9591 3.0347 -3.4265 -3.8318 -3.9059 8.0777 -1.5238 4.9995 3.4274 
-4.4831 -3.006 -3.7585 3.2164 -1.0708 -2.3802 9.1681 -8.574 8.4907 -9.8853 
-4.678 -6.4291 -8.5944 -0.39675 -2.1652 2.3792 0.25692 -7.6763 1.2871 -1.7182 
-5.4692 -5.0182 2.9992 -5.7676 -5.2248 -7.1719 3.6528 -1.9273 4.6872 -3.6408 
-9.9736 2.8197 6.978 6.6226 8.2355 -4.4223 7.3917 -9.58 -0.87772 9.4807 
7.8601 9.5151 -7.9734 -5.5818 4.1837 -4.2069 -4.881 -4.2607 -8.9027 -8.8411 
-0.93005 8.4133 -3.1528 4.4659 -7.3847 -1.4197 5.0151 3.5141 -0.11145 -3.3992 
1.5684 -8.9239 -5.7674 3.2303 4.801 8.223 9.3538 1.0991 7.6121 9.2806 
-3.6879 8.0617 -8.1759 -5.4803 6.8533 1.7736 3.848 -2.824 -6.4438 7.2894 
9.8803 -6.2 -4.9477 4.8368 -9.8111 2.3985 5.7564 -9.7456 -4.3953 -0.18651 
9.6779 9.8523 -5.8595 7.8444 7.8368 1.9379 4.0565 4.1386 -7.1541 6.3616 
9.291 -3.47 2.3211 4.431 3.4731 -9.7002 8.2456 6.3904 1.1234 -6.3966 
3.3253 -5.4491 7.837 -1.7794 7.6096 -5.4128 -5.0646 -9.0067 4.9102 3.4455 
4.5232 8.8742 4.3282 4.3111 1.1773 -9.679 -1.7649 -2.6496 -9.248 5.9867 
-3.3191 6.2169 7.3044 8.8317 5.0542 -8.2114 -1.5611 -9.8933 7.512 -6.0197 
0.45546 8.4889 6.765 8.7082 -6.0651 3.897 -6.4783 7.8785 3.1698 5.8452 
-4.5329 4.37 -9.6087 1.3329 9.1272 1.2028 -7.686 6.7715 -2.3781 3.2969 
4.3676 7.5851 -3.3751 -9.2932 -9.5708 1.2867 6.8244 -9.2227 -4.64 0.70379 
5.5604 7.3012 -8.8749 -8.7956 -8.2803 -9.9111 4.1925 5.52 -2.6784 6.5991 
-8.3787 -2.8515 3.4529 -6.2303 1.2602 2.818 -8.0195 8.7001 4.2017 -1.2791 
-5.5684 -7.2745 -5.2384 -2.4771 -9.4376 2.5482 -0.24078 -7.2417 -4.4763 -3.7406 
-5.9208 6.1156 -0.50131 1.3735 1.7514 1.6248 9.9469 -9.0872 -6.2087 -6.6364 
2.482 3.6225 -8.8983 3.3806 7.4455 5.1449 -6.0352 -3.0145 4.4422 9.019 
4.5041 -1.3723 6.8096 8.0997 7.9983 -7.3358 1.6614 -9.518 3.2164 -7.0888 
6.6873 8.9423 1.9975 5.5886 1.9989 -0.85841 -1.8764 -3.0853 1.0004 8.4136 
-9.6221 9.0235 -4.4109 7.7222 8.1541 -8.8277 -5.2914 1.1909 1.6038 -7.3997 
-5.9576 -9.3584 9.3009 3.0809 4.7753 5.082 -1.8243 9.6535 7.3583 -9.4879 
-0.61814 -4.4767 -8.2453 -7.4737 3.7745 5.1351 9.4228 6.0076 -7.2004 3.4547 
-2.4321 -8.6449 -9.062 -9.9679 5.1051 -4.3522 6.1663 2.9479 -0.33081 -9.2024 
-3.1921 6.539 2.3525 -6.5211 5.7893 1.5496 3.0458 6.3984 -1.8198 6.1981 
-8.723 -2.0735 9.3701 2.6772 6.2458 3.214 -5.6141 -2.3079 3.0501 -6.0227 
5.2267 1.6235 -7.4733 6.3607 3.0988 -7.4442 -2.2175 0.97932 8.5297 5.8456 
-1.9468 -3.1293 -2.5719 -1.018 1.0764 5.5277 0.98106 3.1083 5.2278 1.7622 
3.4858 9.4242 -4.5267 6.1785 0.24433 -9.8249 2.0202 5.7755 -3.2 -8.7264 
1.0215 2.0681 -7.4176 -9.4259 0.58252 6.3128 -1.2911 -4.137 3.8792 -5.7284 
-8.9709 3.3528 -2.2803 -9.2994 -9.9791 1.9183 6.6295 -7.688 -6.3716 3.2021 
-3.8501 7.2665 -3.7361 -2.3301 -3.6503 9.6626 0.72634 -5.9181 -2.0107 -6.2919 
9.3089 -1.5983 7.0924 -3.8652 -2.4247 -5.7071 -4.1613 9.9345 4.0497 -4.7525 
8.6295 -8.5318 5.8631 -3.6054 7.6491 -1.2096 -5.4889 2.3926 8.4022 -1.8342 
-2.4395 7.4279 2.4748 -5.3894 9.2673 -0.74263 0.08069 4.7108 5.7251 2.7058 
2.3534 3.8931 1.0424 7.7215 -4.8849 -2.3294 9.4318 7.4039 -6.2146 -2.461 
1.2507 6.8285 -5.2714 -0.25425 8.1225 -2.1968 -0.78137 3.1765 9.9026 -8.7734 
6.6112 3.5249 -5.2554 -9.1784 -2.5538 -4.7492 -6.3532 -9.6184 5.9131 -3.958 
9.154 4.028 -3.8843 4.2386 -2.0081 -1.0293 -3.9603 5.352 0.20566 8.9749 
-8.4899 7.9083 -5.5272 2.8722 7.9551 -1.7166 9.5618 4.5234 3.8099 6.706 
7.7605 1.7483 -6.7813 9.0813 8.7526 2.0777 5.2457 1.2215 -0.72845 9.1102 
1.2489 -3.4961 7.8092 3.2361 8.2907 -0.62685 -1.3474 6.8643 -1.3547 -6.1544 
-6.1129 9.897 5.523 -4.3679 -6.3508 -9.2168 -6.9249 4.1851 7.5329 7.9031 
-5.5709 -5.8492 7.5889 5.5786 -7.0829 -6.9347 -3.199 9.5597 4.3835 -6.5092 
4.1153 -4.2749 6.0101 -8.5214 7.1843 -0.47182 -2.6608 2.2999 -3.7293 2.0582 
1.9352 6.6622 -8.3319 -4.2067 -1.293 5.1903 -7.405 6.2078 -8.6871 1.4627 
1.7259 5.405 -6.7401 -3.3736 9.4835 -9.5919 -5.8956 3.8151 -1.5566 -6.5773 
9.3699 -5.9884 -9.4766 -5.9292 6.8187 5.907 0.46236 9.5565 -7.2046 6.0114 
1.6349 5.2953 -3.5517 1.7242 -2.1154 -4.6789 4.4166 -8.2743 -8.2987 -6.2232 
-8.004 2.3185 -5.9061 1.2203 -4.9355 -1.0708 -0.60216 9.8384 3.8117 -9.6308 
-6.6679 9.2853 0.54797 -9.9036 -1.0436 -6.2258 8.964 -6.1818 1.0126 7.9495 
-7.9581 0.073825 -9.3218 3.8183 -1.8748 -7.3974 -8.0339 0.89233 8.1294 6.1898 
-7.0751 -0.42596 -6.8487 -4.0618 7.9005 0.58455 7.5229 6.2898 7.9464 -5.1389 
3.4313 1.7139 2.0776 -0.0090946 -4.9178 6.7972 -6.1414 8.3607 -4.6767 -9.2321 
2.7971 9.5918 1.5841 -1.9335 -4.9953 6.8966 -4.0976 -0.70053 -3.3677 8.4301 
-2.5513 -3.018 0.80703 2.5276 3.9889 -8.9343 5.4657 2.7919 0.36235 8.5041 
-6.7425 -4.7799 9.1241 3.0532 -0.38246 -0.56673 -8.8205 -4.2072 2.9021 6.4043 
-2.2096 1.7988 2.6178 -8.7117 -7.8974 8.335 -8.511 -9.3718 9.2975 4.1099 
5.9995 4.9077 2.0022 2.5528 -0.35872 -4.4204 -3.6524 8.4423 -5.0943 2.1115 
-2.0041 -8.3603 -9.041 -0.21326 7.0728 6.0592 -4.9285 -3.1864 -9.9375 -6.4017 
5.1024 -2.5009 -5.4868 -9.7676 -0.81298 -8.2407 -9.2182 0.93792 7.0144 4.4041 
-4.0958 -8.2598 -2.8348 -9.8857 9.3227 -3.3986 6.0645 1.5144 -1.9768 4.23 
2.8001 -3.637 4.7189 -0.25881 -4.969 -5.088 -7.6024 0.1641 4.2719 8.2317 
7.7023 -0.9354 0.55965 6.0058 9.3059 -4.505 6.4753 -4.1767 9.6602 7.3102 
-5.8071 -6.7784 4.1926 4.1272 0.25575 0.083174 3.7678 -4.8944 -6.7709 0.014134 
-0.39287 -8.8026 -0.087249 -5.3202 7.9385 -2.1042 -2.0832 -1.0339 -8.9807 -3.8121 
-7.7402 -1.1027 5.8813 -1.8965 5.5133 -7.8737 2.3244 7.5674 0.078903 -3.8587 
-7.3526 -4.2945 -5.8652 4.0835 6.5299 8.1429 4.6775 9.395 -5.1489 8.6212 
-8.72 -6.0164 8.837 -4.0966 -1.5105 -1.7323 4.249 -8.992 -6.7174 -3.0472 
-8.4141 0.19624 3.1278 7.6401 3.2784 8.6554 -6.3259 1.431 8.7439 -0.95828 
2.5391 -9.6104 -5.133 -8.7292 6.228 -2.5797 -8.0152 -5.4933 0.95304 -4.0315 
-1.7733 6.6021 -4.4105 2.4737 6.1955 -3.0573 6.1265 -5.7675 5.4021 -1.4376 
2.7718 -5.9923 -8.1104 1.9331 -9.7507 2.302 0.70294 1.8127 -3.6751 -4.9929 
7.1311 -1.4687 3.607 5.809 -7.9828 -4.9325 -7.2099 0.68306 8.4363 9.6979 
5.2715 4.6618 8.6211 1.9902 7.2652 -1.5816 -4.8314 3.6437 7.3719 4.9286 
9.5232 0.53594 1.4568 6.9468 -8.9731 -3.123 6.7363 5.532 7.7058 -4.2062 
5.6307 -4.614 8.2147 -6.8295 -9.8161 -0.33261 -7.0244 4.4553 3.1251 -1.3747 
8.7117 5.3567 2.7585 9.0511 -6.3668 1.0051 -6.0711 1.2145 6.697 9.9217 
4.783 9.0882 9.4424 3.2787 -8.5706 -3.7919 1.5005 3.4564 2.7977 -7.3244 
-4.9276 -7.6463 2.7471 7.542 4.1731 9.8198 5.6827 -3.27 -3.4585 -1.6562 
4.385 -9.5022 6.0164 -7.6486 -6.2651 1.0853 2.0626 9.5075 -4.5007 2.3748 
3.8703 -1.5592 7.5872 5.1505 6.0573 2.3215 -6.9231 7.4041 -5.6727 7.4897 
5.4664 -8.7123 9.1358 -0.13009 0.24675 -9.6006 -4.4063 6.5764 -4.4123 -0.34098 
4.9443 -7.4879 -3.7883 -5.4218 4.9339 8.2657 -4.8244 8.9609 -4.9446 8.5024 
-3.6323 -8.1516 2.0885 0.19988 0.99374 2.3929 7.8594 -4.7902 4.2191 0.074008 
0.20862 -5.3462 -4.5153 -7.0936 -9.8249 -1.4703 -9.9697 2.8221 -8.3578 -4.4953 
5.4613 -5.7761 -8.5391 -8.3182 -4.0108 -8.218 -2.5333 -8.6048 -4.0046 -6.7179 
1.4563 2.1962 -7.0952 0.025691 -7.514 -4.2913 -7.6701 -0.80125 -7.7765 -4.4554 
9.077 -2.1095 -3.4897 9.4019 2.4513 -5.1017 -9.1959 -7.4932 -5.3372 7.9152 
-6.5686 4.534 1.0425 -7.3555 2.0847 -6.1072 -5.0751 -9.0158 9.274 -2.739 
8.1447 9.226 -6.4469 9.3631 3.6637 -7.2968 -5.6296 7.6944 4.9436 -0.83119 
5.0444 5.0043 1.1182 5.9832 -8.7559 2.8954 -4.725 1.6063 2.4216 -3.4719 
-4.2765 -8.4252 3.2935 9.5701 8.5052 -6.4153 9.5419 -5.4505 0.33576 -1.6432 
2.5482 7.3591 0.8753 8.325 2.8534 -7.1039 -1.918 4.3454 6.2266 7.6327 
-0.74344 -2.7446 7.5608 0.58244 5.8537 -0.40579 2.179 8.689 -4.5074 9.5842 
-7.4112 5.9401 -8.379 9.4334 1.0842 -8.7994 -2.3443 -1.529 9.3476 7.4742 
0.98769 5.7277 -9.4563 -4.714 -2.4076 5.1555 -8.4887 -1.3947 6.8997 -9.618 
9.3902 -3.3729 3.1437 0.16647 6.9796 -0.51773 1.6029 2.3735 -4.2707 7.3647 
-1.1572 8.9998 -6.5877 -0.27141 9.3737 3.8086 2.7651 3.4287 7.8032 4.6811 
1.8193 6.5698 -0.27163 -0.065636 -8.4406 -4.1568 9.1279 -4.1186 -5.226 4.8373 
-7.7806 2.5826 1.7453 -3.5515 3.393 -7.6515 5.4895 -4.2811 -0.016094 9.3359 
-6.003 -4.0875 -3.7198 3.8928 -1.3578 4.357 4.3185 -9.3166 -9.3442 3.3522 
-6.7407 2.3401 -2.8361 -4.4642 2.4208 4.8987 8.0728 -2.4164 3.1261 2.9945 
-9.2625 9.7701 9.4573 -0.71579 1.7256 -3.5712 1.5135 4.0016 2.6972 -9.2989 
-4.5455 -3.1198 -7.6894 3.8113 -7.1188 7.13 -1.7023 -7.4334 4.7363 -3.3026 
-5.3973 -5.2071 7.9079 -5.9768 4.6245 -1.2351 1.0859 -8.5153 -3.4616 7.36 
-2.8291 -9.9921 6.8901 0.77251 -2.4219 7.5191 -5.908 -8.2044 0.43219 -1.8434 
-7.3131 8.1858 -7.5684 -2.3062 -3.4966 5.6523 5.252 2.4818 -8.4476 -9.7036 
9.9719 2.5508 -6.9572 5.9205 -9.6392 2.0635 -2.6557 2.3459 -4.2411 2.6057 
0.27042 5.7246 5.0463 -6.7626 1.9821 -2.1652 0.92578 -3.2462 -8.9639 -4.8265 
-2.2431 4.9743 -6.4653 3.3193 -3.3087 2.9511 -7.7481 3.3353 -1.1603 -0.49197 
-5.0029 2.338 1.9269 -3.6612 -5.0876 9.6237 -0.47525 -2.6455 2.326 -0.81349 
-2.705 -6.332 -0.81284 -3.2833 7.1519 -1.4279 -6.919 9.6146 -0.55713 -7.0099 
-2.0188 6.8719 5.6079 -0.075893 4.6271 7.5382 7.8483 0.23356 -9.7703 0.60441 
8.526 4.3199 5.3581 2.2673 -2.3938 -7.9673 0.20234 -2.9449 -3.8973 1.6755 
-0.090541 3.036 1.1987 -4.0923 -0.74924 2.5405 6.1696 3.7833 2.9053 -2.5559 
2.1837 2.2561 7.3951 -9.0561 -7.4504 -3.9479 8.8819 2.5554 0.58818 -1.5519 
-9.9038 7.4757 -5.5764 6.0155 2.209 -0.17074 1.1411 9.9298 -4.8927 3.8391 
1.7546 5.8535 6.1909 -6.0066 2.3485 4.8387 5.9707 9.5055 -3.641 5.6726 
5.5492 4.4885 -7.1154 -1.2405 0.69994 4.7869 7.7939 5.2696 -7.7342 -9.2822 
3.1437 -1.8169 1.4953 -2.323 8.8976 -3.7537 -1.7753 7.5725 -8.5274 3.3023 
0.56629 9.9531 -2.3248 0.79836 -0.070671 4.4474 -7.977 9.7537 1.7719 7.5231 
6.5155 2.4762 3.0121 -2.1058 4.8052 -1.8755 -3.0669 6.7979 9.3359 -8.3596 
9.2487 -2.9367 0.94329 -1.373 4.8977 0.6132 4.7966 8.9965 4.2743 -0.43248 
-3.7253 -6.3455 -2.3418 -6.7966 9.9789 -6.512 -1.4726 -2.9828 -5.1378 -4.0291 
5.9417 -3.5819 -6.945 -5.5975 -0.26989 3.9173 5.8653 0.68551 5.4041 8.4404 
-4.2965 -4.8879 -5.4634 -9.457 -1.988 -3.315 -9.802 -2.4842 4.0342 1.7561 
-9.7021 8.8217 -3.7046 0.64968 -7.7446 6.3167 -9.4002 2.6355 -3.2043 9.1242 
-8.117 7.8581 -7.8225 4.3282 -8.9236 -3.4407 1.61 9.9656 -8.6661 -8.686 
-3.4255 9.761 -3.0101 -9.9371 -2.8521 -2.9225 -2.6158 1.2603 2.2747 -7.4251 
-3.8887 9.0494 -2.5319 -2.4736 2.6036 -1.9777 6.6844 -9.1609 -1.0754 6.6699 
-9.6396 7.4841 -4.2416 -5.5239 0.86888 9.6902 -0.063081 5.5573 9.5345 2.1764 
-6.7559 -6.7551 8.7432 8.5498 -8.4691 -5.9594 9.5049 -7.1393 5.762 4.0603 
-1.1202 -7.0662 9.6614 -2.7084 8.9297 -8.0017 -1.9773 -5.8383 -8.4427 7.9572 
5.3354 2.9961 8.2966 7.6512 -9.8148 3.9197 0.87706 -2.9258 -4.9994 0.27413 
3.6251 5.8017 -4.6827 -7.9323 2.7264 -9.185 4.1418 -3.4244 8.3482 -7.1897 
4.2907 -8.554 -8.6027 -9.5305 8.6949 1.6495 1.7724 1.661 -5.4435 -0.76716 
-0.80438 -5.1096 -3.2722 -9.4555 0.22346 -5.8823 0.22545 -2.5189 2.2597 -5.379 
8.3854 -9.7859 7.6876 -6.7989 5.4134 0.52441 8.8735 9.2771 -2.7238 2.3887 
9.7789 -5.3492 -9.8376 2.8757 0.96607 5.0832 2.8946 9.3247 -0.34435 -8.4176 
8.652 -4.9029 -7.0528 5.7297 -5.3124 -2.1677 -5.7181 -1.5694 -5.9228 5.8113 
-0.76953 8.2438 -4.2305 -2.8294 -2.6502 4.4944 6.4962 -2.3937 -5.122 -5.4008 
8.0984 -2.6491 -7.3469 -0.95144 -1.9668 -4.5489 -2.7354 2.5158 9.9641 -4.8281 
-2.271 -9.2393 -9.1798 -2.3002 5.3913 -7.1596 5.6473 -6.0265 2.5825 3.5727 
2.0603 3.0166 8.0429 7.9421 -5.845 -6.1101 -5.9435 6.2022 8.9438 0.54802 
1.2064 6.3273 9.2998 8.8376 -4.8269 -4.3111 -9.2553 4.875 8.6893 1.9694 
6.9168 -8.325 -1.5141 -5.5787 8.2256 -7.6654 -2.9614 -4.8458 8.6939 -4.8945 
-4.3039 -9.7704 -6.9127 5.6066 3.3415 -8.7787 9.2475 -5.1152 -5.8981 -3.2358 
3.2664 -2.6877 9.7884 -0.93661 5.3497 4.4014 -5.5092 6.5046 6.9084 -3.4613 
2.0452 -1.7447 3.9718 0.43232 -7.1295 9.9017 -6.5297 -4.8453 -9.9269 -3.1344 
3.1293 -1.6796 3.6847 8.9787 0.38905 -4.5594 3.4199 -7.5527 1.9671 -4.4773 
-3.8013 -0.73248 -2.072 -6.5969 -5.3816 8.3356 -9.7496 4.2785 -8.3822 -6.8355 
-3.3671 -0.67987 9.8177 3.7544 -2.5496 -9.0138 5.0956 6.507 9.1306 1.9381 
-6.2361 0.96317 8.1987 -2.8006 8.7036 5.44 -6.3575 9.3075 -8.1474 8.4043 
-7.9863 0.65382 -7.0775 -8.4322 1.962 5.4085 5.0516 1.893 -1.4319 8.2725 
-4.2687 0.15385 -1.3161 -4.074 -6.8074 2.5127 3.8105 2.7329 6.739 -2.1686 
-2.9035 5.6218 -1.8499 5.0568 -0.97764 3.0045 -5.3115 9.3102 -3.1958 -5.8603 
0.71523 -4.2007 8.7923 5.6962 -3.6158 4.6929 1.6789 1.332 5.7659 7.5262 
9.8167 1.01 -2.125 4.2647 -3.0159 -5.6354 -4.753 -8.7036 -2.7362 -8.1506 
-9.4364 1.4933 5.977 -8.0255 5.436 -6.3809 -0.8478 -8.9783 5.9537 1.1224 
4.1906 -5.9222 -9.9462 -1.5388 3.7352 -1.2695 2.4173 7.0062 3.8635 -6.7745 
8.1031 1.1047 0.42363 8.289 -5.5657 -8.1498 2.0232 7.648 -1.8285 -6.7296 
7.3166 -5.7177 4.2278 -1.5304 9.4947 5.3153 -3.8624 8.9232 -2.8408 -4.2517 
-7.6166 0.98313 -5.5559 -7.5942 -5.9448 -1.1533 2.373 8.4668 2.7905 1.3216 
9.1055 -8.6046 -4.2252 -4.5331 -1.2614 -7.4378 0.018836 -2.4059 0.97831 9.984 
-1.182 7.209 6.0713 3.2841 -0.74768 -4.3483 1.0355 7.4279 -9.3126 -8.9996 
7.5152 -5.8323 7.8878 6.699 -8.6417 1.4737 0.29835 1.5224 3.108 -4.5821 
7.299 -5.2274 6.2323 -2.6625 9.3275 9.2515 2.1507 -6.2463 1.3127 2.126 
-2.897 -2.3883 3.1715 8.8428 6.6032 3.6756 -8.89 9.8579 -7.1448 3.9144 
2.6229 -4.2527 9.7449 -6.8709 -4.6521 0.21037 -3.9858 7.8486 8.8332 0.97476 
7.291 5.0105 3.4649 6.3231 8.2338 4.6902 6.4516 -9.5793 -4.5114 -7.0871 
-9.5802 -3.6212 -5.9544 3.9901 3.338 1.7515 -2.167 -1.5368 8.8284 -0.94956 
-8.4636 -7.8526 -7.1086 2.879 -6.6943 -9.7268 -3.9079 6.675 -7.9845 5.4035 
-2.4657 6.1227 -5.9754 1.4191 5.6919 -1.9613 -0.53173 3.0229 -1.0184 -8.0289 
-7.0161 -4.9588 -8.0178 -9.975 -6.4742 0.24508 -1.6128 -1.601 7.7034 -5.1112 
-9.3181 0.078097 2.4663 6.9807 -2.0915 -9.3515 -2.782 5.0051 -7.3921 3.5675 
5.645 -9.203 3.5922 5.0679 -1.6907 -0.24255 -4.8354 -8.639 -9.3994 7.3789 
-3.4551 2.4839 -3.6032 -7.8307 -5.7129 8.6223 -5.3645 -2.8941 -3.773 -9.3286 
6.3495 -2.2512 -6.3537 7.8162 0.87287 -5.5099 -8.2143 9.1516 5.4567 -4.036 
-6.5276 -3.8345 8.2643 -2.8584 -2.8347 4.8413 -6.0109 8.7965 9.7672 -8.1467 
3.5224 -3.359 -7.6718 -6.9882 -8.6616 1.2327 -9.4058 -1.1316 -8.5147 2.4718 
7.512 8.6319 9.4947 5.8076 -9.1959 -7.832 -8.9607 -8.4008 6.8195 -8.7682 
5.1431 -0.64021 -5.8647 0.67199 -4.9039 3.1882 6.4831 -2.6136 9.1877 -3.5197 
-5.4075 -9.9986 8.3275 -3.8619 4.4721 3.5096 7.3118 -9.0326 1.0477 7.3386 
-2.8211 4.5156 3.3816 -1.7096 6.906 -5.4087 -0.8642 -2.0458 -4.0318 5.5839 
-2.7367 -2.0103 -5.5095 4.6456 5.503 1.6866 -5.6055 -0.75168 -0.49291 1.3467 
-4.6511 -9.5415 -6.9774 -2.4218 6.1951 9.4954 -8.5196 2.2688 6.8104 -5.9161 
-3.2539 2.7548 4.3489 -3.3613 8.9447 -5.6326 -1.378 -2.879 -0.43369 -9.9812 
-8.2608 -1.213 -8.0337 -6.703 -5.1837 4.7726 4.697 5.872 3.9282 -5.9948 
-0.96881 1.8354 1.2099 -2.4742 -8.3585 8.899 -9.6596 9.8743 -6.4096 6.7145 
-0.90672 2.3597 0.52413 1.7869 -5.5957 -9.1147 0.81046 7.9235 7.3748 4.6593 
-9.4193 -0.91807 -5.6175 -3.1276 9.5383 -2.3138 -9.5826 -7.472 4.2699 3.858 
2.742 -9.0183 3.3397 -4.5489 8.2291 4.8962 -6.4182 -0.89444 -8.9687 8.0127 
-8.8108 4.3939 -0.95708 -4.9864 2.6324 8.7906 -9.7426 -9.474 6.2108 3.0301 
-6.6161 4.8019 -0.1926 7.134 9.846 -6.6932 -1.3122 9.5244 0.63037 6.4198 
3.6936 -1.904 -0.64487 0.65452 1.7508 -2.9913 -8.7178 3.7795 6.4068 -3.114 
1.0913 -8.9717 5.4774 3.0882 -2.1258 1.7389 4.1591 -7.3015 -1.148 2.023 
-9.8793 8.9601 -2.7476 -4.7227 -3.3364 -3.8561 2.0574 -4.7316 -8.3064 -3.7777 
-4.2383 7.5477 4.3078 7.9109 3.552 7.3388 6.0523 9.1166 -5.8897 -4.8586 
-2.4678 6.553 -6.8534 9.3475 3.5231 1.1193 -3.5831 2.5818 -8.0043 -3.3659 
-7.0701 -1.0273 -0.028298 -1.2497 -2.578 9.6456 8.448 1.6229 4.1953 -1.9117 
-8.5093 7.6895 -6.068 7.546 -0.92958 -5.3595 -5.5691 -7.4853 3.2247 -9.0875 
-0.78514 7.0744 -6.3377 7.1173 3.859 7.0861 -6.7019 3.5626 -4.3317 -7.3515 
-2.5921 2.9547 3.5437 -6.6972 -3.0503 -1.7059 -2.1723 0.9921 2.8562 8.3913 
6.4912 0.13567 7.9414 -9.6302 -7.1043 -2.8348 -0.73334 0.5689 9.1727 5.557 
0.75071 -8.4795 2.0452 -1.9766 -2.7229 1.4258 0.23097 4.1028 5.5945 5.7253 
6.3503 -2.7519 -4.8025 -3.1406 5.7606 -2.7423 8.937 -5.4554 6.2348 8.0815 
-0.79238 -5.3782 1.6485 5.0248 8.9287 3.2476 9.1787 6.9637 -7.1148 3.5293 
-9.7193 7.2036 -0.46083 -7.4409 -8.3712 -3.5736 -0.69874 0.037406 -1.6175 2.2736 
-9.9003 2.6878 7.3664 9.2066 7.9949 -7.2861 0.10147 2.1748 -3.2944 6.0012 
-6.6755 4.6291 3.5157 -5.9334 6.0423 7.6543 6.7426 1.2079 6.9162 -4.1742 
-2.6812 -6.8729 2.1486 0.36246 4.8139 -7.8311 -6.2703 8.8456 -7.6008 0.40627 
4.3642 8.9929 7.6046 3.9688 -4.3282 5.7942 -4.8013 -7.5921 5.7921 -0.67306 
-6.8115 -1.9915 6.1146 5.447 3.8329 1.8361 1.8922 4.4023 4.1827 5.1609 
-4.4246 2.2277 1.9806 3.283 -8.0637 8.3009 -0.52571 8.5258 2.7512 -6.0552 
2.8988 5.9698 -6.2987 -4.1389 9.6276 6.5679 6.6141 -0.97734 -9.0079 -1.708 
-4.2559 3.7274 8.6348 9.2829 7.9916 -9.9848 -8.8915 5.538 3.4453 6.9238 
-3.5614 -9.999 3.1956 -2.7412 6.9134 3.1958 -2.3061 -5.2028 -3.9673 3.3959 
-6.8917 0.053153 3.8815 -6.3765 2.984 -5.9042 -7.8801 -3.9666 0.12488 9.0874 
-2.2467 9.7124 6.0834 1.8525 3.675 7.6192 8.9772 8.6155 4.8861 7.5548 
7.9147 -9.8599 -2.4065 -0.23655 -0.76549 -3.9233 5.2585 -0.68458 -5.1864 4.9023 
7.7553 -9.1814 -5.0029 -5.0757 6.6237 -8.0463 0.50654 -5.3691 0.33058 -4.7346 
-2.1277 -7.9315 -3.43 8.8547 2.4015 -8.2271 5.0035 -8.3771 5.0045 -7.9458 
3.5092 2.0681 9.5645 -0.28336 7.6508 -2.8001 -0.78009 -1.0119 -7.2338 0.93042 
-4.9557 -9.0762 -5.0949 8.2566 -8.7422 -7.6203 -9.8357 -0.9422 3.424 8.2837 
8.9998 -1.5626 -2.1454 -7.3564 3.1459 0.4478 1.3636 7.6184 -9.1167 -1.5338 
2.4936 -2.8827 -9.4705 -3.8222 9.3084 1.9498 -1.8964 9.3409 -3.3944 0.14992 
-5.861 3.9534 5.5091 -1.679 -8.3122 1.6856 -8.073 -2.7326 2.1568 -2.4319 
-7.8069 -2.7404 -1.1115 -1.8925 -6.7521 -5.1672 0.99631 9.672 7.0158 -4.7191 
1.317 -3.5089 -7.6619 9.3192 3.0238 2.8001 -2.8877 -8.3206 6.9135 -4.1744 
-4.5133 3.5495 9.9416 -6.2859 -5.1826 -9.7548 -4.1399 -8.3211 -9.5283 -6.9682 
-8.5767 1.665 3.5798 5.1319 5.0752 7.8148 -2.4219 8.9755 -0.116 6.1875 
-6.831 -5.1909 -1.1577 8.9484 -4.3451 1.1787 1.2505 4.1278 -0.95262 4.3055 
-9.0096 -2.5027 -6.9453 1.3739 -1.8072 -1.8135 4.9666 3.4222 1.6207 8.0976 
3.6177 -5.9053 -3.7736 -8.416 -0.45049 4.0146 2.6654 -0.42081 -0.067033 8.7088 
5.6351 -4.8272 0.6778 -8.7689 -9.6515 -0.714 6.1393 -7.1957 -4.6907 2.9345 
6.1473 6.9463 -1.3692 2.5975 3.8314 -1.04 -1.509 4.5866 0.65083 -7.5664 
-4.6989 -1.4592 7.8277 -5.9969 1.4131 7.6445 -2.3786 -9.778 0.58767 8.9841 
7.918 3.1397 -6.952 5.0406 8.6098 9.5451 0.70366 6.6541 8.0856 8.7082 
2.1597 0.62543 0.16052 -3.4336 -3.8579 1.8382 7.5712 7.8365 -2.0346 -1.9612 
-9.712 8.7404 4.5064 -0.80579 -9.3658 2.3922 -9.0013 -7.1105 6.6814 0.43433 
-3.1194 -3.3316 4.5482 -0.80769 0.955 3.7708 -2.965 -7.8221 9.3845 2.2843 
0.67329 -2.7818 6.1354 -3.3127 0.41705 -9.9685 -2.0235 -9.4338 5.3744 -9.2604 
2.5553 4.9299 3.841 3.8647 5.7363 -9.2212 -2.8271 -5.3609 -0.014108 6.6094 
-1.0653 7.2786 0.84093 2.543 3.3201 5.5117 -1.7663 7.2793 0.033835 3.9693 
6.2221 -9.5589 -7.3692 -7.6714 9.726 8.4136 2.1952 -4.0065 -1.4916 4.5677 
-7.1034 6.9905 -1.089 -8.8597 3.8323 2.9543 5.4401 7.4852 -1.6104 1.2546 
9.4966 6.1525 -0.16822 -1.3676 1.001 2.5917 -2.1943 3.1525 7.6863 -5.9297 
6.6752 0.85566 3.9773 8.644 2.5831 1.4606 0.18895 1.0734 -4.6433 9.2461 
-3.198 -1.3243 0.5481 -7.8645 9.4071 2.4092 -9.2422 8.1792 3.8922 5.3108 
2.3248 2.0487 -5.4835 -9.5688 -7.4964 -8.4102 1.676 0.033307 1.1019 1.7918 
-3.9249 -3.2979 -0.47501 3.6324 -3.6123 -6.3177 -5.5412 9.334 -6.0557 -9.4243 
-8.2156 5.5621 -9.1284 4.6907 -2.7458 -2.9244 -3.9212 -1.3665 -7.2531 -4.2396 
0.43052 -8.0656 6.27 -5.1481 4.3421 -7.6178 9.9264 -3.669 5.7059 -7.8964 
6.5058 -0.9609 -6.0036 7.6335 5.9614 7.2847 8.5968 -8.073 5.7283 -9.2468 
5.2785 5.239 0.46294 1.8742 -5.0805 -1.8322 -4.6417 5.955 -4.8392 -1.8013 
8.9528 2.5167 4.5678 1.769 -4.9112 6.5673 -7.0289 6.9107 3.2705 7.9437 
-3.3291 -9.9702 -8.835 -1.7148 9.4606 -2.5782 -7.0359 2.3627 9.9186 9.3765 
-2.2052 -9.6566 -1.5794 -8.4329 9.4142 7.2932 -7.3319 -8.2446 -7.2551 -4.4701 
-6.9917 -0.86292 -8.4083 4.5483 -7.6977 -4.3421 -8.2304 -4.6273 -2.1981 -5.8037 
-3.3259 -5.5687 0.27068 7.0832 9.4718 -2.6308 4.4229 -5.7144 2.6301 -2.5738 
1.0736 -2.5716 1.3197 -3.1253 6.3377 7.5975 7.2255 -3.7003 -4.1188 3.7205 
1.0059 -1.1754 -4.1271 7.4748 2.1762 -1.5045 1.2781 -4.2822 -3.1018 4.3492 
-6.7916 -8.7862 7.3717 6.4435 -4.3562 -8.6318 -1.442 -1.1396 4.3242 2.3653 
-7.6582 -2.7192 4.7233 -6.1598 4.6269 8.761 5.9729 9.0759 9.17 -5.5272 
-2.029 -2.4626 3.268 3.2221 -9.3625 -6.2815 3.6043 -2.3758 -7.98 -2.631 
6.6277 -3.9752 9.2405 -8.3002 4.9509 9.6592 -5.7368 -8.7715 0.64002 8.8004 
-6.3 8.3678 7.7576 2.8491 8.8321 -6.8059 -2.7174 8.2153 2.7865 9.794 
0.015715 -0.45299 8.5684 1.2484 0.49114 7.2759 6.6598 0.83583 6.7366 0.81935 
-7.4737 -6.3922 4.254 8.2229 3.2941 2.8376 8.1535 -4.3414 -9.8633 -6.4787 
7.2926 -4.0592 -8.3341 6.5339 1.3828 -3.876 3.4689 0.48932 9.1633 3.7907 
5.3329 6.586 -4.9121 -2.8503 7.3878 -9.5159 9.7564 9.3094 -5.094 -5.3677 
1.2871 2.3625 -3.0383 5.288 -4.0668 8.9602 -0.64945 4.0028 8.9153 -4.7042 
-2.2086 3.272 7.9316 4.6842 -9.7861 1.3787 3.0955 8.938 2.1613 3.4542 
-0.19725 2.3241 4.3783 -8.3938 -1.4638 -4.8455 6.271 -5.1447 -4.2086 -1.9283 
7.7381 -4.7747 -4.7818 0.17141 -5.3215 -6.6672 1.764 1.2121 -0.87047 4.1084 
8.101 7.45 -7.4355 -3.9039 -1.0522 -1.1931 -8.8806 0.53731 -1.6395 -8.2977 
-0.032221 -9.8926 5.1834 1.9535 0.66854 -6.3934 -8.8639 7.088 6.5182 -9.0988 
0.58454 -2.6949 6.096 0.10985 1.8074 -8.5677 9.5377 -2.5755 -9.4849 4.0082 
8.194 1.8394 -4.72 -6.6195 4.0343 -2.4446 6.0824 8.7962 3.5646 7.6879 
1.572 8.4968 5.9997 6.1915 -9.6252 -1.0118 2.3927 -9.708 -6.8347 8.1906 
5.5157 -0.8399 -1.4093 3.0482 -7.9356 -3.2255 -4.6615 1.7765 -3.6851 -4.2007 
3.2279 -1.5158 7.7631 0.73108 2.8218 -1.5855 -9.8752 0.75681 0.2724 -0.80225 
-0.60686 3.0992 5.5688 7.8082 7.3882 -6.7301 -7.931 -6.0509 -5.7631 -0.3386 
-5.6046 5.2847 -4.7029 -8.9077 -5.3737 -6.9121 -7.7964 -8.9169 -7.4218 7.8466 
2.0518 -2.4071 -5.8172 -4.1801 -1.3783 8.2176 2.1751 -7.0456 1.7187 1.0343 
-6.3148 -0.91862 -2.4805 1.449 9.7519 -5.667 -6.4468 -9.747 6.6831 2.0645 
-6.0498 2.876 5.9847 0.027246 -6.4615 8.0581 0.85651 2.0037 -2.259 6.1743 
7.2398 4.7031 -5.1429 4.5786 4.3183 8.1619 1.4754 1.0991 -0.64615 6.9917 
-7.487 2.6764 5.5775 -0.55943 -9.395 -0.48658 -5.3385 1.9295 -1.7162 6.5713 
2.9116 5.6589 -4.4237 8.5665 -6.8577 -1.818 -4.9373 -5.5074 2.8788 -3.2086 
-1.2536 -9.3103 0.35655 9.1165 3.1643 9.6053 -6.7385 6.4923 -6.6838 -1.737 
2.2521 -7.9828 -4.7209 3.41 2.1513 4.3651 -5.7795 -4.1706 1.5967 -6.7942 
4.7496 -9.1652 2.3759 0.25648 3.1832 -5.2211 0.26201 -8.655 6.1035 4.7804 
-3.9344 -6.7896 -1.6821 6.0368 -1.0065 -5.9549 -0.79189 -4.7141 -4.6645 -4.7005 
-9.1406 6.7001 -3.6309 -5.5437 -6.056 3.8528 -9.7188 7.8833 -5.621 -1.98 
6.7102 1.1887 -3.9898 7.6932 -5.8544 -8.1577 2.7595 -3.1438 7.0213 5.5365 
-2.6138 -6.5596 -0.7337 4.3642 -3.0327 7.7253 -6.9888 -7.0772 8.1228 -3.7192 
3.2268 8.776 6.4473 6.5142 4.0853 -2.5076 -8.87 2.6585 -4.2942 -8.643 
7.9144 0.84319 -1.0139 -7.7777 -7.9832 3.0729 -9.8964 2.8016 -8.7938 -5.5363 
-4.518 6.6052 9.1548 1.2556 1.4852 -0.88491 -9.759 8.0562 -8.6516 -7.5933 
9.958 -3.6511 -1.0311 7.4853 6.7034 -2.5486 -4.6001 -2.5952 0.76323 0.12639 
6.6871 -5.3452 -8.6162 6.3437 -8.8467 0.82357 4.3766 4.6472 -8.4036 3.9782 
5.8269 4.0399 -6.1771 -8.6178 -8.6428 2.1039 5.4007 -0.27244 -2.7877 6.2288 
3.1323 0.39567 1.1432 0.93497 -7.6998 -6.8437 -9.688 8.8853 -2.7477 1.9863 
0.87346 -4.2771 8.9417 9.7441 -9.1614 6.2662 -0.74883 7.8885 -5.6447 0.31392 
-2.2664 -9.4465 2.3005 5.7805 -4.2777 -4.5658 5.6636 -6.6793 -9.1291 0.83729 
6.4446 -6.9439 6.2742 -5.2725 -5.3583 -5.3308 -3.2638 6.9871 -8.9918 -9.9483 
1.9067 5.6785 1.2916 -2.1978 8.3481 5.2907 5.4205 6.7089 -2.7928 -5.047 
5.6328 0.37504 0.75687 -7.4423 -2.5072 -0.3157 -1.6325 -0.57984 -2.9242 6.3572 
9.7535 -1.6635 -9.8198 -7.9057 2.4891 -8.8298 7.4578 7.4493 -5.7118 6.4308 
5.7651 -7.829 -4.2246 -3.3667 -0.18759 -6.6491 6.0056 6.7699 4.4726 5.5537 
7.0584 2.6286 3.0993 4.9044 4.245 9.8882 2.511 -4.153 -4.9906 -1.6472 
-0.28774 -7.4653 7.4362 -1.755 9.0496 5.816 2.3993 -8.9832 8.022 -8.5067 
7.4751 1.6129 4.2585 7.1423 -6.1787 -0.13798 -0.33351 -8.7628 8.6774 -5.9402 
-3.3231 -6.31 4.6808 1.8174 1.7826 4.8008 -2.0876 -6.1703 8.0728 -4.1788 
-5.8937 -0.10178 5.077 3.5635 4.9054 -7.1118 -0.042303 7.9351 -5.629 -9.2497 
-0.11286 -3.2912 -8.7478 0.70209 -3.6059 -9.1793 9.6131 1.608 0.93231 6.0632 
-9.3758 -5.863 5.5687 -8.1538 4.608 -6.9808 -8.6577 7.5132 5.9127 4.0039 
6.5515 -7.8967 -9.6674 -2.1783 2.6164 5.0812 -7.4632 -1.1133 -6.6268 5.9757 
-4.7149 -6.9273 -3.0101 -1.056 8.0115 -4.5502 5.1762 5.9672 7.3311 -8.1145 
3.55 7.4666 3.3579 -8.8258 -1.6937 -6.8561 6.3412 -3.6562 3.3943 6.4338 
5.8773 4.4874 1.6516 4.3384 -4.2709 -4.5628 -5.9568 -9.5012 7.9673 7.9287 
3.6369 -9.9283 5.8723 -4.03 8.86 -7.8852 9.6401 -7.9652 -0.6003 -8.0425 
3.0152 6.2083 -8.3976 9.9185 -3.4559 -7.8957 4.4144 -3.743 -7.8276 -6.7652 
-5.2532 -5.0876 -8.4822 -8.3085 9.9443 0.41124 -9.9993 -6.982 3.9968 4.3325 
-0.45193 7.7187 -0.012562 -9.6958 9.4466 -5.8591 -9.2379 -1.8952 -4.4956 -9.1155 
8.7284 6.7856 -6.5013 -6.0064 5.1425 -7.7045 7.6967 6.1454 -8.0893 -4.349 
-5.1779 -2.8887 -8.233 6.1433 -6.8764 5.3996 9.7024 -1.6927 -1.6631 -0.097349 
-5.8177 -3.6951 -5.7548 -0.59626 6.2473 7.7214 -4.3573 1.1232 -9.4363 5.1619 
-4.5506 -6.9163 1.0476 -3.7497 9.5646 -7.3518 3.7866 3.7305 -2.2168 2.4306 
5.5163 -2.2315 -8.226 -4.2832 -1.984 4.9772 -3.0538 7.197 -6.1157 5.8905 
-3.3718 -3.8912 -8.4775 9.6051 -7.791 -0.9562 0.20877 6.8453 -8.4551 -4.7677 
2.0615 6.4235 8.7979 5.1659 1.0139 4.5998 3.9233 -2.0199 4.2172 -3.0809 
-6.3197 -4.4024 0.16187 -7.3912 2.7508 5.0328 -3.2749 -9.0758 -1.2251 6.894 
-8.2508 7.0291 9.6672 2.5441 5.8212 4.9143 -1.4944 -5.6949 1.8317 -2.082 
-3.8217 -6.0943 4.3826 -0.85124 -8.8322 5.4254 3.3926 0.5354 0.71515 5.5727 
-5.3824 -2.9 4.263 3.526 -2.6343 5.0235 1.4553 6.3435 -6.9053 -9.3204 
8.1837 -3.0805 -4.1216 4.1437 7.6898 4.6366 -7.8435 4.8065 -4.3377 -3.1004 
8.7377 1.7126 8.9011 -6.5276 3.821 -2.1977 5.5865 -5.5853 9.4635 4.855 
-9.3624 -0.87498 -1.8852 0.092651 1.3811 9.9289 -1.1744 2.1985 2.5684 -1.2933 
1.8729 -9.231 -8.0109 0.63763 8.7889 -9.3706 -6.512 6.254 -3.34 -5.5967 
-9.1236 -2.3997 -9.1954 0.72318 -3.8766 5.5375 1.3019 -8.3252 -4.4995 -0.24853 
-1.5019 0.92974 -2.0978 -1.685 5.9833 7.9859 8.5621 5.3165 -7.1564 9.0642 
0.43163 -8.6348 1.9572 1.119 -2.158 -5.202 9.0022 -5.3456 -3.5066 5.7537 
6.8068 -5.7355 -9.7798 3.5124 8.9015 -9.4403 -4.296 -8.7205 2.216 7.5781 
2.5006 5.438 -3.9911 0.23085 -4.8421 8.9709 -5.4862 -8.2682 -5.4336 9.4088 
-4.8959 2.6076 -3.0502 1.2983 1.3723 -1.0045 0.85283 -4.2405 6.7125 6.1729 
8.0938 6.1744 3.7638 -8.1157 7.4771 -7.9032 -4.1741 -5.6452 4.3651 9.9893 
5.346 -9.5702 -3.2642 -0.5976 3.623 -3.2828 6.3217 -7.0421 3.3068 3.2366 
1.2533 -9.7649 -7.4635 -6.6396 -5.0119 5.2263 4.8559 1.5544 6.8345 -7.9072 
7.9431 -2.0241 0.66066 4.4209 1.7732 -2.3702 9.5564 -6.4111 -5.0011 5.1577 
-2.6384 -5.8061 8.0849 9.643 -2.5058 1.8298 1.1547 -9.9633 -8.2551 -2.0601 
-3.2454 1.7583 -4.3454 8.3784 9.8272 0.10497 9.7843 -9.9684 7.8691 -4.0631 
2.3771 6.4544 0.55213 -1.8732 4.2555 5.8345 -1.4478 -0.0045991 -9.461 -8.0544 
-8.2621 4.9815 5.896 4.9297 -8.8288 3.8943 -8.9415 -4.3266 -8.313 4.7193 
-2.49 8.5829 -3.909 -1.2208 -1.0407 4.8298 -6.9896 0.41463 9.5595 2.9334 
-6.2524 0.49091 -9.7083 6.9685 4.9929 9.2117 -1.7311 8.7091 -7.0708 4.9799 
6.2105 0.77291 4.8994 -1.0919 -8.0883 1.5825 -7.4807 -4.104 -3.5216 -9.348 
4.465 3.3459 -4.3037 4.3238 -4.236 9.2887 -0.9167 -7.6436 3.1459 -1.8261 
3.4935 7.4252 8.5598 3.1377 -0.94581 9.9581 -1.3681 5.364 9.3967 -3.3676 
8.2796 -6.3735 -9.8843 -8.654 7.5237 -4.5977 -4.2826 1.9758 6.4384 -6.3837 
6.4192 3.9821 -0.56346 2.2714 6.8301 1.5544 -3.9238 -0.1764 3.9864 9.9693 
0.97449 -6.2218 -7.2453 -5.2768 1.5191 -8.1294 -3.7993 -2.3577 7.647 2.0392 
-9.6892 -6.0037 -4.2862 0.6563 5.6154 -7.9544 -5.5833 -4.465 3.3509 3.8717 
-8.1063 5.4193 0.76302 -6.3463 2.4606 5.1209 -4.8825 -4.7411 3.3953 3.8225 
0.29517 0.59792 -3.2498 9.6804 -3.1466 -6.5688 0.58437 4.8089 2.3554 0.64598 
9.0497 -9.9057 6.274 3.8428 -8.8809 -6.2931 -2.093 7.969 -8.9555 4.3267 
6.8612 9.1072 0.46594 -4.1911 5.3814 -6.3989 6.4432 8.215 -4.777 9.723 
8.7002 7.5456 -6.2778 3.4099 -2.4376 1.4377 9.5973 -0.68927 4.4296 3.6408 
9.4683 7.4462 7.6091 1.481 -7.9674 0.95922 -3.5089 5.0191 8.5982 0.53214 
-2.5495 -0.1195 -8.8877 6.352 2.3339 -1.2724 -4.5184 2.2734 4.205 -6.7627 
-3.582 0.62203 0.74996 -4.9909 -5.0492 8.5598 2.3959 2.3856 2.9293 9.0559 
5.665 -9.3548 2.6293 -5.3261 9.6436 -4.2588 -8.0694 2.153 8.1062 3.3846 
-5.7556 5.0031 7.6095 -4.6094 8.2163 -0.1835 4.0897 -3.0668 -6.6973 -8.9624 
9.183 5.167 5.0832 -5.7138 -0.75519 -3.532 -9.0143 0.95172 9.0422 2.0987 
8.6047 1.6713 -2.5202 9.4337 -8.0646 -0.82394 1.8726 -7.357 -0.32044 4.3034 
-2.6854 -2.5977 6.9376 8.8796 6.1837 -9.7012 4.4053 5.3376 1.6652 -8.7948 
-3.1018 -0.16 -0.12891 7.8437 0.28891 6.3913 7.9741 3.074 4.5396 -1.0904 
3.8536 0.54365 -7.3622 -9.3224 6.1366 8.9306 -5.9192 0.9232 -6.4678 5.6158 
4.3321 -1.0255 -0.77972 -3.9981 -9.4773 -5.5404 2.7861 6.0875 9.6163 0.38453 
6.0069 -7.152 -7.6933 -3.143 3.1071 -0.68537 -9.1102 -7.6924 -4.5034 -6.6156 
1.8734 3.0549 -4.2466 -5.7169 -3.0096 -8.7661 9.8698 -7.3919 9.6375 -2.2751 
-8.0565 3.4934 -1.897 9.6828 7.9344 5.8748 -9.0117 5.6904 -2.693 6.6789 
1.1902 4.9953 -8.5983 -3.8746 7.0255 -0.33051 1.9697 7.1872 -0.89637 8.8726 
-9.1382 -3.8815 -2.1856 4.0697 -7.0705 7.8959 -4.0708 -7.0683 6.3678 1.9644 
5.1526 6.087 5.2989 -0.95395 -4.9646 6.0312 -9.7873 3.087 -0.903 -2.1512 
3.193 -4.0007 8.6968 8.8195 5.7125 -7.1198 5.7832 0.37226 -1.0239 -6.4204 
1.9892 -4.5183 8.7744 -2.4175 -0.91641 -3.3928 -2.1609 -9.8916 5.2977 8.6032 
-5.4601 -4.5903 -3.7979 7.7997 5.6196 -8.5751 -9.3223 3.9282 -5.7798 7.9388 
4.2743 5.2698 2.9539 -5.1145 5.9616 -8.4272 -7.6114 5.2808 6.454 -9.7849 
4.49 -3.6285 8.3834 -8.0746 -4.4372 7.0908 -8.7687 0.096553 -5.7643 -6.5552 
-3.1156 -2.8599 2.9215 -5.7301 7.2777 -3.6991 7.0432 8.2 2.6573 -6.2657 
-9.345 3.5096 -6.3309 -0.74409 9.9882 -6.2083 -3.2794 -6.9453 9.8053 5.5692 
6.8723 -9.3292 7.0001 6.2082 6.0738 2.9146 4.5426 -5.5564 9.7032 -5.1676 
5.406 -6.9995 9.5674 2.8158 -7.0222 4.1608 -2.9647 -9.8144 2.6692 5.7305 
0.19293 -1.569 -3.5017 1.171 1.1213 -1.355 -7.6895 6.2148 -5.0058 2.6085 
4.1393 -5.7421 -4.9118 3.5943 -4.2148 7.5187 -0.16671 8.6876 4.7576 5.1825 
5.8235 5.2014 1.3724 -3.4697 7.5551 7.9169 4.4175 -8.291 -9.9934 -4.1212 
-3.3866 2.8661 4.6589 -0.9201 5.2543 -6.9736 -6.2339 2.9681 -0.085298 -7.1074 
8.2735 6.7929 2.5863 3.3082 5.0678 -3.39 -4.2824 -7.8986 -5.0676 6.4115 
1.5341 -5.8441 -9.4498 -3.5216 8.986 0.24969 7.3224 2.7025 -9.0735 6.2257 
-4.2418 -1.233 -4.0843 -2.6214 1.4051 7.8758 6.5186 -4.1661 3.0657 -0.96443 
-4.6627 4.6424 -7.5811 3.8851 -7.9439 -9.9489 7.9063 7.6844 -7.6481 6.0111 
7.8036 -7.905 -7.126 -2.207 1.921 8.9739 -6.8358 -3.0533 8.4294 5.7599 
-2.678 -1.1087 4.6579 -1.4468 8.7028 -3.6573 3.1853 4.6713 -5.5912 6.0214 
-6.9997 -0.18895 -0.77762 -5.5626 9.271 -3.0344 -0.38638 9.9763 -4.8663 -8.0404 
8.9266 3.8885 0.67291 5.0498 3.1071 1.2882 2.38 -8.0819 -2.9038 -7.6168 
3.0167 8.6162 -4.2166 5.4983 7.0554 -3.1008 0.21399 -1.038 -6.3522 -5.3053 
9.6443 -6.897 6.8072 -1.2845 0.57041 0.38194 -9.6997 -4.4498 -0.84131 1.3911 
-6.1233 -8.9464 -6.83 -8.571 -7.1691 -3.2857 8.9049 4.36 -4.2467 6.2408 
6.5749 2.1735 -9.5414 3.2896 5.2019 -6.6559 -1.9567 -8.1288 -8.9692 5.3598 
-0.12396 -5.1412 1.9874 -1.3749 4.0024 -0.99974 -2.3109 -8.8475 -6.3939 8.7993 
1.8156 1.166 2.9691 8.5658 -4.3804 -5.0455 1.9954 4.6474 2.0925 -9.7548 
-9.1022 3.57 -0.22095 4.9289 -1.0067 5.8555 1.876 -5.2464 1.8746 5.006 
1.2892 -0.6699 9.8652 -2.8028 6.8923 9.1626 -9.5864 -5.1091 6.9206 1.7251 
2.6709 3.1681 0.26222 -2.4708 -2.9539 -0.48011 1.4925 4.0976 -1.5351 -0.96808 
-0.038005 6.167 -2.3417 -6.9321 9.2378 -6.5355 -8.2005 -5.3285 8.0864 -6.6228 
-8.8075 7.1288 0.92176 3.2831 -6.5494 3.9109 -3.6127 2.0566 -0.68127 -0.9287 
0.30326 4.2176 -8.5199 -6.4229 -2.215 -3.7439 -7.8165 -8.1607 -8.5956 2.2471 
-8.9361 -4.7333 6.6582 7.652 6.1563 -3.2379 8.2051 8.0382 -4.5919 -8.4492 
6.8726 -4.0779 -4.9219 -9.7568 -3.8432 -6.3969 1.9538 0.16166 -9.6701 9.4656 
1.8935 -6.2831 -6.5956 -8.8482 -8.4171 9.1525 6.891 2.5001 -0.96578 7.9393 
3.8204 1.9875 -0.57166 5.395 6.7501 -5.4121 -0.025926 3.4451 7.8286 -2.2311 
2.9445 5.5659 -5.3664 -9.0745 3.0601 4.9109 2.3346 -4.3828 7.8003 -7.7905 
2.4688 -8.0847 -3.9042 7.5264 8.9717 7.4943 -0.8811 -2.8967 6.7678 -9.2062 
9.0772 -1.8005 -0.044411 5.376 -5.6606 -8.0332 6.4785 -7.2653 -4.5125 -1.8614 
-6.4611 2.6249 6.8692 -8.0471 1.9207 -9.1218 3.8265 0.84227 -6.4908 7.4281 
-0.5019 5.3063 6.4761 -1.0889 -8.4185 8.3918 1.6569 -5.3367 -2.4918 -1.4756 
6.8481 0.31213 -8.8583 1.613 6.6263 8.428 -4.855 0.57366 -6.775 -2.7666 
-0.060731 -9.0642 -7.127 2.1378 4.7656 7.9138 6.8317 9.3553 3.1752 5.462 
5.2481 -1.1872 -4.8626 -5.8679 -2.782 -8.0464 -3.0705 -9.8376 -8.319 -7.6046 
-6.4025 5.6254 7.7909 -6.9292 -6.7443 7.805 -3.6018 -0.83203 0.97064 6.5347 
3.8324 9.8229 -5.0314 0.11826 7.1774 -6.0778 -5.101 4.7334 -6.4684 2.2277 
8.2885 6.9856 -2.5439 -0.32449 -9.3731 3.0341 -3.0197 7.7861 9.1724 -5.8805 
-6.7469 -8.8003 -3.8281 -7.5411 -0.20113 -5.6237 -6.5055 7.819 5.3769 8.2618 
-1.4381 5.3345 -1.4866 -4.0017 -5.6608 -8.314 5.6729 2.5635 0.5258 9.0865 
-9.163 4.4981 -7.4558 -7.2778 -4.7381 -0.77298 -8.4157 3.2815 8.7977 -8.3576 
-5.4851 5.0937 5.5414 -8.9501 -8.922 -8.6906 -2.461 5.1725 8.12 4.4987 
3.323 -5.9714 -5.8371 -2.3135 -9.688 -6.5 6.7274 2.8027 5.0585 3.4469 
7.4269 -3.5232 5.8192 4.7919 5.0955 -7.0025 7.7323 -0.33836 -8.2923 0.57309 
-3.1054 1.9416 7.0555 3.1176 2.4615 -6.4 -0.47654 -6.6562 9.749 2.1983 
-9.455 9.5423 -9.8984 9.1637 0.66697 6.2956 -0.060657 1.1604 4.4201 9.298 
8.1057 -0.97143 6.4654 0.10523 6.4785 4.9756 2.2404 3.0452 2.4226 -7.194 
-0.57876 -0.073892 -4.3298 2.7179 -4.8478 8.872 -2.6178 -6.933 -1.8335 -7.8524 
8.2093 9.4331 -7.8005 -3.0797 5.953 3.5999 4.8059 6.4376 -4.5801 5.4803 
-3.4404 5.2601 -1.6268 -5.0777 3.9613 -8.1837 8.8225 -0.50943 -6.1069 4.8203 
3.8221 9.5953 -6.791 9.0244 -9.7911 -7.9234 7.6503 -8.9418 -1.4705 -5.1256 
-9.651 -5.9434 -8.8893 -6.6921 9.013 5.3711 -3.2481 -8.1443 -5.4738 6.7353 
0.24694 -9.3666 5.3085 0.54978 -2.0098 -9.9682 -1.8548 -4.9429 2.5941 9.532 
-3.3637 -6.837 7.2169 9.9393 -9.2026 6.6515 -6.3013 -6.7299 -7.5619 -8.0202 
-3.2778 4.3941 5.8405 8.1864 -1.6305 -3.2181 -1.4334 -1.3266 -2.8741 5.4797 
9.0669 5.5456 -4.0565 3.0364 -2.7456 7.4699 -3.4418 -9.8288 -1.4262 -1.0506 
5.0101 2.8992 7.2722 -7.371 3.3669 -9.7511 1.5173 -7.9846 9.8709 1.9289 
-3.3215 -3.2387 4.645 4.4876 0.77303 -5.1295 4.3787 6.3709 7.7103 -8.7768 
2.6567 3.093 -8.7823 2.6664 8.1981 5.6448 8.0597 -2.153 -7.7992 -7.2242 
-1.6891 -9.0869 3.347 5.9505 6.4541 -5.8329 -5.224 -7.8371 -1.8429 4.3087 
1.53 7.3497 -8.5481 4.9636 -6.7887 3.9676 0.024846 9.0971 -7.2764 3.1192 
9.19 -7.9408 -8.06 -9.3158 -3.9296 -8.2468 -1.2243 -9.784 1.9441 -9.6194 
2.317 8.9394 0.32493 0.055815 -6.8433 6.5323 9.6386 -0.21162 -7.0806 0.45025 
-6.9884 -2.41 4.6372 -2.4824 -2.8187 -1.3618 3.073 -6.5182 0.63802 8.685 
6.7654 -7.3096 -4.3157 7.8646 -8.8136 -3.8284 -0.6548 8.4191 4.355 0.40373 
4.5233 -3.7424 9.6974 -6.3429 5.1563 6.7548 7.2519 -9.1749 -9.4636 9.2464 
-7.8231 7.9737 1.5889 -7.6836 9.9342 -0.86929 -0.38925 6.531 -3.8969 8.514 
-6.773 5.6158 8.7469 -1.953 3.9945 -8.3701 9.9039 5.3005 -3.3201 0.3886 
-4.0598 -6.1392 -5.2275 3.6248 -3.718 -7.8482 4.3308 -4.4714 -1.4433 9.8963 
-1.5284 -6.5212 6.8979 5.0078 -3.1811 9.6423 -3.392 6.9065 -3.4585 -4.8668 
0.56829 7.8663 -0.9637 4.3542 6.5862 2.2919 3.3143 2.8475 7.7992 6.2268 
-4.4981 5.4153 -8.7517 4.6583 -6.0384 -4.3855 -6.5448 4.4545 6.5842 1.7216 
6.5591 5.8423 -8.4845 -3.6901 -4.5306 -8.867 0.083311 -2.1709 -0.55991 -2.6133 
5.8557 -5.7288 5.7485 3.4101 -2.2666 -2.1341 -7.9619 -5.2237 2.8341 -4.6458 
-4.525 -6.1325 -7.8535 -7.7186 1.9935 -6.5045 0.57182 8.2834 -0.32871 -4.4089 
2.3139 2.9348 9.791 8.9842 -4.4455 -2.1897 -7.727 -1.2874 -2.1649 -3.8255 
-7.969 -7.7743 -0.013787 -0.43635 -9.944 -2.1231 -4.6507 3.8493 -7.2863 -2.2312 
3.3993 0.11825 4.8181 1.9073 6.0292 -6.2448 7.9136 -8.7196 -4.9828 -4.0013 
-3.0521 3.6984 -2.9457 2.0096 -9.8499 -2.8544 5.0544 7.2213 -2.422 -6.6444 
3.3899 -6.8594 -8.5379 -2.0747 -5.9855 -4.0386 -6.6689 7.8737 -4.9223 9.2692 
-4.094 -2.5325 6.4721 -8.3004 0.66533 -8.0001 -6.7033 9.2918 8.5226 2.0439 
3.6086 6.1674 -5.1612 -4.7699 -5.8633 1.1875 -2.8179 5.6702 -7.2714 -5.6316 
-2.1245 8.1864 -8.8702 -4.6988 9.2603 -6.4419 8.0784 -6.219 -6.905 6.0452 
-2.1636 -6.7862 -8.8299 0.077794 0.11982 -7.3011 -8.1408 -6.4406 6.0452 3.5531 
-5.8607 4.759 4.1825 -5.7414 -8.9395 -5.9324 9.7369 -4.1504 0.24493 7.2492 
4.4904 1.1139 -1.4525 -2.9196 8.8996 -9.7713 7.1589 -3.8822 4.0595 6.134 
6.3861 -6.2429 3.9631 -6.1042 -3.8926 7.0921 -5.2737 -9.7518 5.8537 -9.3719 
8.5294 3.8003 6.8069 0.18806 -0.21737 2.1677 9.0489 7.6795 3.3665 8.7402 
0.2824 -4.0037 -2.4593 3.7758 1.2849 -9.324 5.9869 5.6924 -6.8465 4.0974 
-6.1371 2.6454 0.65656 -0.94691 8.0313 -8.3673 -1.9507 -2.4342 5.0947 -0.71615 
2.058 -5.2843 4.9383 9.3192 4.0472 6.4908 -6.2254 2.7332 8.1042 -3.2401 
-6.0364 -0.21314 -2.0067 5.237 2.206 3.8978 4.4628 6.1666 0.036887 -3.3785 
-1.7921 5.1653 5.3146 -9.7328 -9.3977 -8.138 -9.5581 -8.6812 -7.2197 3.8403 
7.0615 2.4041 -0.65437 8.0336 1.1074 -6.8721 -9.8081 7.4337 -3.9755 -3.5614 
-1.4184 -5.0445 7.6441 0.27892 0.67717 6.1919 -2.9493 8.9984 1.1137 -6.1469 
8.5132 3.0642 -4.4985 2.5423 5.7456 5.5587 8.3319 -7.3856 -3.4624 4.4291 
-2.5384 -3.3843 4.2715 4.4029 -6.1916 -6.0152 0.69413 2.2057 2.5701 8.6925 
3.9649 -7.6159 -7.3354 -9.5072 0.059514 4.6253 8.4306 -7.0746 -7.2536 2.0786 
1.7725 3.1371 -3.1339 3.3961 5.1696 6.7227 -6.0657 8.1675 5.8756 2.5532 
-7.9827 8.9464 0.43343 5.2303 -8.9205 8.9589 -6.0341 3.2719 -4.4111 7.4685 
-1.7521 6.8231 -3.3851 -7.4669 -4.3224 -5.4902 -6.5915 -8.2618 -4.6636 -5.9083 
8.4942 -7.0722 3.8954 3.6827 -1.0601 2.1843 -2.6438 -8.5235 -2.2411 -4.9983 
-8.889 3.7499 7.1813 4.1747 3.8574 -9.2343 -6.9652 8.0285 4.5564 -0.17171 
-2.319 3.2843 8.2709 4.5097 -7.7957 0.64681 8.6569 -6.0315 -3.2386 -2.0994 
-5.1872 0.20978 7.4084 6.6505 8.9733 -0.28028 0.65714 -5.6054 7.9179 7.4022 
-5.4438 -1.3056 5.4078 2.0072 -7.6323 -0.33706 0.36808 3.5996 -4.4387 -8.8634 
-2.8576 -2.3282 4.9456 9.5124 -2.1668 -9.8821 -2.3606 0.71166 0.0664 -4.2616 
8.4821 6.8459 4.0839 8.1103 -3.0686 -8.5997 0.97353 -1.6877 8.8949 6.6036 
0.049967 -4.9833 1.9714 -8.785 -4.2061 1.3662 -0.78536 -8.3987 -0.59817 4.0579 
6.0648 -4.1704 3.5847 5.056 2.2826 9.3395 -8.9796 -0.28943 9.0917 -5.1908 
-2.9946 1.2194 -4.0061 0.097347 5.245 5.3645 -3.6538 -2.4683 -1.48 7.6648 
-0.82635 2.5333 0.80883 -6.3865 -4.8183 9.5211 -2.9592 -4.9365 6.6175 1.9414 
9.0219 -1.0056 8.5319 -9.5771 -1.9681 -5.2735 -0.19427 3.724 4.9837 8.9313 
-7.3403 7.2885 4.109 9.4487 8.2531 -3.0866 1.799 -6.9255 -7.3926 6.1043 
-8.5939 9.0791 5.4251 -8.7009 -8.8833 7.1056 7.5846 8.4774 -3.937 -0.98355 
4.1216 6.3305 1.5318 3.7077 8.4645 -8.6149 -3.4098 2.4151 6.0229 -9.4233 
8.6341 4.4013 9.2576 8.3049 -8.9576 1.1036 2.2052 5.8009 -6.442 -3.0746 
-7.822 -7.5592 -9.3859 4.6574 5.2155 3.4389 5.7391 -8.6937 -9.1229 3.9578 
3.0339 -8.3409 0.57059 6.7857 0.65699 -0.10519 7.6222 -6.8039 -8.6383 -2.2443 
-7.0788 6.7825 -4.6443 6.0187 -9.7898 3.0801 -3.6753 8.4344 -4.2881 -7.6703 
3.8793 -2.989 -6.1404 -7.878 8.0295 -5.9172 -8.4898 5.1412 9.5672 4.2577 
2.5123 8.1127 -6.5226 4.2995 -8.6935 -6.3113 -4.8078 -4.4258 -0.74102 -2.1753 
-9.1255 1.5578 -6.3213 9.5362 -3.8682 7.1867 -7.5344 8.3275 7.8213 -0.67388 
5.9585 -8.9783 -4.0829 -8.1777 8.1262 -9.5392 9.684 -9.3732 -3.2734 -1.2866 
9.7242 -5.6869 -2.4488 6.5938 -9.2021 -5.3999 3.2108 0.88036 -5.7744 8.9964 
-1.2651 -7.0663 2.6853 -4.4039 3.7219 5.5646 4.7715 5.0011 -0.9602 -4.7863 
-3.105 -1.674 -2.3998 -9.0178 -4.6277 -1.0171 -5.5773 -0.23665 8.9416 -1.5634 
-9.0239 7.5512 -0.72172 0.88442 -6.4768 0.43563 0.6124 -2.0468 7.0386 -3.8647 
-5.4959 -8.1408 5.1144 5.8979 4.2139 5.1447 -4.4618 -8.9234 -2.0186 0.11066 
1.6203 8.5969 -4.8881 0.81863 -2.1982 2.9565 6.4268 -3.6097 -0.87114 -7.0391 
2.0275 8.7168 3.6316 -5.8065 -2.1215 5.0121 -8.2035 8.2935 1.8893 7.2099 
-4.9496 -4.6928 -9.1873 -4.0015 0.9881 3.3569 -4.6848 1.6547 9.89 3.7608 
3.0868 -9.2864 -0.91829 1.9076 -0.16068 -1.665 -6.911 -0.54447 6.756 2.1498 
-8.7981 -0.67066 5.9403 3.5466 1.5531 -7.6555 9.7776 -3.6403 -1.6997 6.854 
8.8101 1.6876 1.3153 1.9354 -0.40012 -3.7095 2.4233 8.1609 3.9021 4.7522 
-8.1494 4.5349 2.1486 -3.6985 -7.4494 -7.439 -1.0538 8.2562 -5.4272 7.3133 
-3.3204 -3.3301 5.0371 7.6048 6.312 4.0764 -7.6296 0.98552 -7.5818 -0.4255 
3.021 -8.7264 3.486 9.3637 -9.3801 3.6855 -0.90591 6.9226 9.4688 -6.0941 
0.078216 7.8327 4.6329 8.4101 -5.2513 -9.1987 3.1695 -4.3874 -2.888 -2.8516 
0.6185 6.5793 -2.7609 -2.9555 -5.0152 7.4697 8.3928 -5.0638 -2.7421 7.9583 
-2.4175 -2.541 7.9058 -7.4923 7.9426 3.0081 -8.5439 5.6957 0.13938 -5.4399 
5.3781 5.3093 9.4349 -5.1781 -0.015063 9.5216 4.6535 2.0322 6.6676 7.0714 
-4.3498 -1.252 -9.7743 -0.35256 -2.9441 -5.6926 4.3642 -5.2042 1.457 -9.6147 
2.9855 0.36543 0.90671 8.3586 8.3752 -5.5006 1.4888 -1.6364 0.35612 -3.1799 
8.4437 1.2038 4.1785 -4.4478 -0.15415 2.399 -8.9364 -6.9097 6.2575 0.75084 
-3.3866 -5.0899 8.5793 2.677 0.01978 -2.0432 4.976 -6.6415 -5.6264 -4.3572 
6.2688 -7.4339 -9.3184 1.8137 -0.22894 0.75322 0.48907 3.518 -8.9434 2.1476 
5.7527 2.2097 8.3011 -1.3003 3.6279 -2.2972 -8.8681 7.9621 5.2681 -9.6182 
-7.5136 2.2714 1.5615 6.6392 -5.4192 -4.8022 3.5505 1.4736 -1.855 -9.2897 
-6.8522 -5.3014 -7.1912 -7.6473 1.8048 3.5923 -9.0017 8.9056 1.5459 -7.9442 
-1.7 7.1522 -3.8208 -0.66669 0.59345 4.4356 2.3567 0.59774 -7.6358 -1.2854 
3.7467 -7.6939 -5.0416 -3.4537 0.97732 -4.4412 -8.8508 -5.1167 4.8418 -2.0558 
3.1541 7.6503 -9.0541 -6.0386 0.28446 -9.6065 0.96759 -4.3371 3.9067 5.4303 
3.5995 -2.2218 -6.0277 6.1746 2.4145 3.6576 1.3996 8.4426 1.3998 -3.2082 
-9.8123 -4.0036 -4.0371 6.8159 3.8956 -1.4007 -9.0727 0.79876 -5.1103 3.1855 
-7.4278 5.0583 9.7914 4.9399 7.5881 -3.1568 2.2416 0.04446 7.684 -1.2326 
5.2781 -4.6966 9.468 5.8109 -1.8908 -7.9195 1.7319 -1.8026 -8.8064 -8.1786 
6.8383 0.51097 0.0037231 8.6251 2.1378 -5.4376 -7.6108 2.8163 -3.6529 9.9026 
4.939 -5.4153 1.7907 6.0024 -5.1389 -7.9264 4.3162 4.1397 9.7496 -8.56 
8.8905 -8.8723 4.646 4.5237 0.10031 0.50501 -5.3279 -5.2374 -0.81298 -7.3303 
8.3943 6.5556 9.9101 2.5658 7.129 -9.8813 4.946 8.6803 -3.8716 -0.60112 
-5.5385 -7.6837 9.0402 -9.4406 -8.8529 -5.7859 -1.5449 -5.3106 -0.1234 0.34094 
0.19534 0.83846 -9.9077 -2.2171 3.7697 -3.0903 2.6111 -4.7959 -1.0771 5.1418 
5.7548 2.4937 7.8057 -6.7529 -5.0435 -9.2981 -2.5783 1.1023 2.371 -3.02 
0.44904 -9.9925 -5.1223 -4.1042 -7.4909 9.1868 3.2642 -4.6004 6.4928 3.0383 
2.3478 -6.7277 -8.2624 3.3928 -7.9856 3.7241 0.30886 -6.8257 -4.8868 8.9406 
1.1648 -9.8097 7.9506 7.6058 1.422 2.5717 3.2383 -4.8044 4.6564 -2.2854 
4.6198 5.06 7.9814 -8.6063 4.2176 0.59116 6.4082 6.9938 -8.3743 6.1994 
-8.732 4.0742 -4.7967 -7.3272 1.2514 -1.6094 4.8758 -7.4776 2.2412 8.3494 
-0.14427 -2.8732 4.913 1.0986 -8.2017 3.4197 4.6677 5.5127 -3.6778 -9.2115 
-5.4015 3.4082 -2.0324 7.9662 -5.1716 -4.3335 3.499 -9.4907 -0.45009 -8.9139 
-3.2522 -8.1801 3.7613 -9.7787 2.7093 -8.8855 -9.5332 2.3697 -1.1271 8.1521 
1.0328 6.4531 -9.9532 -0.12307 8.9724 -7.411 7.7047 -4.567 1.2451 9.8704 
4.8737 -1.5356 6.8088 -0.88776 4.0785 3.1729 0.47799 -9.4749 -6.6538 4.0484 
-1.7539 -7.9682 5.8335 7.0664 -1.907 -3.0377 -3.7928 -1.8567 2.3248 -7.193 
0.15237 -8.0482 -4.5158 2.9174 -6.9588 5.0917 -6.8043 4.1038 9.2038 0.27916 
-7.4206 -7.8729 6.9501 -3.849 -6.9484 -4.1061 -7.4581 8.6319 -5.5543 1.2358 
-5.7033 2.374 -3.9635 -8.846 3.1121 -5.8017 -2.088 -8.806 -1.7035 -3.8852 
-4.1434 -5.9803 -7.1525 -7.5201 -9.2946 -4.0948 -8.7471 -8.566 4.237 0.60181 
-1.0007 -1.536 3.9405 8.8315 -2.1897 0.82115 -2.8301 -5.2524 8.8163 -6.9294 
-5.1944 6.1804 -5.8543 7.4133 3.697 -0.29821 -1.6013 -7.5554 -4.0947 -8.2811 
-4.7347 -3.4217 -6.254 -1.5749 9.0606 -8.8401 -6.0969 -8.5287 2.2481 5.3237 
7.8317 -4.533 -2.5415 -9.2538 -1.5689 -0.29157 -4.0249 -6.4096 3.7811 8.3171 
1.7228 6.3766 4.2985 5.5621 -5.0222 -2.8526 3.5248 7.4634 1.1975 -6.9842 
8.7735 -5.8707 -1.5095 -3.5724 7.7917 -7.4963 3.1641 7.0189 -4.119 4.4498 
2.3616 3.0913 -4.0234 2.6144 -5.7131 4.5465 4.6602 7.1116 1.0359 -9.9448 
-4.9856 1.5203 3.5519 4.1687 2.4265 -6.3636 1.5505 1.0088 -4.3289 -4.4029 
-7.9493 1.2743 -3.2982 7.7881 -2.6671 1.1454 1.6219 -1.3624 6.3365 -9.4299 
0.92728 -3.7065 8.9627 -1.3521 8.6623 -5.7015 2.3396 7.828 8.3117 2.2872 
-1.1471 -7.0867 -7.706 9.2668 5.5809 6.3031 -4.6508 -8.2999 -8.9713 -3.8382 
3.8301 -7.3957 8.2663 0.93254 0.41231 7.8217 2.5606 2.3132 7.0142 -0.11976 
5.1888 6.8533 8.4387 3.7215 6.3374 1.4963 3.071 -2.7857 -8.4884 -6.0325 
-2.0116 -0.50777 -9.7242 0.20639 3.0553 -1.2784 7.0055 4.0562 4.4258 9.4073 
1.3483 -5.3661 -9.3277 -8.7869 8.3466 2.8367 -9.8635 3.4206 6.6528 9.4123 
-5.8883 5.6208 0.62765 -3.5753 7.7152 -2.7571 3.2275 9.9258 3.8613 -9.9522 
8.8706 3.6485 4.7531 -3.201 -1.6312 8.6352 9.3424 -5.9391 -1.7896 -7.7458 
0.25613 -6.7756 3.8692 1.3917 7.3606 -5.0856 -0.87075 -0.28218 -9.4425 -8.0708 
-4.4751 -7.1761 0.92671 -5.5645 -7.8274 9.1071 -5.0394 -8.6763 4.718 6.6495 
-5.4172 3.3749 -3.4986 0.31786 -9.7442 -1.163 -7.2578 -6.8392 -8.2609 -3.0749 
9.0586 3.1747 1.5773 7.9085 4.0813 0.2349 1.1427 7.0644 -9.6784 -5.289 
3.7884 2.8761 7.9472 -5.5958 -8.0799 5.1307 -3.5852 -9.6126 -3.9851 -4.8905 
4.1575 -6.2642 7.803 -1.0662 7.6677 -6.1705 7.3134 -6.3649 -6.922 9.7672 
3.1384 6.442 -3.9231 -0.26134 5.5407 7.7121 4.3406 1.3316 -3.1407 3.8182 
5.5793 2.2749 -4.7125 6.1943 3.6801 -1.8838 -9.6722 -2.9204 6.3077 -6.3637 
1.6094 8.6444 3.3527 9.929 -1.5732 -8.784 2.629 8.2384 7.5091 9.1139 
0.064603 3.2283 -3.8411 -1.6664 9.0697 1.8899 -1.9974 6.301 5.9056 9.753 
7.5746 -5.0159 2.6902 -8.92 -0.24727 -3.9765 -4.7353 0.22779 -4.8913 -3.1429 
-2.141 -9.0662 1.2062 7.8576 5.7679 2.2347 -5.4282 -2.606 9.8555 0.59091 
-5.1473 -9.2572 -8.0059 8.1146 -0.41882 4.0973 -0.37721 -0.80406 -7.4282 -0.94796 
-4.3675 4.3654 -2.3715 -7.5104 -1.7303 8.5625 -3.0856 6.7871 -2.7016 -3.1808 
8.0954 -5.1316 1.3523 -5.7803 -7.4989 -8.8694 -4.3299 -7.9699 -7.026 4.9547 
4.0535 -7.0865 -8.9966 0.78275 -1.8749 3.3926 -1.9137 -5.9252 -4.3194 -7.7712 
7.0611 -9.1209 -0.40039 0.15922 2.3584 -0.77829 8.4904 -2.4344 -3.0753 -4.3448 
-2.4263 6.1766 -9.5341 1.0119 2.007 9.2574 -6.8067 -4.7102 -1.4795 -0.42855 
2.6604 6.8145 -1.2044 -9.6248 8.2615 -8.2573 -7.3002 -9.1939 7.0291 1.1084 
-9.3689 -5.4097 -5.153 5.1236 6.1019 6.0985 -4.7833 -1.1068 4.7466 -1.9087 
8.4007 4.9568 6.2287 -1.1851 -3.3723 -5.6433 8.2948 3.038 -8.4769 -1.2829 
-0.60506 -4.3611 -1.2137 -2.9974 1.7263 -4.942 1.5824 8.4292 -4.3462 5.3002 
0.39806 -3.235 7.7561 7.6774 3.3777 -7.5029 -9.1101 -3.3854 4.1754 -4.8511 
5.3262 -3.4159 -7.9133 9.1973 -8.5151 -2.0681 -5.1222 2.8151 -4.7465 5.362 
-3.2757 -8.6673 8.7381 1.6021 1.703 6.1084 4.6727 4.1026 6.4352 6.5225 
2.5197 -8.4569 -2.53 0.23979 -0.24985 -9.5045 0.032873 9.7121 2.8558 3.9438 
-3.462 -0.10337 -6.7697 -3.7027 -5.5217 6.1173 4.6731 0.1611 -0.36995 8.3043 
-3.7779 -2.4781 -9.7041 -3.5147 8.2456 -2.1454 -9.1521 -4.1966 -0.53663 -0.63826 
2.9216 -1.6683 -2.673 -8.5572 -9.4757 9.3413 -1.9701 -6.26 7.3575 3.6896 
-1.3262 2.3937 -1.4013 -1.3103 -1.9505 8.9099 -3.0623 5.7608 0.29121 4.0493 
-7.9423 3.2706 -1.4689 1.8752 8.1022 9.5325 -3.9167 -1.269 -7.2476 8.5695 
-5.277 2.7102 -9.6575 -3.0899 -6.9798 -6.1292 5.033 -8.8721 -8.7281 -6.5203 
9.4357 -3.196 -3.8492 -0.059776 -3.3366 4.4194 7.5695 8.3602 -3.9361 9.3858 
3.9779 4.8951 -4.5945 -1.7912 -1.2293 -4.7112 -1.8838 -7.9347 2.1345 5.6517 
3.189 3.9101 7.3445 -4.4377 -9.5123 1.3255 -3.1013 3.2636 -5.0861 -1.5235 
-3.4781 1.7315 4.3611 6.8703 -5.8827 -6.5118 -4.0481 -5.5389 6.4018 -3.0997 
-9.6036 7.6548 -5.401 -8.9831 9.5971 -0.9621 4.2804 0.30793 -8.1775 1.3346 
1.4095 9.1442 -3.7219 4.655 -7.7615 -0.024753 -4.9801 -6.9459 -7.985 -3.9041 
-9.2733 7.2016 9.5801 9.009 0.87637 -1.785 -1.1707 -5.0948 -5.6298 -3.2699 
-4.7051 -3.5928 8.831 -3.5164 1.1725 6.6736 3.0997 -6.455 9.9794 3.9439 
-6.1868 3.2718 5.4605 7.3137 1.3057 1.7402 -0.90781 -8.518 -2.7461 -0.56661 
-1.014 8.1127 6.6228 -3.6406 8.0933 -0.94119 -6.229 5.9909 -3.2531 -3.8295 
5.3731 3.7082 -8.8849 -5.1507 -2.7021 -4.916 2.4342 -2.1141 4.0944 -6.9724 
2.5587 9.9825 -7.1544 -5.2711 8.5306 -1.4396 -0.66036 -7.0601 -9.5929 -5.8658 
-3.706 -0.012119 0.085752 -2.8868 -1.6561 -9.0951 -3.0265 7.3831 9.8405 -7.3728 
-4.1591 -4.542 3.4858 -6.3135 5.1335 -5.8093 4.0931 -7.573 4.1729 1.046 
-8.4352 3.8682 -6.483 1.2861 9.7593 -5.2788 -7.9357 8.4377 4.4916 8.3632 
-6.5611 9.9003 -2.1968 6.8668 -1.3695 -9.3613 -6.1984 0.85518 -2.7349 -5.3997 
4.4256 -5.7924 8.3694 -1.0299 1.9514 -4.5024 -6.5681 -9.482 9.1999 9.4218 
-8.211 -1.6854 9.2464 0.31689 -7.3705 -0.56398 7.7316 -8.5542 0.57738 4.0465 
8.3562 -6.7598 5.2015 4.4119 9.5327 -6.6506 -7.764 -7.505 2.1083 8.0794 
-1.4065 -5.0056 -8.54 4.3772 8.3886 9.391 0.4367 3.0908 2.7079 -2.8135 
-8.4055 -2.1258 -1.5398 -8.8869 -9.7349 -3.6492 -0.055411 1.8659 5.066 -9.9183 
1.4429 -3.1967 -6.4415 -1.9735 2.5105 -1.2571 6.7596 -4.2648 8.3195 9.2852 
6.6354 8.5705 -4.7995 7.8237 9.1892 4.4494 0.64398 -7.6603 -2.9434 -5.1436 
-3.0526 -0.94552 -1.6656 1.0206 7.9549 3.2235 -5.5092 -0.31716 -5.5098 4.7359 
5.5978 0.53133 -5.3479 -2.0089 5.6043 -4.5549 -9.4922 8.1704 6.6011 -2.5375 
4.1668 0.023083 -6.5786 9.718 -1.4562 0.2262 0.66438 -8.2917 -1.3834 -5.9708 
1.8188 6.2065 -1.3067 5.5689 4.2875 9.6056 2.7302 -8.4276 -2.8096 -6.1239 
-2.4601 6.0968 -5.4993 9.0232 -8.4966 -6.3063 -0.39275 -8.3437 1.3052 -0.26688 
-2.1235 -7.6436 8.9481 2.1207 1.9604 -7.1908 2.3412 -0.94359 -4.4197 5.3448 
-1.4338 2.367 -2.4497 -5.1553 2.6381 7.9939 3.0645 0.93263 8.0694 4.8655 
-1.5395 5.4546 -2.8136 1.4334 -2.3602 -5.8585 0.99657 -6.6205 -8.6696 6.8309 
-5.6215 -4.3032 9.8232 4.3168 -0.031932 -8.5218 2.2513 -8.7121 -0.92698 -5.1528 
-0.064707 -4.6176 -3.4818 1.1037 -2.0217 5.7255 1.6688 -5.4201 -3.4027 -8.3929 
-9.2026 -0.67767 7.8465 -2.2193 -9.975 7.5015 6.5804 -8.2076 4.5341 8.484 
1.2963 -2.575 -2.6009 4.1066 4.8701 0.79251 0.41681 -4.2095 9.063 3.4248 
-9.0171 -0.41519 -9.9519 5.5763 -2.5793 0.96013 3.2463 -4.9993 0.014495 -8.244 
7.4456 -1.2358 5.2187 -3.5094 3.8382 4.0469 4.5182 7.6689 -0.76103 -8.6701 
7.2005 -4.8955 -1.4667 9.0023 -6.9299 7.2554 -8.0646 -5.3173 9.0472 -4.0905 
-3.2348 -7.1772 -7.3962 -9.517 -7.8024 7.3829 -9.4405 -0.50996 -0.18882 1.1534 
9.4806 -4.6766 7.0399 -3.3939 -8.9685 -5.0607 0.027091 -4.1594 -1.261 9.078 
9.0955 -3.0303 -0.58926 -4.0161 0.60934 -5.4924 -2.059 4.7543 -0.38608 -9.3742 
9.7724 -4.9496 -9.7402 4.2816 -7.0777 -7.619 -0.25899 3.485 5.0208 -1.6207 
-6.8456 -9.6456 8.7799 -1.761 -2.7432 -6.8014 -0.64777 -3.8239 0.93755 -6.1942 
-9.9416 -0.98505 -2.4527 8.2602 6.9591 8.0583 -1.547 -3.3598 6.0106 -6.3142 
-5.0364 8.0916 7.3456 2.7489 -7.2902 -5.9509 7.4635 -7.5756 -9.2241 -7.5736 
-3.0742 3.1413 7.4573 -1.1498 -5.8786 3.4086 4.808 6.2737 7.1536 -7.9419 
-5.3332 -7.1314 -9.5667 -0.90807 -5.7323 6.5857 7.7538 -1.0806 0.78581 -1.1918 
5.1178 -4.8301 7.4783 7.521 -5.0685 -4.1496 1.1215 7.0319 -3.7099 -8.7813 
-5.4814 5.8253 7.4061 -2.4254 1.3621 7.6961 1.3748 -1.2409 -3.5392 -2.0135 
-1.0311 4.5476 -7.8562 4.1366 6.9161 2.4146 -2.9136 -3.0162 -7.9622 4.1175 
-4.8111 6.4624 9.1848 -6.8809 1.1299 -0.42532 6.6658 -8.5109 -0.30572 0.57983 
-3.0841 8.7261 -1.7064 8.3792 -5.0689 2.5421 4.666 -6.6325 4.0601 -4.7973 
8.0591 -6.1766 8.3431 -7.0553 -5.9347 -0.07118 -6.3873 3.0759 -7.933 -2.238 
-9.746 0.53887 0.7157 -3.4172 1.759 5.5681 -7.2699 8.9277 -7.119 3.1223 
-7.3555 -4.3878 -5.0293 -3.2224 0.74354 9.3034 3.1124 8.8731 9.4278 -6.5349 
-2.2387 -1.8323 5.6379 8.3475 -7.2065 6.2941 4.6445 1.6762 -8.5478 -8.1108 
6.8124 -5.2029 2.0177 -5.1532 -9.0769 -1.2908 0.63521 -2.4164 -4.1703 -7.5172 
-5.7347 -2.8489 -5.9273 5.3784 -0.32918 -4.2533 -0.9836 0.2888 7.9934 -3.0649 
8.7047 -6.7136 -2.4742 -7.5357 3.64 5.9181 2.2187 5.4781 -2.093 -6.559 
9.396 -9.9494 -8.6927 3.007 -8.5478 -9.1739 3.4396 -9.0886 9.2712 6.6361 
-2.4948 -1.8668 9.7496 -2.6308 9.0469 -6.4572 -1.2115 3.3864 -4.5297 1.2178 
9.6973 -4.4076 0.32662 9.2459 -4.4093 -2.2671 -0.60956 -2.4355 8.3078 -2.0793 
-7.5583 -6.4545 8.9152 -2.4197 3.9511 6.5558 9.047 -9.9763 4.9973 -9.4053 
5.2191 1.7132 -5.6605 1.7571 -7.2129 4.7489 2.3013 4.4228 -3.578 -1.0011 
1.5872 4.4304 3.7348 -1.4977 8.7079 2.6036 3.9262 -1.2164 -5.0472 9.4053 
2.4231 4.4252 -0.67046 -9.4104 4.4967 -7.1871 4.8229 7.7569 1.4341 7.9876 
-0.20192 0.17172 -4.8833 -4.6536 4.9558 8.5698 -1.1512 1.3441 -5.474 9.2163 
-5.591 -3.4815 6.7367 -3.0025 -1.7868 0.39441 -1.0592 7.864 5.5013 -3.9987 
-7.1173 -0.90324 -4.1738 6.609 -4.5578 2.8767 -5.5526 0.42155 5.8604 9.9734 
2.7035 -4.0624 -7.6787 -2.4625 -4.3996 9.0544 3.8529 2.8614 -9.4463 -6.3354 
6.0483 3.6605 -2.3494 8.6166 6.6594 6.4022 6.6319 -7.9938 6.7518 -9.4032 
3.3929 8.4946 -5.7449 0.69128 -5.8684 -4.5024 1.4391 -1.4529 -4.3719 4.6072 
-0.56794 -4.1651 0.1713 4.3517 -2.2866 -7.0941 7.9336 -9.4108 3.8704 -6.8052 
8.8896 -0.48012 0.40097 -1.7325 8.8044 6.6699 -3.2037 4.2163 -1.0739 -3.066 
1.8296 -2.1691 8.3803 -0.20824 9.7021 1.4111 -0.59442 3.4657 7.779 -1.5251 
-5.465 -3.6221 8.9038 1.1973 -2.5925 -1.6287 -6.1188 6.8187 -1.5889 9.4114 
3.6769 -1.9963 9.0058 0.64047 -9.8438 7.4445 3.3846 7.483 4.9593 3.8971 
-3.5871 7.5519 -0.071085 0.0090805 -7.3837 -9.6981 -4.699 2.5941 -7.4333 2.518 
4.9784 9.0632 1.5289 -9.0886 2.3288 6.5129 -4.796 -2.9096 0.64939 -3.1807 
9.9629 -9.9123 9.8023 6.8404 -4.1285 -5.8788 -1.4839 2.1954 4.5412 -2.0049 
-4.6053 2.0286 1.3791 6.1129 6.2255 -7.0661 -3.351 8.8109 6.5928 1.2234 
8.6374 5.7116 2.2804 -8.9475 -6.1059 -1.7508 -5.5504 0.57463 0.25927 4.0535 
3.9277 2.7701 -6.9997 7.8482 3.8618 6.8289 9.9166 -4.7381 -4.3285 -6.9893 
-8.0948 -7.6597 -3.8586 5.0268 4.2388 6.3902 6.4431 -0.71589 7.6682 1.1255 
-5.0826 4.2103 4.5232 8.3343 3.5995 9.8626 -2.4538 6.2858 7.0251 -8.5054 
8.6932 -8.045 1.2822 -9.1461 2.9175 3.4603 -0.7507 0.33188 4.4064 1.4437 
-0.40432 1.6953 -7.0853 0.23973 7.6676 -8.1223 -9.6105 -0.98089 2.3159 -4.4085 
7.6506 6.9513 1.0313 1.9103 -9.0209 -6.7586 -3.6871 -6.2899 -2.1696 -4.9812 
5.5859 -5.3855 2.5046 -9.2757 -9.4274 7.7634 -9.0685 -6.0503 7.8529 3.1899 
-9.6343 -6.0802 3.6702 -8.1341 -9.6252 -8.3551 6.3233 -0.50773 1.2783 -5.5378 
