-0.46178
-1.0707
-0.52698
-0.096909
0.05879
0.53019
-0.73448
-0.38333
-0.32585
0.94492
-0.12388
-0.83372
-0.53447
0.19997
0.69974
-0.76293
0.39707
-0.013207
-0.77212
-0.59654
0.10668
0.3608
0.54393
0.93754
0.33092
1.0362
0.53981
-0.42124
-1.148
-0.81836
-0.53474
-1.0415
0.3483
-0.29319
-0.87417
0.99317
1.2879
-1.0536
-0.63479
-0.18114
-0.089155
-0.79751
0.27715
-0.63693
0.34561
0.34683
0.52442
0.71388
-1.0783
-0.27077
0.93701
0.76823
0.93072
-0.61819
-0.89968
-0.52198
-0.56754
0.049545
0.22919
-0.7293
-0.024067
0.73945
-0.036142
0.762
0.71581
0.67538
0.91841
0.9727
-0.50387
-0.6279
-0.051213
0.085432
-0.59048
-0.67871
-0.28158
-0.054223
-0.89307
-0.76065
-0.6667
-0.78367
-0.77062
0.89502
0.2949
-0.23054
0.59986
0.82442
0.88613
0.84093
-0.90398
0.087293
1.1932
-0.31838
-0.067197
0.69942
0.22006
1.1654
-0.1643
-1.084
-0.50235
-0.55637
-1.0058
-0.46832
0.64821
0.1308
-0.91364
-0.72603
0.28348
0.65242
-0.078715
-0.22972
0.10556
0.88263
-1.1239
0.975
0.24996
0.59028
0.31722
-0.96455
-0.84354
0.02992
-0.14489
-1.1403
-0.88333
0.27229
-0.59735
0.74839
-0.72598
0.0040373
0.71265
0.52779
-0.45458
0.010815
0.9528
-1.132
-0.42314
0.79132
0.53277
-0.79064
-0.72533
-0.73033
0.00061572
-0.77919
-0.96963
0.074545
-0.87127
-0.73343
-1.1088
0.58994
0.74356
-0.28682
1.0927
-0.14411
0.90579
0.53793
-0.61178
-0.15867
-0.50084
-0.5686
-0.0096701
0.91495
0.071832
0.25624
0.828
-1.0042
1.0299
0.75136
-0.88479
0.58109
1.0716
0.8461
-0.68786
0.62842
1.0157
-1.106
-0.20709
-0.51285
0.87011
0.86862
0.63196
0.42276
-0.91881
0.25507
-0.8683
0.8807
0.21133
-0.071268
0.81379
0.3965
-0.93161
-0.32626
1.0257
-0.013348
-1.0724
0.24681
0.14708
0.23201
0.49959
0.43467
0.20996
-0.62583
-0.89811
0.50324
-0.96261
-0.93573
-0.19659
0.3947
0.45285
-0.41224
-0.67809
-0.36462
0.6045
-0.82559
1.0944
-0.54398
-1.0081
1.0017
-0.74605
-0.99857
0.0071235
0.30995
-0.57124
-0.99893
-1.0497
-0.48443
0.092075
-0.80285
-0.48636
0.071679
0.84148
0.63602
-0.88719
1.0909
0.81332
0.6108
-0.85854
1.015
-0.18893
0.81075
1.0653
-0.032633
-0.71923
-0.89326
0.90261
0.55251
0.97833
-0.99856
-0.66754
0.49399
-0.94745
0.52024
-0.28042
-0.73437
-0.94275
0.46778
0.9271
0.019847
0.98274
0.95194
0.47473
0.57596
1.2274
-0.24573
-1.0813
-0.50878
1.0124
1.0567
0.82204
0.76974
-0.50409
0.8698
-0.42524
-0.068076
-0.046147
0.75801
-0.28571
0.9241
0.47885
-0.32174
1.0122
0.80956
-0.72766
-0.064422
0.95807
-0.11606
0.18987
-0.71419
0.91852
-0.94518
-0.63744
-0.6623
1.2815
0.29432
0.99414
0.83691
-0.9862
-0.85674
0.17701
1.0562
-0.94549
0.64353
-0.80122
-0.29971
-0.58371
-0.51341
0.91763
0.019813
-0.82557
-0.11821
-0.58571
0.95707
-0.6721
-0.47365
0.39349
-1.0151
0.99096
-1.0052
-0.6297
0.642
0.34641
0.031107
-0.76921
0.85422
0.7554
0.65112
-0.49243
-0.63274
0.14072
0.99591
-0.11565
0.57094
-0.67508
-0.10099
0.39392
-0.73243
0.97425
0.039248
0.081265
-0.47785
-0.40594
-1.097
0.35572
-1.0097
-0.88996
0.039579
-1.0361
-0.30894
0.44233
0.61955
0.24254
-0.58955
-0.99404
0.84237
0.66625
1.0472
0.23632
0.46015
0.93701
0.43247
-0.34806
0.97901
-0.61553
0.04742
0.68489
-0.93683
0.67783
0.21665
-0.76596
-0.69685
-0.18623
-0.75426
-0.32196
0.4003
-0.7139
-0.78735
0.96261
0.43166
0.78742
0.67871
-0.72758
-0.67508
-0.75267
-0.86053
-0.73838
-1.0189
-0.73131
-0.21319
-0.29073
0.4608
0.76424
0.39695
-0.59192
0.63106
0.95178
-0.80062
-1.0057
-0.62942
0.8817
0.88945
-0.88348
-0.028358
0.64137
0.94691
0.96863
-0.43845
-0.45064
0.4284
-0.92108
-0.62929
0.87312
0.43249
-0.014562
0.11353
0.51275
0.33103
-0.77622
-0.19113
0.74924
-0.19113
-0.54228
-0.93042
-1.0913
-0.37335
-0.53808
0.32494
-0.28659
0.19066
1.1155
0.8034
-0.81895
-0.93365
-0.748
-0.87245
-0.20101
-0.9403
0.6645
-0.094792
-0.71427
0.64778
-0.58937
-0.6886
-0.26037
0.30715
-0.032638
0.11659
-0.39578
-0.64769
-0.25977
0.69524
-0.1811
-0.60679
-0.47756
-0.87495
0.8454
0.85177
-0.24569
0.236
-0.31503
0.62706
-0.7844
1.0636
0.8443
-0.96506
-0.66664
1.0298
-0.81925
-0.4565
0.069441
-0.12824
-0.90852
-0.99447
-1.0557
0.74292
0.80248
0.51767
0.46942
0.6762
-0.40478
0.81275
-0.12452
0.67265
1.0265
0.77539
0.36484
1.0939
0.14888
0.79669
0.31831
0.50786
-0.33416
-1.2326
0.67392
-1.0977
0.29788
0.90724
-0.67486
-1.0441
-0.46577
-0.75578
-1.0512
-0.83194
-0.25984
0.86837
1.0328
-0.63267
-1.1436
0.31097
0.8368
0.91404
0.26326
0.53027
0.013751
-0.98938
-1.0719
-0.48597
-0.82618
-0.4934
0.27663
0.68361
-0.056184
1.0377
-0.56402
1.0233
1.1598
-0.25945
0.22753
0.83712
-0.59196
0.64508
-0.69578
-0.87091
-0.83548
-0.76681
-0.6731
-1.0057
0.35084
-0.86903
0.97768
-0.75422
0.63403
-0.7897
-0.64445
0.74984
-0.99575
0.9833
0.58634
1.0706
0.47462
0.12233
0.50969
-0.97184
0.62306
-0.63972
-0.41274
-0.29944
0.79161
0.35674
-0.9348
0.14625
0.48514
0.71778
-0.11876
-0.19273
0.90291
-0.54701
0.91697
0.86716
-0.46309
0.66431
0.27243
-0.68024
1.1065
-0.7436
0.1697
0.49097
0.36282
1.0425
-0.39944
-0.80233
-0.33698
0.64259
0.73096
-0.65651
0.82026
1.1243
0.93578
0.75878
-0.94894
0.54414
-0.045452
-0.59091
0.85078
0.17292
-0.95081
-0.74068
0.63676
1.0224
0.40489
-0.6014
0.81469
-1.0387
-0.93072
-0.098322
-0.72331
-0.61843
0.43728
0.8568
-0.94572
1.1177
-0.60585
-0.89499
0.72517
-0.90388
0.69331
0.83063
0.2611
-0.543
-0.61991
-0.10832
0.36141
0.95448
0.017132
-0.88879
1.026
-0.51334
-0.72229
0.34028
0.71786
1.0731
-0.12532
-0.22196
-0.63737
-0.81893
-0.79551
-0.43582
0.90247
-0.86739
-0.76784
-0.15756
-0.94787
0.80127
0.14895
0.86471
-1.0403
-0.38228
-0.95317
0.49463
-0.62463
0.87209
-0.73845
0.75695
-0.88451
0.59877
-0.38321
0.44942
-0.98996
0.3208
-0.18341
0.50033
-0.9921
-0.15206
0.61391
-0.042229
-0.27034
0.46983
-0.65546
0.83537
1.013
0.69135
0.48448
0.91643
0.11658
-1.0765
-1.027
-0.51673
-0.65933
-0.82054
-0.49665
0.90765
0.50071
0.91509
-0.8424
0.37753
1.0135
-0.14031
-0.47893
-0.3871
-0.81108
0.44417
1.0097
-0.97602
0.38556
0.38142
-0.56259
-0.42047
-1.2224
0.29103
0.4798
0.77228
-0.42169
-0.83551
-0.40679
0.75603
0.69351
-0.35117
0.85817
-1.2201
0.40741
-0.51424
1.023
0.78313
0.28213
0.48333
0.39428
0.75581
0.96576
-0.41723
-0.75286
0.27375
-0.86196
0.031782
0.26967
-0.94461
-1.0096
-0.089024
0.17692
-0.27252
0.81628
-0.52322
-0.81105
0.47886
-0.80925
-0.79725
0.81682
-0.80625
1.055
-0.89878
0.66564
0.65875
-0.34797
-0.49855
0.75719
-0.88638
-0.17614
-0.9785
0.054725
0.3589
0.23984
-1.1
-0.66353
-0.3756
0.91506
0.95917
-0.41391
1.135
0.41287
0.53019
0.93491
-0.7715
0.85298
0.93754
0.15719
0.6233
-0.57829
-0.32771
0.33227
0.89204
-0.42371
0.57223
0.7095
-0.65797
1.0652
0.6913
0.0040828
-0.90399
0.58479
1.003
0.82051
-0.9501
-0.56604
0.93562
-0.76777
0.43205
-0.93362
1.0649
0.32356
0.32829
-1.1208
0.81668
0.35261
0.023964
-0.83138
-0.62034
-0.11784
-0.96551
0.77517
0.26925
-0.12779
-0.79919
-0.37999
0.7633
0.81956
-0.56927
-0.53555
0.70295
-0.74924
-0.82305
0.20619
0.99239
0.77717
-0.32314
0.099794
0.49186
-0.18668
-0.35325
0.48828
-0.071645
0.15984
0.98118
0.9538
0.73812
0.75136
-0.84728
0.85954
-0.83025
1.0839
1.009
0.57424
0.09508
-1.14
-0.33071
0.45342
0.09985
-1.0846
-1.0371
1.0139
1.05
-1.0783
-1.0297
1.0177
0.13786
-0.30692
0.028536
1.0662
-0.66735
0.93781
0.78525
0.20162
-0.7396
0.95487
1.1321
0.80063
-0.26132
-1.0363
-1.193
0.18203
-0.48421
0.71919
-0.9172
1.0875
0.65893
-0.054076
0.95471
0.59729
0.81394
0.67557
0.18041
0.74843
-0.26438
0.73888
0.36184
-0.93023
0.20391
-1.0496
-0.9247
0.67376
0.96103
0.76922
1.0644
0.24574
0.77899
0.68428
0.39977
-1.1531
-0.96906
-0.33622
-0.19061
0.064623
0.92849
0.8485
0.34603
-0.80511
-0.51184
-0.5758
0.87207
0.91371
-0.34486
0.74638
1.2455
0.3427
-0.10388
0.82173
-1.0369
0.77135
-0.93246
-0.33508
-0.93933
0.60331
-0.093095
-0.38884
-0.80552
0.78763
-0.76445
-0.75813
1.124
0.86153
0.79815
-0.15117
0.3137
0.43767
-0.132
0.95752
0.95006
0.67902
0.062389
-0.23803
-0.18685
-0.97544
1.0283
0.24378
-1.1382
-0.79367
-0.28677
-1.0351
-0.3015
-0.076134
-0.63525
1.0013
-0.89417
0.90369
-0.91562
0.89657
0.57125
-0.69699
-0.3715
0.96249
0.46245
0.73316
-0.25347
0.65685
0.96495
-0.99024
0.57766
0.88304
-1.0881
0.91475
-0.019404
-0.83243
0.66035
1.0102
-0.020999
0.67564
-0.95457
0.34702
-0.36143
-0.37881
0.61352
-0.34848
0.52115
-0.5793
-0.95884
0.93872
-1.1227
-0.24687
-0.71611
0.19403
1.0496
0.70704
0.79165
0.80799
0.76775
-0.5908
0.95677
-0.13411
1.0764
-0.73156
0.79371
-1.1101
0.57249
0.78419
0.82385
-0.94979
0.30078
-0.46268
0.35397
-0.60193
0.25077
0.76478
-0.49377
0.13707
0.73542
0.90401
-0.92394
0.93006
0.86496
0.95999
0.092178
0.81616
-1.0859
0.79528
0.50094
0.8052
0.6673
-0.50701
-0.40224
0.31221
0.78985
-0.17988
-0.93445
0.089362
-0.7637
0.798
-0.93396
0.24404
0.45149
0.95735
0.89127
-0.6073
0.52306
0.61958
-0.73159
-1.0816
0.95224
0.8849
-0.16815
-0.60398
0.24246
-0.99686
-0.37777
-0.62544
-0.22294
-0.98682
0.28661
-0.21871
-0.40653
-0.80666
-0.47654
0.28944
0.71981
1.1054
0.095504
1.1194
-0.68229
-0.48349
-1.0515
-0.60311
0.98983
0.66429
0.12184
0.44508
-0.70158
-1.0777
0.95726
0.2169
-0.74096
0.81879
-0.9445
-0.72981
0.68866
0.48887
0.8335
0.90254
0.96285
0.18938
-0.92836
-0.40403
0.95544
0.93047
-0.085931
-0.92049
0.93171
0.40029
-0.8063
0.13901
0.10837
0.11165
0.82017
-0.56256
1.0535
0.84052
-0.51954
0.86056
-1.0938
0.91909
-0.99006
0.5868
0.58958
-0.78502
0.95703
0.7754
-1.0043
0.28219
-0.54211
0.89092
-1.046
-0.95188
1.0151
-0.25232
0.35255
0.022347
-0.96905
-0.29208
0.98278
-0.86567
-0.12351
-0.080845
-0.86494
0.6696
1.0414
0.30625
0.319
0.76218
0.93765
0.23557
0.10847
1.0058
-0.48002
-0.75812
0.78324
-0.52683
-0.12868
0.12509
-0.83006
-0.7635
0.35315
0.91512
-1.0095
0.75051
-0.84313
0.080214
-0.69491
1.0117
-0.58158
1.0564
0.6276
0.38212
-0.23249
0.59755
0.88175
-1.0591
0.75895
-0.0506
0.88862
0.76707
0.67005
0.7451
0.59098
0.24042
0.44071
-0.12073
-0.37074
-0.66215
-0.86473
1.1119
0.17413
-0.60726
-0.5379
-0.046036
-0.99438
0.99692
0.94766
-0.072656
0.79176
0.6456
-0.77147
0.11829
0.9076
-0.73596
0.013802
0.58924
0.75043
0.80988
0.13041
0.44219
0.95502
-1.0604
-0.91032
-0.70208
-0.047749
0.85063
-0.63384
-0.99762
-0.93827
-0.70613
0.91338
0.97081
0.10702
-0.82302
-0.30603
0.46041
0.83573
0.84407
0.89332
-0.52488
0.74313
0.44716
0.93256
0.77591
0.90101
-1.1503
-0.062831
-0.23392
0.78298
-0.98084
-0.10181
-1.0654
-0.9522
0.74673
-0.81399
0.60091
-0.63176
0.23043
0.97422
-0.67334
-0.018712
-0.8554
-1.0718
1.0166
0.10485
-0.80678
-1.0236
-0.75959
0.54817
-0.95239
-0.46423
-0.23024
0.89991
0.43371
-1.1187
-0.30338
-0.88733
-0.33876
0.13587
-0.88842
-0.1103
-0.20936
0.28378
-0.44997
-0.27445
0.83867
1.0494
