-0.78212
-0.9273
0.20458
-0.69384
-0.94111
-0.8233
0.084496
0.50546
0.5294
-0.34414
-0.58885
0.25613
-1.1782
1.1172
1.0534
1.0634
0.70456
-0.87176
-0.70575
-0.091426
-0.36417
0.54759
0.37244
0.6806
0.27553
-0.6026
0.29361
0.8491
0.49941
0.26976
0.77292
-0.96247
-0.14025
0.2537
-1.1043
-0.32144
0.24725
0.96114
0.90601
-0.12711
-0.82935
1.1215
0.72747
-0.91482
-0.54486
-0.91811
0.62178
0.049305
-0.93398
-0.3649
0.59113
0.88664
-0.83413
-0.036768
-0.19652
-0.64321
-0.0086108
0.32283
0.69066
0.93181
-0.11832
-0.81666
1.0467
0.096323
-0.2855
-0.8686
0.25929
1.1401
0.60177
-0.92407
-0.35923
-0.68994
-0.44609
1.2014
0.63357
0.30452
0.16939
-1.1852
-0.85937
0.21079
0.99374
0.933
0.89196
-0.71198
0.92818
0.4009
0.078741
-1.1081
0.84765
-0.3663
-0.033536
1.1896
0.84748
-0.98683
-0.60136
1.0601
-0.92591
-0.78638
-1.0472
0.86427
-0.96939
0.42763
0.05391
-0.90899
-0.17854
0.84905
0.66392
0.35438
0.81035
0.8855
-0.47894
-0.95929
0.7804
-0.83945
-0.66995
-0.98814
-0.57098
-0.66031
-0.86905
-1.0488
-0.89335
0.024468
0.95715
0.90158
0.59009
0.12389
-0.56005
-0.10878
0.67153
0.85465
-0.78565
-0.026718
0.36602
0.61809
0.90096
-0.065485
0.52062
-0.76912
0.5527
0.62111
-0.66146
-0.71692
0.83531
0.92343
1.0399
0.73881
0.788
-0.92033
-0.87749
1.1034
0.77894
-1.0528
-0.47605
0.76094
0.25051
-0.82546
-0.77976
0.51611
0.97868
-0.60963
0.59109
0.18623
-0.83101
-0.54327
-0.66415
0.62983
-0.91068
0.42585
-1.0786
0.99802
-0.363
0.24116
0.92868
-0.55889
0.035399
-0.93349
0.92922
-0.28543
0.42317
0.59272
0.54553
0.66336
0.72801
0.55488
-0.9151
0.79014
-0.47166
-0.69855
0.54612
0.438
-0.12251
-0.95554
0.38549
-0.76515
-0.80478
0.10724
-0.41486
-0.8922
-0.69669
0.61602
0.56555
-0.81494
-0.98382
0.54191
0.059344
-0.64918
0.67212
-0.05756
-0.19066
-1.0689
0.72503
-0.94636
-1.0062
-0.083673
0.203
0.31289
0.86103
-0.89845
-0.82842
-0.74963
-0.72189
1.0153
-0.27109
0.78303
0.52997
0.23455
0.88851
0.73393
-0.62389
0.84429
-1.1308
-0.84304
0.954
-0.97681
-0.92608
-0.24885
0.8162
-0.90417
-0.8736
0.79887
-0.16698
-0.78665
-0.20117
-0.7327
-0.79998
-0.016788
0.21787
-0.1707
-0.99321
0.1204
0.99805
0.16431
-0.43054
1.1218
0.87813
-0.46943
-0.11943
1.1123
-0.38004
1.2812
0.74827
0.34965
0.73492
-0.32074
-0.45226
0.84609
0.80948
-0.10799
-0.25407
0.76936
0.84755
0.87023
-1.1665
0.87576
-0.6588
1.0006
0.34205
-0.063349
-1.0155
0.013202
0.9137
0.17217
-0.62282
0.81556
0.75344
-0.1106
0.96401
0.50094
-0.91502
-1.0237
0.99225
-0.48046
-0.42652
-1.0592
-0.69082
-0.87018
0.77809
0.12378
-0.21763
0.14984
1.0122
0.39677
0.43647
-0.062369
-1.0014
-0.90956
0.21492
0.97981
0.31873
0.78502
-0.37427
0.95192
-0.80523
-0.29795
0.82922
0.33148
-0.7339
-0.26317
-0.79372
-0.58392
0.65265
1.1261
-1.1626
0.77818
0.94113
0.93573
-0.47221
0.88767
0.31553
-0.53873
-0.77492
0.9432
0.6464
0.68274
-0.73197
0.77502
0.9666
-0.86335
0.37614
0.033598
-0.34766
0.82814
-0.88445
-0.7879
0.56065
-0.89827
-0.90627
0.76761
0.52259
0.52175
0.17626
0.19642
-1.0751
0.98571
0.86532
-0.95088
-1.0031
0.68836
-1.0034
0.89796
-0.82748
0.2563
-0.21881
0.74712
1.0928
-0.5347
-0.92456
-0.78415
-0.58726
-0.97072
0.081723
0.85553
-0.97949
-0.19586
-0.3376
0.40801
-0.20188
0.22632
-0.7745
0.66039
-0.26596
1.0749
0.089267
0.96074
0.26732
-0.18368
-0.88768
-0.51601
0.15009
0.78141
-0.20792
-0.84834
0.64197
-0.60658
1.0001
-1.0321
0.90863
0.56851
-0.32014
0.65129
-1.0101
1.0807
-0.89448
0.94226
0.93677
0.21104
0.81552
-0.22965
0.080246
0.46852
-0.89121
-0.27568
-0.81578
0.47189
-0.64922
0.79213
-0.43895
-0.70451
0.92173
-0.87906
0.092153
-0.52335
0.75503
-0.92202
0.59309
-0.36516
-0.84473
-0.92972
1.1035
1.1036
-1.1204
-0.32706
1.0576
0.10801
0.58961
0.98719
-0.85666
0.77118
-0.90983
-0.94388
0.32359
-0.15526
0.95835
0.82677
-0.39589
0.56086
0.022796
0.18908
-0.9654
-0.66539
-1.0915
0.19291
1.0452
-0.7952
1.0693
0.80835
0.95572
-0.50364
-0.54098
0.64037
0.45588
0.40386
-1.0364
0.71816
-0.81821
0.15403
1.205
-0.69436
-0.18386
0.20396
-0.66877
0.02081
0.5841
1.0692
-0.92153
-0.96671
1.0262
-0.43784
-1.1879
0.34916
0.0039134
0.88285
-0.054391
0.32905
0.73508
-0.89215
0.92351
0.35429
-0.85008
0.70083
1.0419
-0.10067
0.66313
-1.0017
0.37362
0.19747
-0.32416
-0.90367
-0.062842
-1.0163
-0.19936
0.83624
-0.91411
0.69191
-0.87917
-0.81109
0.86519
-0.69978
0.80116
-0.30101
0.85333
0.4603
-0.37707
-0.45539
-1.0065
-0.38917
0.7208
-0.13353
0.75088
-0.0039669
-0.18428
-0.71801
0.15424
-0.17584
1.1433
0.92323
0.40229
-0.8856
1.0037
1.0885
0.54673
-0.35146
0.27469
-0.13972
-0.93543
-0.51485
-0.81325
-0.8995
-0.43102
0.70803
-0.3915
0.4374
0.94841
-0.17925
-0.98787
-0.7516
-0.588
-1.0817
1.1053
-0.67664
-0.069633
-0.83354
0.84345
1.0373
-0.54011
-0.31971
-0.82505
-0.47931
-0.66267
0.32506
1.0541
1.0154
-0.78612
1.0473
-0.68646
-0.74895
-1.0111
-0.48343
0.92493
0.51808
-0.6317
0.14055
-0.96222
-0.32006
-0.74575
-0.97706
-0.063238
-0.99218
-1.0116
-0.2638
0.88364
1.0459
-0.99219
1.0433
-1.1493
-0.8714
0.038919
1.028
-0.68468
-0.073147
-0.72824
-0.26355
-0.13685
-1.0113
0.76377
0.9013
-0.76891
-0.2208
0.53853
-0.64335
0.95023
-1.0025
0.49852
0.99522
-0.6934
-0.88813
-0.14076
-0.9807
0.50645
0.9086
0.7937
-0.81033
0.19898
0.7415
-0.69315
0.76294
-0.59866
0.12152
-0.81861
-0.1179
-0.90118
-0.8498
1.0443
-0.93738
-0.56497
0.7087
-0.67639
0.94211
-0.40278
-1.0038
1.0523
0.71563
0.45273
-0.64741
0.99081
-0.1129
0.66668
0.88892
-0.69262
0.88879
-0.47968
-0.92013
0.58029
-0.77878
-0.47111
-0.88478
0.8367
-0.83016
0.54642
-1.1779
-1.0858
0.76733
0.56021
0.99999
-0.74959
0.79576
0.4749
-0.037998
-1.1765
1.0696
-1.0267
-0.37833
-0.74068
0.55473
-0.34934
0.73575
-0.52528
-0.80981
0.92697
0.91523
0.29255
0.40551
0.04207
0.9251
0.91436
0.30683
-0.90381
0.032214
0.17936
0.26357
0.042774
-0.044787
-0.15237
-0.84135
-0.80992
-0.68156
-0.42599
-0.88091
0.34299
0.77694
-0.51496
0.83938
-0.20804
0.6195
0.63701
-0.17614
-0.46981
0.6609
0.30136
-0.18218
-0.32676
1.1022
0.61938
-0.63269
0.85383
0.4332
-0.89781
0.61569
0.58548
1.0857
0.45785
0.89271
-0.24316
0.0034196
-0.097629
-0.97283
0.19903
0.32683
-0.10449
1.0283
-0.27049
-0.12591
-0.10812
0.71416
-0.88389
-0.30557
-0.8156
0.94321
-0.87983
0.96905
0.5165
0.21311
-0.81259
0.12171
0.91144
0.16484
0.45778
-0.023223
0.45588
0.89833
1.0057
-0.50513
-0.56705
0.15615
-0.7049
-1.1287
-0.90723
-0.55993
0.83941
0.58797
-0.87811
0.14949
-0.11252
0.57325
0.35336
0.60028
0.46083
-0.27814
-0.68991
0.22667
0.2092
-0.4786
0.74623
-0.34224
0.24243
-0.9708
-0.046256
0.13957
0.12672
-0.98667
0.50698
-0.1539
-0.79769
-1.0335
0.72149
-0.72729
-0.83462
-0.16807
-0.20766
0.88215
0.34961
-0.82902
-0.54306
0.20043
-0.43301
-0.92007
-0.10203
1.1197
1.1459
1.0282
-0.24549
0.81288
-0.78622
-0.78683
0.93959
0.16397
-0.76832
-0.69754
0.70203
0.7045
-0.64189
0.088994
0.94526
0.59393
-0.48335
-0.77526
0.62622
0.91843
-0.63594
-0.005256
-0.027506
0.8722
0.82712
-0.56107
0.96792
-0.46301
-0.057254
-0.34405
0.23695
0.31366
0.5589
1.0592
0.44139
-0.61315
-0.20702
0.24226
0.254
0.60065
-0.59687
-0.69564
0.88844
-0.25353
-0.36516
-0.57522
-0.15839
-1.0313
-0.95884
-0.86839
0.19377
0.94156
1.081
-0.82866
0.81474
-0.59544
-0.70281
-0.69998
0.01079
-0.91883
0.87948
0.35915
0.52506
0.84762
-0.95726
-0.32089
-0.71826
0.63958
0.72565
-0.86149
0.36155
-0.7415
0.89955
0.95564
0.71681
-0.04848
0.96508
0.91309
-0.32687
-1.0832
0.31463
1.1026
0.37533
-0.8754
0.85607
0.06495
0.35573
0.11555
0.20477
-0.013189
-0.32922
-1.0483
0.19435
-0.48244
0.2398
-0.18602
-1.1079
0.84768
0.4122
0.9149
-0.94631
-0.17747
-0.28944
0.72203
0.69414
-0.082377
1.0641
-0.57832
-0.25668
-0.50688
-0.84739
-1.0318
0.25762
1.033
-0.16997
-0.98562
0.066399
0.31467
0.8401
-0.92056
-0.9993
-0.64252
0.87973
-0.039274
-0.89037
0.11818
-1.0503
-0.88862
-0.081141
-1.0491
-1.0399
0.00052593
0.68146
0.61015
-0.25468
-0.56912
-0.58779
-0.54967
-0.67939
-0.979
0.90548
0.67121
-0.46552
0.94449
0.56768
0.44894
1.1021
-1.0337
0.16002
-0.17066
0.67005
0.82175
-0.39072
-1.1795
-0.43319
-0.40111
0.52508
-0.91791
0.040019
1.0022
-0.72408
0.70064
-0.22542
-0.77406
-0.76619
0.9268
-0.65369
-0.89745
-0.73048
0.31633
0.87289
0.90956
0.11645
0.44753
-0.57005
0.97193
0.67957
-1.0118
0.22167
-0.9243
-0.8881
0.57382
0.81935
0.63421
0.68417
0.84269
0.28381
0.99952
-0.33338
-1.0305
-0.64
-0.82767
0.76823
-0.29026
0.7651
-0.42152
-0.80798
0.77658
-0.52
-0.25561
0.13554
0.84214
-0.69443
0.48923
-0.6161
-0.28673
0.79859
0.9912
-0.26567
0.13704
-0.045151
0.61598
-1.1744
-0.18524
-0.62976
0.91413
0.31543
0.98262
-0.83704
-1.0288
0.8804
-0.26678
-0.84141
1.0887
1.0137
-0.75299
-1.1017
0.90092
1.0153
-0.84638
-0.056954
0.83384
0.50383
0.26516
0.03299
-0.45891
0.18522
0.40799
-0.76893
-0.032207
-0.90298
0.60479
-0.47589
0.91668
1.1927
1.0246
0.64879
-0.19537
-0.1969
-0.61216
-0.76296
0.93641
-0.88616
0.018448
0.85922
0.75328
-0.91951
-1.008
-0.57114
1.0109
1.0559
-0.89548
0.011176
-1.0606
-0.75211
-0.75146
-0.97806
0.80959
0.432
-0.93518
0.93358
-0.55235
-0.02659
1.0316
-0.88244
-1.0026
0.32704
-0.37372
-0.88948
-0.5607
-0.68544
0.98693
0.38335
0.46145
-0.74158
0.51091
-0.24092
-0.25897
0.90155
1.1583
1.0297
0.09204
0.90093
0.42428
0.47669
-0.43668
-1.0025
1.0584
-0.33192
0.9521
-0.39349
0.6912
0.30429
0.32578
-0.95518
-0.92395
-0.36428
-0.58678
0.20282
0.094061
-0.74552
-1.1037
0.63096
-0.89106
1.0281
-1.1771
-0.95836
1.0048
-0.31204
-0.38937
0.57353
-0.61532
0.35984
0.50009
-0.071692
-0.012782
-0.87914
0.73263
-0.94771
-0.52925
-1.0554
-0.25969
0.27009
-0.2495
0.35863
1.1474
-0.86753
-0.30456
0.96527
0.16632
0.28778
-0.26373
0.023452
-0.32586
0.57576
0.62175
0.79332
0.99793
0.36067
0.73015
0.595
1.0446
-0.32247
-0.054598
-0.11248
-0.92233
0.90493
0.22054
-0.39204
0.52795
-0.18875
0.89113
0.73066
-0.14254
0.53422
0.96535
-0.53777
-0.015459
0.90849
0.94299
0.8081
1.05
1.0975
0.56811
-0.94736
0.46818
0.20216
-0.79415
0.40505
0.95651
0.73181
-0.87072
0.18965
0.92388
0.076698
-0.6668
-0.1252
0.40987
1.0887
-0.91661
-0.88955
0.66069
-0.63951
-0.69869
-0.089043
0.87242
-1.0919
-1.0193
-0.85576
-0.53461
-0.70639
-0.72579
-0.87427
-0.93655
0.78215
0.66393
-0.97672
-0.80016
-0.55868
0.72066
0.35311
0.91789
0.35789
-0.50979
-0.649
-0.22635
-0.034079
1.0453
-1.0632
-0.17628
0.64824
-0.084133
0.4719
-0.25001
1.0338
0.97004
-0.24569
0.97904
-0.83334
0.4238
0.73
0.013491
-0.97006
0.86472
-0.46375
-0.67119
0.43686
0.30012
-0.04179
-0.63794
1.0235
0.74061
-0.66508
-0.23195
-0.80268
0.59513
-0.23877
0.81809
-1.1212
-1.1061
0.16633
0.99364
0.074867
0.0049722
0.14674
0.55887
0.64882
-0.60016
-0.89606
0.85323
-0.56093
-0.68659
