-0.15697
1.0301
-0.90353
0.90574
0.6335
-1.0678
0.90796
0.89895
0.26632
0.2314
-0.43385
-0.2131
0.20724
-0.32553
-0.28036
-0.77147
-0.91514
0.87517
-0.45695
0.19501
0.19475
-0.11481
0.60241
0.72436
-0.30065
-0.76125
-1.0667
-0.86763
0.038604
-0.32395
-0.92908
-0.036462
0.84146
-0.20516
-1.0476
0.071723
-0.74842
0.61174
0.48571
-0.044503
-0.8036
-0.52756
-0.68841
-0.40447
0.016614
-0.25397
-1.0626
0.13798
-0.89958
-0.89967
0.90742
-0.36824
0.10256
-0.32926
-0.89246
0.1402
0.23395
0.17396
1.0116
0.89333
-0.89567
1.0863
0.064505
-0.7654
1.2377
0.18135
0.79115
-0.81453
-0.62518
0.8638
0.23622
1.0447
-0.037919
1.0593
0.50329
-0.058238
0.24
1.0507
0.66854
-0.61823
-0.26409
0.36235
0.90492
0.84392
1.0625
0.94155
-0.68973
-0.97227
-0.77437
0.90483
-0.7854
-0.56056
0.52319
-0.68439
0.62231
-0.99331
0.84304
-0.78832
0.3819
0.17241
-0.52447
-0.34199
0.52587
0.62194
-0.49315
1.0238
0.9257
0.0065902
-0.50488
-0.93686
-0.96316
-0.79326
0.78654
0.88843
-0.73946
0.27653
0.63265
-0.54728
-0.90263
-0.86378
-0.95794
0.20552
0.57828
-0.82796
0.10831
0.72776
-0.828
-0.88438
1.0591
-0.40301
-0.82494
0.90375
-0.064513
1.1247
-0.73194
-0.9481
0.80118
0.89935
0.92091
-0.71922
0.64635
0.53113
-0.24055
0.23997
-1.0021
-0.71659
0.78344
-1.1291
-0.021369
1.0151
-0.96858
-0.204
0.83909
0.34372
-0.14533
-0.077124
0.19173
1.0423
-0.69046
-0.95947
-0.78553
-0.77079
0.8822
-0.84721
-0.96579
-0.88845
0.57346
0.36808
0.97725
-0.80985
0.60081
-0.2158
0.20052
0.17591
-0.088256
-0.46865
0.10519
-0.94927
0.27509
-0.9608
0.88854
0.7892
-1.0767
0.13641
-0.49906
-0.16142
-0.54194
0.69946
-0.59609
-0.69029
0.76572
-0.6453
-0.1635
-0.73862
-0.88647
0.77195
0.32839
0.14328
0.20066
-0.29711
0.24772
-0.74776
-0.095043
0.40734
-0.18257
0.6168
0.90734
0.81976
0.6745
0.9928
0.5101
0.77506
-0.69895
0.75335
0.77465
0.41375
0.75029
-0.33769
0.74991
-0.99457
0.68496
0.89919
-0.97569
0.090463
1.2068
-0.23861
-1.0815
-1.0901
0.86263
-0.9041
0.89308
1.0453
0.94067
-1.0282
0.63115
-0.83066
0.72855
0.60765
-0.9299
0.14668
-0.91525
1.1993
-0.22197
0.017595
0.58009
-0.97127
-0.15955
0.9928
0.93106
-0.67365
0.15665
0.70708
0.36635
0.79002
-0.26566
0.58103
-0.23443
-0.84241
-0.43026
-0.17945
-0.05368
0.91571
1.036
-0.47075
-0.97921
1.0817
0.32629
-0.6273
-0.55661
-0.8075
-0.86302
0.045777
0.15056
-0.66126
-0.80474
1.0278
1.0672
0.13314
-0.78276
0.32946
-0.15633
-0.81098
-0.0724
-0.33092
0.83762
0.7643
0.68313
0.77438
0.014681
0.70631
-0.014285
0.84445
0.88337
0.03868
-0.18675
-0.24221
-0.2292
-0.76488
-0.04492
-0.64811
-0.58638
-0.52916
-0.22494
-0.93144
0.44056
-0.76482
0.15374
-0.018333
-1.0289
-0.51416
-0.070648
0.12163
-0.019551
0.0456
-0.24329
-0.68574
-1.1035
0.43608
-0.86846
-0.98608
-0.23907
-0.7349
0.47905
-0.40508
-0.69328
-0.84739
0.51436
-0.94325
0.18161
0.58856
0.76226
-1.2138
0.18014
-0.2342
-0.45333
-1.1654
-0.4771
0.12251
-0.085468
0.13863
0.4216
0.88683
-0.44295
-1.2474
1.0518
-0.87981
0.73693
0.54773
-0.87739
-0.17735
0.63509
-0.83604
-0.13237
0.68171
-0.73124
-0.17788
-0.11489
-1.042
-0.59828
-0.34341
-0.1286
0.85312
0.88193
-0.18314
0.14693
-0.48646
-0.75936
-0.16408
-0.61168
0.60863
0.27179
-0.46717
0.068836
-1.0947
-0.15488
-0.96777
0.89928
0.85056
-0.74828
1.0137
0.98959
0.96193
0.75923
1.0243
0.074697
-0.1101
-0.98243
0.035031
0.9615
-0.93023
0.94362
0.92888
0.15462
0.9141
1.1196
0.20055
-0.91509
0.31574
-0.50167
-0.19046
-0.89837
-0.9445
1.0123
-0.56889
-0.73055
-0.70343
0.30575
-0.30183
-0.81921
0.34077
0.64683
0.078012
-0.93189
0.014512
-0.81219
0.075849
0.5716
0.28312
-1.0114
0.69229
-0.60444
-1.0333
-0.96892
1.0999
-0.56556
1.0533
-0.92838
0.49823
-0.84461
0.95612
0.24454
0.59442
0.29029
0.26073
0.86027
-0.2981
0.89801
-0.32679
-0.71188
-0.85826
1.1132
0.61785
-0.14596
0.66786
0.017078
-0.59908
-0.38145
0.6169
0.78096
-0.816
0.85436
0.5277
-0.54025
-1.1269
-0.54222
-0.72827
0.29848
-0.40404
-0.48859
-0.15776
-0.22644
-1.1121
-0.55214
-0.49848
0.014896
0.8455
0.053658
-1.0211
0.76374
0.74944
1.0785
-0.89495
0.040473
0.87598
-0.91549
1.0818
-0.59225
0.73451
-1.0774
0.24476
0.13823
-0.34944
0.46477
0.46999
0.29738
-0.92239
0.93738
-0.94498
0.84192
-0.86217
-0.63643
-0.1876
-0.8603
-0.13482
-0.011377
-1.0118
0.67969
0.3793
1.0479
0.78925
0.98754
0.57053
0.93951
1.0374
0.58394
-1.0606
0.49554
0.29458
-0.40099
0.41914
0.64109
0.095932
0.58328
-0.91545
0.361
-0.55058
0.51232
-1.0402
-0.89541
-0.37361
-1.0706
-0.84555
-0.66156
-0.86559
0.58251
-0.82154
0.83008
0.066869
0.099199
-0.7459
-0.74379
-0.7528
0.42766
0.53366
0.74107
-0.26664
-0.78068
-0.36285
-0.83673
0.41141
-0.067398
-0.83342
0.85898
0.99804
-0.30641
-0.97027
0.95794
-1.007
-0.57448
-0.27497
-1.0518
-0.75345
-0.46613
-0.73982
-0.81575
0.21637
0.1242
-1.2487
1.0523
0.018342
0.032045
-1.1127
0.84041
-0.92233
-0.82508
-0.9483
0.028105
-1.0073
-0.49788
0.51298
-0.38302
0.54418
0.32216
-0.3474
-0.99133
0.33762
-0.90211
-0.29107
0.77617
-0.38843
-0.016542
1.0012
0.91601
-0.48402
0.31737
-0.94768
-0.98563
0.22283
-0.38461
0.33796
0.66548
-0.8745
-0.79802
-0.7494
-0.52103
-0.1012
-0.016838
-0.1909
-0.69395
-0.37473
0.66255
0.91015
0.7106
-0.51823
0.9369
0.095964
1.2259
-0.45685
0.76024
0.86682
0.63814
-0.32089
0.59408
-0.35505
-0.27733
0.64652
-0.035898
0.92192
1.2243
0.58594
-0.9389
0.84646
1.1206
-0.14598
-0.83632
0.72825
-0.24182
-0.99246
1.0935
-0.26817
-0.88238
0.8756
0.75259
1.0971
0.32737
-0.99439
0.80474
-0.38431
0.55365
0.50486
1.0911
0.55424
0.11322
0.66577
-0.31052
-0.44865
-0.19392
0.19148
-0.87602
0.28837
-0.73401
-0.0045602
-0.049126
0.57172
0.92577
0.73532
-0.76061
-0.017237
0.65877
-0.80736
-0.95377
-0.13967
0.75888
0.81821
0.84982
0.47609
1.1082
0.35225
-1.1226
0.48378
0.42726
-0.94656
-0.73397
-0.78769
-0.2823
0.70945
0.9581
-0.36834
0.69443
-0.86723
-1.0504
-0.67365
0.54554
0.71411
-0.086557
0.82523
-0.64864
0.26207
-0.11381
-1.0426
-0.81053
-0.21758
0.72321
0.67557
0.87834
0.23062
-0.56442
0.28885
0.16042
0.53894
0.92828
0.77498
-0.017121
-0.93333
-0.39691
-0.029952
0.048663
0.18374
1.1561
-0.82943
-0.30675
0.75802
-0.70819
-0.6744
0.81761
-1.0591
-0.69709
-0.61251
0.086302
-1.0033
-0.3368
-0.3355
-0.5699
0.42722
0.1278
-0.40392
0.42858
0.87074
-0.50164
-0.64935
0.78738
-1.0256
-0.94954
-1.0587
0.97197
-0.15899
0.87163
0.71226
-0.90416
0.33181
0.9104
-0.66525
0.87635
-0.40663
-0.98053
0.48998
1.0586
-0.027606
-0.91074
0.51155
-0.76702
-0.98127
-0.45302
0.16405
0.72452
-0.62646
0.59685
-0.30756
0.21627
-0.88784
0.50204
-0.95947
-0.94007
-0.89074
1.0599
0.60769
-1.048
0.057348
0.019298
0.73525
-1.005
0.49436
-0.2603
-0.1768
0.98205
0.4488
-0.91231
-0.81847
-0.61018
0.90748
-0.57952
0.76177
-0.83299
-0.58519
-0.54429
0.19326
0.83879
-1.0035
-0.89783
-1.0626
0.91507
-0.51466
1.0631
-0.12405
-1.019
-0.1541
-0.77653
-1.0658
-0.20965
0.5181
-0.52967
-0.7662
-0.9181
-1.0016
-1.0085
0.15424
0.40385
0.13733
-0.97248
0.99923
-0.98579
1.029
-0.85266
-0.078882
0.9635
-0.79253
-0.42166
-0.42184
-0.62102
1.0488
-0.51001
-0.45753
0.47096
-1.0175
-0.58167
0.58955
-0.73218
1.1467
0.59606
0.25879
-0.21833
-0.6757
-0.81152
-0.98077
0.71403
0.91542
0.5367
-1.056
-0.96648
-0.95701
-0.97972
-0.46028
0.84759
0.81467
0.23923
-0.90566
-0.78734
-1.0263
-0.9298
0.0847
-1.054
0.68562
0.019291
1.0634
-0.28485
-0.17013
-0.77049
-0.74105
0.97512
-0.039773
-0.23679
-1.0059
-0.82499
0.71888
-0.59209
0.72976
-0.80967
-0.73062
-0.80455
-0.864
-0.79273
0.41733
-0.9576
0.15277
-0.92314
0.63995
-1.1753
0.46699
-0.80947
-1.0323
-0.87365
-0.77189
-0.45415
0.082207
0.36538
0.46848
0.57096
1.0479
1.1088
-0.82272
0.75992
-0.0071178
0.63642
-0.75271
1.0101
-0.76488
0.79842
0.54242
-0.37323
0.72976
-0.34195
-0.4588
0.73233
-0.8014
-0.62796
-0.56476
-0.81363
-0.11778
-0.96065
0.68848
-0.49
-0.64407
-0.56551
-0.97983
0.88742
-0.21416
-0.3927
0.77619
0.83714
0.33138
0.93624
0.23293
0.57775
-0.74962
-0.99748
-0.36663
1.123
-0.99278
-1.1264
-1.0349
-0.75872
0.18815
0.93589
0.60761
0.15578
0.32061
0.6628
-0.71091
0.8709
-0.72573
-0.87428
-0.87127
-1.1123
-0.91221
-0.60324
-0.7526
0.65402
-1.1594
0.40044
-0.26136
-0.43102
-0.27429
1.0461
0.27657
-0.85277
-0.6123
0.45246
0.69473
-0.36341
0.042084
-0.13528
-0.97548
-1.0322
0.47996
0.48667
0.72445
-0.89979
-1.0446
-0.042638
1.0451
0.12791
0.78029
0.101
0.55774
-0.38364
0.80034
-0.43064
1.0511
-0.98484
0.95299
-0.96464
0.88273
-0.70442
-0.85744
-0.39919
-0.83022
0.39168
-0.96059
-0.84347
0.050906
0.67975
-0.041685
-0.50292
0.90148
0.060613
0.56959
0.50244
-0.96222
-0.54896
0.74413
