-0.15697
1.0301
-0.90353
0.90574
0.6335
-1.0678
0.90796
0.89895
0.26632
0.2314
-0.43385
-0.2131
0.20724
-0.32553
-0.28036
-0.77147
-0.91514
0.87517
-0.45695
0.19501
0.19475
-0.11481
0.60241
0.72436
-0.30065
-0.76125
-1.0667
-0.86763
0.038604
-0.32395
-0.92908
-0.036462
0.84146
-0.20516
-1.0476
0.071723
-0.74842
0.61174
0.48571
-0.044503
-0.8036
-0.52756
-0.68841
-0.40447
0.016614
-0.25397
-1.0626
0.13798
-0.89958
-0.89967
0.90742
-0.36824
0.10256
-0.32926
-0.89246
0.1402
0.23395
0.17396
1.0116
0.89333
-0.89567
1.0863
0.064505
-0.7654
1.2377
0.18135
0.79115
-0.81453
-0.62518
0.8638
0.23622
1.0447
-0.037919
1.0593
0.50329
-0.058238
0.24
1.0507
0.66854
-0.61823
-0.26409
0.36235
0.90492
0.84392
1.0625
0.94155
-0.68973
-0.97227
-0.77437
0.90483
-0.7854
-0.56056
0.52319
-0.68439
0.62231
-0.99331
0.84304
-0.78832
0.3819
0.17241
-0.52447
-0.34199
0.52587
0.62194
-0.49315
1.0238
0.9257
0.0065902
-0.50488
-0.93686
-0.96316
-0.79326
0.78654
0.88843
-0.73946
0.27653
0.63265
-0.54728
-0.90263
-0.86378
-0.95794
0.20552
0.57828
-0.82796
0.10831
0.72776
-0.828
-0.88438
1.0591
-0.40301
-0.82494
0.90375
-0.064513
1.1247
-0.73194
-0.9481
0.80118
0.89935
0.92091
-0.71922
0.64635
0.53113
-0.24055
0.23997
-1.0021
-0.71659
0.78344
-1.1291
-0.021369
1.0151
-0.96858
-0.204
0.83909
0.34372
-0.14533
-0.077124
0.19173
1.0423
-0.69046
-0.95947
-0.78553
-0.77079
0.8822
-0.84721
-0.96579
-0.88845
0.57346
0.36808
0.97725
-0.80985
0.60081
-0.2158
0.20052
0.17591
-0.088256
-0.46865
0.10519
-0.94927
0.27509
-0.9608
0.88854
0.7892
-1.0767
0.13641
-0.49906
-0.16142
-0.54194
0.69946
-0.59609
-0.69029
0.76572
-0.6453
-0.1635
-0.73862
-0.88647
0.77195
0.32839
0.14328
0.20066
-0.29711
0.24772
-0.74776
-0.095043
0.40734
-0.18257
0.6168
0.90734
0.81976
0.6745
0.9928
0.5101
0.77506
-0.69895
0.75335
0.77465
0.41375
0.75029
-0.33769
0.74991
-0.99457
0.68496
0.89919
-0.97569
0.090463
1.2068
-0.23861
-1.0815
-1.0901
0.86263
-0.9041
0.89308
1.0453
0.94067
-1.0282
0.63115
-0.83066
0.72855
0.60765
-0.9299
0.14668
-0.91525
1.1993
-0.22197
0.017595
0.58009
-0.97127
-0.15955
0.9928
0.93106
-0.67365
0.15665
0.70708
0.36635
0.79002
-0.26566
0.58103
-0.23443
-0.84241
-0.43026
-0.17945
-0.05368
0.91571
1.036
-0.47075
-0.97921
1.0817
0.32629
-0.6273
-0.55661
-0.8075
-0.86302
0.045777
0.15056
-0.66126
-0.80474
1.0278
1.0672
0.13314
-0.78276
0.32946
-0.15633
-0.81098
-0.0724
-0.33092
0.83762
0.7643
0.68313
0.77438
0.014681
0.70631
-0.014285
0.84445
0.88337
0.03868
-0.18675
-0.24221
-0.2292
-0.76488
-0.04492
-0.64811
-0.58638
-0.52916
-0.22494
-0.93144
0.44056
-0.76482
0.15374
-0.018333
-1.0289
-0.51416
-0.070648
0.12163
-0.019551
0.0456
-0.24329
-0.68574
-1.1035
0.43608
-0.86846
-0.98608
-0.23907
-0.7349
0.47905
-0.40508
-0.69328
-0.84739
0.51436
-0.94325
0.18161
0.58856
0.76226
-1.2138
0.18014
-0.2342
-0.45333
-1.1654
-0.4771
0.12251
-0.085468
0.13863
0.4216
0.88683
-0.44295
-1.2474
1.0518
-0.87981
0.73693
0.54773
-0.87739
-0.17735
0.63509
-0.83604
-0.13237
0.68171
-0.73124
-0.17788
-0.11489
-1.042
-0.59828
-0.34341
-0.1286
0.85312
0.88193
-0.18314
0.14693
-0.48646
-0.75936
-0.16408
-0.61168
0.60863
0.27179
-0.46717
0.068836
-1.0947
-0.15488
-0.96777
0.89928
0.85056
-0.74828
1.0137
0.98959
0.96193
0.75923
1.0243
0.074697
-0.1101
-0.98243
0.035031
0.9615
-0.93023
0.94362
0.92888
0.15462
0.9141
1.1196
0.20055
-0.91509
0.31574
-0.50167
-0.19046
-0.89837
-0.9445
1.0123
-0.56889
-0.73055
-0.70343
0.30575
-0.30183
-0.81921
0.34077
0.64683
0.078012
-0.93189
0.014512
-0.81219
0.075849
0.5716
0.28312
-1.0114
0.69229
-0.60444
-1.0333
-0.96892
1.0999
-0.56556
1.0533
-0.92838
0.49823
-0.84461
0.95612
0.24454
0.59442
0.29029
0.26073
0.86027
-0.2981
0.89801
-0.32679
-0.71188
-0.85826
1.1132
0.61785
-0.14596
0.66786
0.017078
-0.59908
-0.38145
0.6169
0.78096
-0.816
0.85436
0.5277
-0.54025
-1.1269
-0.54222
-0.72827
0.29848
-0.40404
-0.48859
-0.15776
-0.22644
-1.1121
-0.55214
-0.49848
0.014896
0.8455
0.053658
-1.0211
0.76374
0.74944
1.0785
-0.89495
0.040473
0.87598
-0.91549
1.0818
-0.59225
0.73451
-1.0774
0.24476
0.13823
-0.34944
0.46477
0.46999
0.29738
-0.92239
0.93738
-0.94498
0.84192
-0.86217
-0.63643
-0.1876
-0.8603
-0.13482
-0.011377
-1.0118
0.67969
0.3793
1.0479
0.78925
0.98754
0.57053
0.93951
1.0374
0.58394
-1.0606
0.49554
0.29458
-0.40099
0.41914
0.64109
0.095932
0.58328
-0.91545
0.361
-0.55058
0.51232
-1.0402
-0.89541
-0.37361
-1.0706
-0.84555
-0.66156
-0.86559
0.58251
-0.82154
0.83008
0.066869
0.099199
-0.7459
-0.74379
-0.7528
0.42766
0.53366
0.74107
-0.26664
-0.78068
-0.36285
-0.83673
0.41141
-0.067398
-0.83342
0.85898
0.99804
-0.30641
-0.97027
0.95794
-1.007
-0.57448
-0.27497
-1.0518
-0.75345
-0.46613
-0.73982
-0.81575
0.21637
0.1242
-1.2487
1.0523
0.018342
0.032045
-1.1127
0.84041
-0.92233
-0.82508
-0.9483
0.028105
-1.0073
-0.49788
0.51298
-0.38302
0.54418
0.32216
-0.3474
-0.99133
0.33762
-0.90211
-0.29107
0.77617
-0.38843
-0.016542
1.0012
0.91601
-0.48402
0.31737
-0.94768
-0.98563
0.22283
-0.38461
0.33796
0.66548
-0.8745
-0.79802
-0.7494
-0.52103
-0.1012
-0.016838
-0.1909
-0.69395
-0.37473
0.66255
0.91015
0.7106
-0.51823
0.9369
0.095964
1.2259
-0.45685
0.76024
0.86682
0.63814
-0.32089
0.59408
-0.35505
-0.27733
0.64652
-0.035898
0.92192
1.2243
0.58594
-0.9389
0.84646
1.1206
-0.14598
-0.83632
0.72825
-0.24182
-0.99246
1.0935
-0.26817
-0.88238
0.8756
0.75259
1.0971
0.32737
-0.99439
0.80474
-0.38431
0.55365
0.50486
1.0911
0.55424
0.11322
0.66577
-0.31052
-0.44865
-0.19392
0.19148
-0.87602
0.28837
-0.73401
-0.0045602
-0.049126
0.57172
0.92577
0.73532
-0.76061
-0.017237
0.65877
-0.80736
-0.95377
-0.13967
0.75888
0.81821
0.84982
0.47609
1.1082
0.35225
-1.1226
0.48378
0.42726
-0.94656
-0.73397
-0.78769
-0.2823
0.70945
0.9581
-0.36834
0.69443
-0.86723
-1.0504
-0.67365
0.54554
0.71411
-0.086557
0.82523
-0.64864
0.26207
-0.11381
-1.0426
-0.81053
-0.21758
0.72321
0.67557
0.87834
0.23062
-0.56442
0.28885
0.16042
0.53894
0.92828
0.77498
-0.017121
-0.93333
-0.39691
-0.029952
0.048663
0.18374
1.1561
-0.82943
-0.30675
0.75802
-0.70819
-0.6744
0.81761
-1.0591
-0.69709
-0.61251
0.086302
-1.0033
-0.3368
-0.3355
-0.5699
0.42722
0.1278
-0.40392
0.42858
0.87074
-0.50164
-0.64935
0.78738
-1.0256
-0.94954
-1.0587
0.97197
-0.15899
0.87163
0.71226
-0.90416
0.33181
0.9104
-0.66525
0.87635
-0.40663
-0.98053
0.48998
1.0586
-0.027606
-0.91074
0.51155
-0.76702
-0.98127
-0.45302
0.16405
0.72452
-0.62646
0.59685
-0.30756
0.21627
-0.88784
0.50204
-0.95947
-0.94007
-0.89074
1.0599
0.60769
-1.048
0.057348
0.019298
0.73525
-1.005
0.49436
-0.2603
-0.1768
0.98205
0.4488
-0.91231
-0.81847
-0.61018
0.90748
-0.57952
0.76177
-0.83299
-0.58519
-0.54429
0.19326
0.83879
-1.0035
-0.89783
-1.0626
0.91507
-0.51466
1.0631
-0.12405
-1.019
-0.1541
-0.77653
-1.0658
-0.20965
0.5181
-0.52967
-0.7662
-0.9181
-1.0016
-1.0085
0.15424
0.40385
0.13733
-0.97248
0.99923
-0.98579
1.029
-0.85266
-0.078882
0.9635
-0.79253
-0.42166
-0.42184
-0.62102
1.0488
-0.51001
-0.45753
0.47096
-1.0175
-0.58167
0.58955
-0.73218
1.1467
0.59606
0.25879
-0.21833
-0.6757
-0.81152
-0.98077
0.71403
0.91542
0.5367
-1.056
-0.96648
-0.95701
-0.97972
-0.46028
0.84759
0.81467
0.23923
-0.90566
-0.78734
-1.0263
-0.9298
0.0847
-1.054
0.68562
0.019291
1.0634
-0.28485
-0.17013
-0.77049
-0.74105
0.97512
-0.039773
-0.23679
-1.0059
-0.82499
0.71888
-0.59209
0.72976
-0.80967
-0.73062
-0.80455
-0.864
-0.79273
0.41733
-0.9576
0.15277
-0.92314
0.63995
-1.1753
0.46699
-0.80947
-1.0323
-0.87365
-0.77189
-0.45415
0.082207
0.36538
0.46848
0.57096
1.0479
1.1088
-0.82272
0.75992
-0.0071178
0.63642
-0.75271
1.0101
-0.76488
0.79842
0.54242
-0.37323
0.72976
-0.34195
-0.4588
0.73233
-0.8014
-0.62796
-0.56476
-0.81363
-0.11778
-0.96065
0.68848
-0.49
-0.64407
-0.56551
-0.97983
0.88742
-0.21416
-0.3927
0.77619
0.83714
0.33138
0.93624
0.23293
0.57775
-0.74962
-0.99748
-0.36663
1.123
-0.99278
-1.1264
-1.0349
-0.75872
0.18815
0.93589
0.60761
0.15578
0.32061
0.6628
-0.71091
0.8709
-0.72573
-0.87428
-0.87127
-1.1123
-0.91221
-0.60324
-0.7526
0.65402
-1.1594
0.40044
-0.26136
-0.43102
-0.27429
1.0461
0.27657
-0.85277
-0.6123
0.45246
0.69473
-0.36341
0.042084
-0.13528
-0.97548
-1.0322
0.47996
0.48667
0.72445
-0.89979
-1.0446
-0.042638
1.0451
0.12791
0.78029
0.101
0.55774
-0.38364
0.80034
-0.43064
1.0511
-0.98484
0.95299
-0.96464
0.88273
-0.70442
-0.85744
-0.39919
-0.83022
0.39168
-0.96059
-0.84347
0.050906
0.67975
-0.041685
-0.50292
0.90148
0.060613
0.56959
0.50244
-0.96222
-0.54896
0.74413
0.34557
-0.14389
-0.47629
0.75375
0.027579
0.81329
-0.78907
-0.76693
-0.03423
-0.9287
0.039826
-0.9221
-0.5558
0.51638
-0.96957
1.036
-0.2335
0.4149
1.1559
0.833
0.64089
-0.5834
-0.88919
0.3551
0.010662
-0.14843
-0.88551
-0.14421
-0.16402
-0.65021
0.40818
0.30541
0.90776
-0.27854
-0.98025
-0.1205
-0.68133
0.71749
0.95509
0.74246
1.0598
1.1327
-0.89483
0.84575
-0.24042
-0.30385
0.12528
0.67281
-0.74116
0.11705
-0.4118
-0.82195
0.71774
0.24591
-0.52316
-0.45118
0.67179
1.1117
0.91797
0.72839
-0.60783
0.54765
-0.25754
-0.25859
-0.88174
0.80182
0.53254
-0.45446
-0.82651
-0.30797
0.53487
-0.28479
-0.46633
-0.62523
0.062335
0.0034155
1.0213
0.96114
-0.63997
0.42375
-0.81266
0.82547
-1.0202
1.051
0.88824
1.0198
0.21269
-0.8511
-0.90925
-0.4122
-0.27844
0.029365
-0.14446
1.0707
-0.7417
-1.2114
0.73015
-1.0072
0.77334
-0.94613
-0.45714
-0.81645
0.40087
0.52475
0.9391
-0.72842
-0.13971
-0.723
-0.84559
-0.9605
0.68344
0.97505
-0.15247
-0.47778
0.7176
0.78839
-0.041786
0.32077
-0.46781
0.59995
-0.96928
0.0030683
-0.95691
-0.14186
0.099128
0.9657
-0.97471
-0.25888
0.61048
-0.42698
0.6463
-0.25495
0.026304
0.54807
0.1685
1.0098
0.61358
-0.98344
-0.95739
-0.46694
-0.03916
-1.0771
-0.56694
-0.035015
-0.42842
0.85879
-0.90874
-0.71893
0.66433
0.94682
-0.80719
0.80758
-0.017179
0.66583
-0.72528
-0.86089
0.3106
0.353
-0.83576
-0.74643
0.54747
0.53704
0.81328
-0.21161
0.75915
0.26142
0.6864
-0.32277
-0.9297
-0.97378
-0.14556
-0.69265
0.11195
0.43648
0.44672
-1.0154
0.40227
0.021088
-0.31349
0.090823
0.73327
0.70686
-1.0057
0.59347
1.085
-0.0043755
-0.26337
-0.038414
-0.91812
0.7904
-0.95754
0.68141
1.1046
-1.1792
-0.77963
0.39092
-1.0147
0.8854
-0.50726
-0.0326
0.092141
-0.23856
1.0195
-0.55233
-0.64087
0.16629
-0.37706
0.061215
0.1724
-0.16675
0.94787
-0.23748
-0.51218
0.69414
-0.049139
0.17408
-0.88559
0.026148
0.11567
0.78958
-1.0036
-1.0305
0.83736
0.83925
0.12935
-0.74074
-0.1778
-1.0136
1.0007
-0.87383
0.80761
-0.92522
-0.33911
0.10588
-1.0569
-0.30028
0.67836
-0.46517
1.004
-0.40409
0.73026
-0.43495
0.13492
-0.97206
-0.91268
0.90819
0.82174
-0.63524
0.82456
-0.3109
0.85197
0.91302
-0.305
-0.89912
0.57329
-1.1426
-0.58551
1.0416
0.8431
-1.0785
0.14055
0.22477
0.73079
-0.93626
-0.48395
-0.43849
-0.56256
-0.65753
-0.30171
-0.78557
0.16594
0.76129
0.88926
0.52911
-0.11101
0.84399
-0.15333
1.0723
0.91904
0.99806
0.32974
1.0278
-0.88136
0.9948
0.16543
-0.81576
0.3541
0.27373
-0.62397
0.57979
0.27939
0.65741
-0.64237
0.96884
0.98455
0.70912
-0.15573
0.40025
0.08793
-0.80401
-0.81335
-0.17073
0.63006
-0.12713
-0.25316
-0.87772
-1.091
0.20693
-0.48397
0.592
-0.89199
-0.8429
0.88048
-0.53636
0.85811
1.0741
0.85637
0.91936
-0.54163
0.93462
-0.85311
0.2802
0.86431
-0.90803
1.0363
0.91337
-0.31152
-0.28868
-0.80515
-0.91204
0.94165
-0.90932
0.97731
0.96648
0.35386
-0.82599
-0.091928
-0.50981
0.47488
0.95532
1.1304
0.33665
-0.70312
-1.0041
0.80613
-0.97004
-0.020986
-0.32667
-0.79797
-0.92709
-0.92828
0.1225
0.30885
0.85453
0.1683
-0.64734
0.69599
0.95728
-1.0361
-0.82836
0.30895
0.039728
0.33714
-1.2186
-0.79261
0.25016
-0.89985
-0.66452
-0.57245
-0.39463
0.35012
0.6656
0.21063
0.6213
-0.95269
-0.75477
0.30859
0.85372
-0.12605
0.99597
-0.32707
0.93149
0.32606
0.15651
-0.96037
-0.070091
-0.85279
1.0025
-0.69972
-0.93676
0.17527
-0.80152
0.76588
0.14864
0.97649
0.73046
0.21311
0.88447
0.98952
0.99584
0.22237
0.97449
0.072983
0.4953
0.35574
-0.80243
-1.0284
0.014676
0.73542
-0.80788
-1.019
-0.073971
0.37769
0.83164
-0.52383
0.96971
-0.77723
-0.96326
0.29939
-1.1297
-0.32375
-1.0245
-0.69978
-0.74082
-0.92396
-0.87016
-0.73057
0.40412
-0.58145
-1.0334
-1.0861
-0.70516
0.95172
-0.65005
-0.45219
0.78256
0.50691
0.38679
0.86462
-1.016
-0.39091
-0.091512
0.77725
1.1284
-1.0457
-0.27275
0.99399
-0.57575
-0.54251
-0.51849
0.11438
-1.0079
0.26446
0.56156
0.3394
0.74057
-0.84743
0.86572
-0.94019
0.42968
-0.82829
1.0828
0.45852
-0.70522
0.57989
0.84979
-0.31092
0.081033
0.98669
-0.97212
0.24145
0.94556
-0.94493
-0.88543
-0.17221
0.3806
-0.35553
0.53525
0.96476
-0.95528
0.52785
0.066752
-0.95365
0.29515
0.64663
0.94243
-0.42092
-0.51472
0.86788
1.0131
0.89059
-0.91928
-1.1041
-0.77754
0.74839
-0.9959
0.32606
-0.90514
-0.63549
-0.20302
-0.75706
0.99758
-0.93033
-1.0021
1.058
0.81914
-0.92536
-0.83396
-0.09452
-0.78074
0.94275
-0.56841
-0.85789
-0.85936
0.38413
0.64017
0.68733
0.04999
-0.85958
0.96784
-0.25249
-0.83178
0.93632
0.86982
0.57308
0.63915
-0.54507
-0.73221
0.27009
1.1967
-0.8316
-0.96404
-0.33196
-0.10858
0.33029
-0.9853
0.17588
-0.64666
0.4385
-0.41037
-0.90589
0.27833
0.8639
0.46975
-0.75296
0.79864
-0.63912
0.90518
0.8062
-0.98477
0.4212
0.76795
0.91326
1.0046
0.79857
0.14396
0.75059
-0.74209
0.90229
-0.0069461
0.55669
-0.88156
0.029601
0.17229
0.028165
0.42592
-1.0141
0.81238
-0.30912
0.82595
0.87546
0.88318
0.81073
-0.62291
0.047784
0.69652
0.049093
-0.97998
-0.1443
-0.35833
0.17081
0.4268
0.40257
-0.83549
0.61784
0.7966
-0.8696
0.92753
0.03956
-0.69935
-0.91617
1.2131
-0.91635
0.30613
-0.97157
0.048812
0.080924
-0.90899
-0.85008
0.12414
-0.28127
-1.0621
-0.69061
1.066
0.62427
0.82503
0.97725
0.405
1.0914
-0.88977
0.21072
-0.32603
0.31485
-0.11522
-0.6285
-0.97376
0.88189
-0.49136
-0.86504
0.1987
-1.0755
-0.47207
0.92873
-0.8905
-0.59686
-0.13345
1.0146
1.029
0.068308
-0.035301
0.027318
-0.10212
0.48997
-0.61059
0.8705
-0.70189
-0.75433
-0.49236
-0.85141
-1.1916
-0.86758
0.66899
0.22328
1.0659
-0.4341
1.0016
-0.6567
0.99908
-0.56232
-0.017643
0.31311
0.70453
0.47872
-0.099318
0.68151
0.20061
0.86914
-1.1371
0.76056
0.26124
0.76797
0.84849
-0.11565
-1.1052
0.89175
0.69926
1.0388
-0.65651
-1.136
0.72484
0.9448
-0.22686
-0.93906
-0.38422
-0.82198
0.49696
0.18474
-0.43753
-0.91906
0.80093
0.71037
0.2698
0.81144
-0.53206
0.61269
-0.86343
-0.97481
-0.94022
-1.0262
1.0475
0.45307
0.0020983
-0.85807
0.52633
0.83208
0.54324
1.0692
0.43553
1.1638
-0.78309
0.51651
0.98195
0.40043
-0.64088
0.92792
0.75284
0.28034
0.14971
-0.74077
-0.74734
0.42468
-0.41316
0.49807
0.46852
-1.0208
-0.185
0.88258
-0.27564
-0.75711
-0.401
0.97988
0.80997
-0.0099091
-0.41674
-0.33841
-0.84115
-0.69178
-0.52317
-0.44246
0.80188
-0.95669
0.98206
0.31938
0.07185
0.071856
-0.66352
1.0308
-1.0326
0.60844
0.90159
-0.99257
-0.36967
-0.027196
-0.65574
0.24147
-0.55518
-0.15795
-1.1114
-0.8696
0.066475
-0.12108
-0.12571
-0.74165
0.96903
1.0407
0.3492
-0.83158
-0.70853
-0.39592
0.33539
-0.79283
1.0856
-0.0082019
-0.14885
0.49644
-0.36126
0.69369
0.10065
-0.39321
-0.98144
0.48261
-0.45842
1.0055
-0.85736
-0.57087
0.84191
-0.75034
-0.4932
0.24472
0.35348
0.187
-0.96714
-0.4173
0.75707
1.0314
0.58988
0.94468
0.68887
-1.0383
0.72804
-1.1011
0.10262
-0.30467
-0.85762
-0.48448
1.0671
-0.40831
-0.18398
-0.27145
1.0855
0.27817
0.14566
0.34026
0.85465
-0.54669
-0.83935
0.012598
0.29517
-0.99924
0.72918
0.72946
-0.68717
0.81974
-0.64671
-0.49282
-0.01993
1.0177
-0.98239
0.21824
0.8349
0.99157
-0.75187
-0.57241
-0.83386
0.193
0.70622
0.72563
0.48072
-0.79876
-0.17288
-0.77475
-0.59909
0.25212
1.0806
0.2855
0.57124
-0.011852
0.28525
-0.73967
-0.9345
0.35302
-1.244
-0.23744
-0.72345
-1.0524
-1.0553
-0.59944
-0.58865
-1.0006
0.99132
0.71833
0.4445
0.93951
0.059035
-0.31123
0.71697
0.65071
0.58365
-1.1209
-0.11106
-0.64796
0.41492
0.94132
-0.48645
-0.911
1.0245
-1.0978
0.892
-0.80463
-0.18346
0.43828
0.76965
0.52639
-0.22692
-0.62631
-0.33613
-0.96983
0.87037
0.28924
0.70096
-1.0599
-1.0285
1.0151
0.84917
-0.60883
0.2285
-1.0467
0.40508
-1.1153
-0.69008
0.79918
-0.42519
-0.55839
-0.18963
0.9852
-0.65761
-0.49217
0.97732
0.8207
0.84861
0.11007
-0.96828
0.1684
-0.79939
-0.71083
0.078232
0.49636
-1.1496
-0.11111
-0.74997
0.38909
0.070259
-0.99708
-0.97096
0.35741
-0.67371
-0.8808
0.67486
0.68277
0.39901
0.94554
1.0424
0.91008
0.78893
-0.1265
0.96906
-0.99776
-0.2697
-0.97722
-0.50802
-0.86599
0.75987
0.88794
0.30774
-0.82852
-0.82452
-0.70618
0.65878
-0.39533
0.04564
-0.94366
0.49399
-0.75656
0.82217
-1.11
-0.65221
0.084177
0.13752
0.78168
0.44804
0.48054
0.36089
0.28595
-0.19782
0.92577
1.0772
-0.59264
0.89678
-1.0011
-0.63809
0.60012
-0.29788
-0.91755
-0.23799
0.85415
0.57301
-0.5488
-1.0475
1.1204
0.73683
-0.42869
0.63459
-1.0113
0.43828
0.6539
0.50964
0.766
0.33525
-1.3179
-0.983
-0.97692
0.95704
0.01235
0.29547
0.825
0.22818
1.0469
-0.29471
0.80201
-0.053741
0.53391
-0.41382
-0.99498
-0.94131
0.12392
0.22579
-0.96149
-1.0283
-0.57817
-0.33718
-1.0003
1.0318
1.061
-0.75584
0.67334
-0.2396
0.81963
0.84131
-0.62588
0.88163
-0.29656
0.40182
-0.36833
-0.20405
-0.47037
-0.29059
-0.35085
0.32771
-0.85504
-0.0045979
0.61579
0.70545
-0.38703
0.15618
-0.88528
0.69874
0.52528
0.78298
-0.38847
0.818
0.84475
-0.69802
0.25497
1.0047
-0.3602
0.30218
0.70508
0.45544
0.91504
0.33143
0.96847
-0.87419
1.0064
0.85468
-0.42117
0.31557
0.24888
-0.41123
0.76979
-0.24731
-0.97579
0.88204
-0.297
-0.96586
0.22686
0.39615
-0.2155
-1.0295
0.90435
-0.75036
-0.92988
-0.72181
-0.73435
-1.0752
0.31245
0.90689
0.66146
0.98883
0.61884
0.89393
0.24416
-0.98261
-0.12212
0.43388
-0.8982
1.124
0.93029
-1.0032
-0.57666
-0.65395
0.78188
1.1787
-0.85666
0.67149
0.25888
0.74425
-0.31744
0.18428
-0.29392
-0.28725
-0.48786
0.73898
-0.84162
-0.49726
-0.15188
0.090355
0.36182
1.0744
-0.8801
0.40279
-0.18142
1.1602
0.75145
-0.84857
-0.35637
0.31658
0.95064
0.28925
-0.87025
-0.26535
-1.0862
0.0057893
0.85227
-0.43665
0.17138
-1.0285
-0.25403
0.59866
0.81004
0.27214
-0.84359
-0.1336
0.38785
0.95654
0.091527
0.65755
-0.14954
-0.82684
0.33095
-0.54519
0.87862
0.44018
0.80433
-1.1376
0.67163
0.64535
-0.0022107
-0.6944
0.93155
0.83452
0.94524
-0.86467
-1.0174
0.7879
-0.57629
-0.98123
-0.10954
0.63277
-0.5234
-0.64095
0.35455
0.37458
0.81807
1.1104
0.82798
1.0322
-0.7892
-0.12589
0.37319
-1.1739
-0.8492
-0.69223
-0.85753
0.71552
-0.31236
-0.76682
0.93725
-0.47269
0.51296
-0.73582
0.29012
-0.31443
-0.9619
0.080443
-0.67884
-0.92385
0.082984
0.17628
-1.2293
-0.27352
-0.9663
-0.57473
0.49864
0.34645
0.28275
0.83527
0.71583
0.011225
-0.70814
-0.81703
0.77109
0.2547
0.73906
-0.13218
0.68286
-0.67548
1.0343
0.31563
0.19787
1.0411
-0.52479
0.066547
0.44804
-0.70907
0.63625
0.7965
-0.80953
0.14146
-0.75504
-1.0386
-0.58638
0.65298
-0.2659
-0.5524
0.10065
0.63782
0.44052
0.030804
-0.70068
0.29976
-0.60528
0.8529
-0.56726
0.8687
-0.55106
0.6779
-0.44336
1.0562
0.77558
0.54648
0.21613
0.050325
0.82384
0.89437
0.86676
-0.48598
-0.19391
-0.86183
-0.89952
-0.42962
0.91744
-0.2449
1.0591
0.92062
-0.93358
1.0265
-0.70115
-0.79271
-0.73691
0.25811
-0.68047
1.0302
-0.93423
0.22456
-0.86131
0.87516
-0.27626
0.047047
0.90124
0.54164
0.92884
-0.15534
-0.12681
0.25536
-0.018446
-0.36163
0.5036
-0.93114
1.0105
-0.76678
0.2917
0.70202
-0.12292
0.77584
0.92136
-0.7547
0.11369
0.41322
-0.053827
0.24813
0.050592
0.56448
0.88549
1.013
0.65281
-0.46735
-0.38793
0.022108
-0.5412
1.0245
-1.0602
-0.32156
0.86014
-0.65709
-0.4301
-0.78409
-0.59294
-0.97972
0.87507
0.89066
-1.0445
0.89337
-0.76184
-0.93231
0.28866
0.28842
0.39128
-0.19411
-1.1644
-0.64577
0.23687
0.23306
-0.13335
-0.73089
-0.68002
-0.090328
0.82612
-0.9325
0.91047
-0.93367
1.2182
-0.89501
1.1467
-0.85628
-0.89988
0.74208
0.93791
0.65719
0.21595
0.98291
0.93662
0.90377
-0.84538
0.95096
1.0505
0.31887
0.34483
-0.41235
0.13919
0.18123
-0.27433
0.71907
0.73833
-0.84774
0.32533
0.36318
0.89675
-0.028805
1.2291
0.15905
0.80802
0.25685
0.0010643
0.15711
-1.1907
0.71996
-0.85039
-1.0873
0.57331
-0.63693
-1.0535
-1.0132
0.76624
0.50354
-1.1149
0.98271
0.9382
-0.59967
0.61513
1.0972
0.93455
0.81193
-0.17179
0.9449
-0.80291
0.26224
-0.27749
1.1568
-0.91124
0.11498
-1.0786
-0.24238
1.1198
0.73676
0.46767
0.48401
-0.26908
-0.23523
-0.81423
-1.054
-0.16775
0.99881
-0.24446
0.0019818
-0.99142
0.1978
-0.25124
-0.76649
0.4444
-0.41388
-0.058008
-0.10259
-0.96983
0.23125
0.26277
0.37379
1.1185
0.39448
0.86891
0.93791
-0.94613
0.78926
-0.61615
-0.93235
-0.88766
0.15263
0.59712
-0.50606
0.21306
-0.29915
-0.9121
0.9758
-0.22742
-0.51602
-0.79127
-0.91727
-0.66268
-0.045825
-0.8998
-0.78661
-0.41366
0.23883
0.36178
0.99839
1.0642
0.62794
-1.0098
-1.0001
-0.6709
0.82194
-0.90329
-0.69783
-0.17552
-0.9847
-0.67527
0.52915
-0.56379
0.83696
0.82873
1.0754
0.92855
-0.97814
-0.40247
-0.2287
0.87975
0.97396
-0.67323
0.91545
-0.96313
-0.81315
-1.116
-0.21922
0.82086
0.9887
-0.58972
0.46222
0.82918
0.60494
-1.0426
-1.0985
-0.9285
0.82356
-0.36508
-0.81013
0.79511
0.1775
0.72335
0.70715
-0.41368
0.51515
-0.6538
-0.77213
-0.99635
-0.42618
1.0156
-0.25457
-1.0187
0.54623
1.0601
0.90438
-0.60241
1.0367
-0.52182
-0.0311
-1.072
-0.6724
-0.59485
0.16255
-1.2326
0.81756
