0.25014
0.57581
-0.9678
-0.79131
-0.93397
-0.85494
-0.97602
1.0718
-0.86858
0.58076
-0.23255
-0.53746
0.55078
0.83003
-0.90523
-0.64176
-1.0167
0.3672
0.85291
-0.24392
0.16679
-0.84165
-0.22016
0.4996
0.3703
1.0481
-0.76693
0.43968
-0.067761
-0.49779
1.0565
-0.88249
0.34054
0.18418
1.0801
-0.054538
-0.55728
-1.0077
-0.17478
0.050717
0.21862
0.94414
0.27202
-0.025744
0.72363
1.0352
0.3376
0.75434
-0.64834
0.96531
1.0342
-0.94962
-0.55196
-0.073499
-0.84696
0.79808
-1.0623
-0.22914
0.37262
1.0131
-0.57409
-0.86353
-0.76164
1.1314
-0.11288
-0.54769
-0.43368
0.70083
0.90136
-0.6941
0.81901
1.0623
1.0756
-0.00066481
0.90134
-0.73368
0.39623
-0.52165
0.63657
-0.58624
-1.0495
1.0129
0.29529
0.50341
-0.84909
0.13759
-0.11029
-1.0404
-0.76484
0.14822
-0.38419
-0.27741
0.7038
-0.75181
-0.82409
0.315
-0.77947
0.23572
0.6231
0.59208
0.90424
0.85204
0.63551
0.84091
0.94648
-0.60148
-0.43397
-0.33351
0.31163
1.0418
-0.55754
-0.93351
-0.9371
1.097
-0.11039
0.86155
-1.0921
1.0798
0.80078
0.099965
0.94037
0.083306
-0.47074
0.18061
0.27494
0.51244
-0.29466
-0.97921
-0.98633
0.92404
-0.98112
0.62518
-0.97212
-0.60796
-0.96819
0.13722
0.13717
0.01672
-0.8357
0.89866
0.43326
-0.85616
-0.89355
0.40678
-0.059551
-1.0935
-0.60861
0.64423
-0.33279
-1.0363
0.20382
0.48435
0.69679
-0.27374
-0.30834
0.42903
-0.89878
-0.92286
0.75427
0.11806
-0.66194
-0.4144
0.88051
-0.84913
-0.9295
0.90485
0.26877
0.39328
-0.80092
0.61375
0.92636
-0.045365
-0.46489
-0.61701
-1.0377
0.35259
0.8464
-0.61559
0.73452
-0.8243
-0.47817
-0.79169
0.56433
0.94167
-1.1269
0.22076
0.89138
0.29185
1.0811
0.97186
0.71223
-0.71935
0.4686
-0.79594
-0.65473
0.88717
-1.0093
0.81326
-0.33206
0.46493
-0.25587
0.61788
-0.18364
-0.6728
-0.78803
0.96493
0.71943
0.7121
0.36901
-0.22556
-0.55834
0.42699
-1.0459
0.7198
0.065498
-1.0556
0.055253
0.67705
0.51618
-0.35767
-0.082604
-0.16654
-0.535
-0.11326
0.49245
-0.75259
-0.31894
-0.14965
0.89847
-0.31135
0.43875
0.88978
0.040154
0.041533
0.54153
0.88663
0.89077
0.67034
0.95751
0.142
-0.6432
0.80087
-0.90766
-0.86682
0.36469
-0.33186
-0.27638
0.59258
-0.11405
-0.93768
0.58736
0.40586
0.56127
-0.24055
0.38395
1.0416
-0.21617
-0.60256
-0.91184
0.73654
-0.80584
-0.79476
0.9994
-0.55952
0.4338
-1.063
0.9422
-0.27851
0.36835
-0.17363
-0.49997
1.0995
-1.0828
-1.0805
0.13617
-0.83564
-0.55411
0.18019
-0.15054
-0.93014
0.092133
0.12408
-0.76696
-0.73418
-0.65222
-0.88686
0.036239
-0.87181
0.92341
0.93501
-0.77559
0.30916
0.48127
-1.1328
-0.85319
-1.1346
-0.30093
0.93973
0.8491
-0.76785
0.39961
0.97686
1.0782
-0.6448
-0.14262
-0.28805
0.91256
0.14853
0.83531
-0.64286
-0.44356
-0.70747
-0.21104
0.0095928
0.0020931
-0.76317
0.020766
-0.11511
-0.2762
-1.1092
-0.67781
-1.0722
0.75844
-0.57886
0.23279
-0.97337
-0.2957
-0.77829
-0.15526
-0.77918
0.044544
0.18019
-0.85899
-0.43211
-0.54699
-0.48812
1.1574
-0.80766
0.04502
-0.13776
-1.1768
0.91136
-1.0732
1.0594
0.11048
-1.1378
0.7317
0.80543
0.46879
1.1201
0.67324
0.48147
0.04467
0.42487
-0.68376
-1.0339
0.1854
0.15821
-1.1067
0.83887
-0.45398
-0.93825
-0.29044
0.18256
-0.57847
-0.94995
-0.17505
-0.64099
-0.71449
-0.20833
-1.0935
0.9714
-0.099076
-0.74627
0.090266
-0.94108
0.43212
-0.4812
-0.92623
-0.83442
-0.11855
0.78684
-0.85704
0.13487
-0.16629
-0.013835
-0.70507
-0.08808
0.94236
-0.73584
0.92512
0.66546
1.0804
0.85301
0.81551
0.99868
-0.32433
-0.33958
-0.1615
0.79839
-0.096875
-1.0389
-1.0841
-0.11713
0.59094
-0.25708
-0.6899
-0.76032
-0.40452
-0.25828
0.222
0.49268
-0.97544
-0.70514
0.96484
-0.66693
-0.3723
1.17
-0.54772
0.17391
-0.28041
-0.87662
0.54232
0.96977
-0.8315
1.0382
-0.52447
-0.71015
-0.14266
0.94979
0.94037
-0.13759
0.27301
-1.1363
-0.50707
-0.86981
0.0082564
-0.62932
0.82484
0.30153
0.84734
-0.81073
-0.094019
-0.19968
0.58048
0.94062
-0.30686
-0.013435
0.95842
-1.2282
-0.90855
-0.98208
0.24783
-0.2438
-0.72569
-0.26131
-0.26741
-0.43796
0.70877
0.019775
-0.31211
0.69148
0.55072
0.75012
-0.60736
0.019149
0.32572
0.030459
-0.87082
-0.71058
-1.0458
-0.40552
-0.91163
0.87649
0.87178
-1.1807
-0.59918
0.21107
0.12623
0.69091
0.48746
-1.0105
0.49186
0.38515
-0.22173
-0.65798
0.90481
-0.95496
-0.36316
-1.0017
0.26651
-0.79872
-0.79764
-0.53088
-0.93273
0.216
0.087099
-0.80549
0.60725
-0.57206
-0.95416
-0.057769
-0.20366
0.19551
0.76033
-0.98471
0.51919
-0.38634
-0.44902
0.19715
-0.31055
-0.54412
-0.41679
-0.89624
0.40464
0.78025
-0.63075
-1.1151
-0.039987
-0.064817
-0.91262
-0.85611
0.80979
0.07038
0.95171
-1.0583
-1.0333
0.2556
-0.87889
-0.25732
-0.90772
-0.14459
0.52251
-0.29757
0.24035
-0.26943
0.83667
0.22371
0.11467
-0.11728
0.29489
0.040691
-0.96182
0.9724
0.85001
-0.94947
0.15466
-0.96202
-0.95909
0.75003
-0.45563
0.070991
0.37422
0.26877
-0.83306
-1.0415
0.95806
0.20304
-1.1716
1.1783
-0.15
0.4314
1.1012
0.12107
-1.053
0.91356
-0.85027
0.90352
0.93843
0.37967
-1.0415
-0.53392
0.20751
0.37926
-0.42384
-0.78525
-0.64572
0.67766
-0.54282
0.72184
-0.2557
-0.51023
1.1466
-0.11785
0.63536
-0.55949
0.13029
-1.019
0.5632
0.17479
0.37425
0.8797
0.91395
0.51613
0.4293
0.71973
0.13687
0.95048
0.88276
0.7978
0.20227
-0.80608
-0.37666
-0.39043
0.064311
-0.39189
-0.11474
-0.83605
-1.0636
-1.018
0.21403
-0.83381
-0.90021
-0.52417
0.6245
0.51408
0.55122
0.83247
0.86321
0.8064
0.33173
0.092471
0.15026
0.85228
0.13923
-0.9664
-0.65291
-0.20149
-0.54915
0.6927
-0.65956
-0.84824
-0.91943
0.91355
-0.57921
0.49947
0.90022
0.8448
0.97968
-0.17011
-0.72186
0.37631
0.4367
-0.087278
0.61432
-0.89821
0.9164
0.90228
-0.83368
0.66475
0.48934
-0.30402
-0.44178
-0.36939
-0.9507
-0.60987
0.93757
-0.42972
0.086496
0.040546
0.80825
0.12991
-0.80503
-1.0739
0.66615
0.54496
-0.51936
0.18336
0.87506
-0.038417
0.48922
-0.11848
0.060145
-0.50626
0.51109
-0.72412
-0.68259
0.081387
0.37396
0.87421
-1.0128
-1.0895
0.84808
-0.13532
0.63479
1.0349
0.55055
-0.20142
-0.0066302
-0.81654
-0.70272
-0.87242
-0.87558
-0.8308
-0.93083
-0.53869
-0.097389
-0.9544
0.21146
0.07329
0.33536
1.0615
0.25929
0.766
0.31263
-0.80143
-0.095583
0.72352
0.87
-0.15727
0.97286
0.30127
0.58149
-1.0646
0.83288
-0.27823
-0.28349
0.82214
-0.92517
-0.10259
-0.8991
-0.67622
-0.083127
-0.68477
0.92012
-0.41125
0.85253
0.26094
0.78682
0.13959
0.29292
-0.81825
-0.63563
-0.82286
0.2603
0.63456
-0.72157
-1.0035
-0.85889
0.9672
1.002
-0.53718
0.63123
0.57925
0.85476
-1.0072
0.35415
0.10352
-0.9506
0.10336
0.172
-0.8592
-0.30719
0.033118
0.4445
-0.24824
-0.70325
0.81508
-0.64744
1.0152
-1.0297
0.85389
-0.97451
-0.5044
1.077
-0.54133
-0.063351
-0.50725
-0.86578
1.0522
-0.067811
0.93695
-0.82647
0.15107
-1.1138
-0.86666
0.1974
1.0952
1.0075
0.90111
0.067067
-0.26634
-0.85329
0.9649
-0.47632
-0.42324
-0.0030471
-0.083265
0.27281
1.0058
1.0683
-0.70804
-0.25777
0.9789
-0.021535
0.19011
0.1011
-0.9668
0.81287
0.019945
0.55834
-0.50982
0.89519
0.2385
0.48033
0.79488
0.31319
-1.0194
0.89926
0.014187
-0.77446
0.30273
-0.67152
-0.5238
0.28049
-0.93722
-0.79646
0.84014
1.0193
-0.46113
0.85799
0.99641
0.43559
-0.72254
-0.010009
-0.90348
0.17092
-0.79554
0.32338
-0.93224
0.11429
0.90292
-0.42853
-0.44016
-0.73182
0.82477
-0.54959
0.80928
-1.0707
0.89803
0.072016
-0.28146
-1.0249
0.88953
0.14659
-0.95335
-0.17484
0.46628
0.86254
-0.49628
0.87904
0.050095
0.87462
0.36695
0.44755
0.96528
-0.29817
0.80732
0.39452
0.99707
0.39364
0.20196
0.60322
0.61425
-0.38118
-0.98434
0.42143
-0.31202
0.80785
0.26989
1.158
-0.75944
0.32867
0.59235
0.86494
-0.12367
-0.91048
-0.78283
0.87956
0.77843
0.67044
0.76848
0.037741
-0.13631
0.69563
0.56073
-0.83868
0.59696
-1.0251
0.62358
-0.77171
-0.42883
0.53583
0.46219
-0.23328
-0.52802
0.076545
0.51802
-0.92236
0.2472
-0.52967
0.35663
-1.0157
0.91107
-1.0393
0.41059
-1.1135
-0.98088
-0.44409
-0.78096
-0.18465
0.94984
1.0197
-0.44309
-0.52087
0.4699
0.98833
0.62568
-0.8448
1.0639
-0.40899
-0.90145
-0.75575
-0.39581
0.10451
-0.67019
0.69204
0.48003
0.8249
0.66868
0.49875
0.079462
-0.20072
0.40245
0.68563
-0.83837
-0.49847
1.0154
-0.18684
0.91061
-0.58099
0.23424
1.1078
-0.76119
-0.85725
-0.84448
-0.42434
-1.0296
0.10841
1.0061
-0.24344
0.56285
-0.83965
1.0326
0.35776
0.29534
-0.5736
-0.71015
0.34086
0.80045
0.65132
1.033
0.3678
-1.0138
-0.27954
0.63063
0.98726
0.45807
-0.038879
-1.2229
-1.0762
-0.50438
-0.61892
-0.33557
-0.42445
0.8617
-0.62987
0.24493
-1.1468
-0.71163
0.43046
-0.69402
0.95322
-0.12056
-0.9359
-0.94395
0.87182
0.076889
0.033722
-0.51279
0.12659
0.71642
-0.87761
0.74267
-0.92409
-1.0341
0.54284
-0.65336
-1.0496
0.92879
0.26073
-0.46387
0.98756
-0.47152
-0.84185
0.56997
0.81875
-0.77132
-0.22955
-0.38876
0.87659
-0.13254
0.20373
0.97864
-0.59051
0.34371
0.98222
1.0479
-1.0629
0.61471
-0.14457
-0.7745
-0.85779
-0.24005
0.50226
1.0025
0.78053
0.52432
0.95158
0.84972
-0.31815
-0.21227
0.89279
-0.63765
0.42243
1.0325
-0.16916
1.0316
0.41031
0.95535
-0.73493
-1.108
0.7835
0.50061
0.4111
0.74899
-0.20339
-0.33899
1.0545
-0.29154
0.60617
0.40198
0.52284
0.18641
-0.88066
0.012757
0.27032
-0.7786
0.85189
-1.0521
-1.0392
0.93902
-0.93941
0.67739
0.90714
-0.0064624
0.57682
-0.61951
-1.1868
-0.91861
-0.67235
0.012393
0.41457
-0.94987
0.012626
0.25614
0.50655
-0.76893
-0.067031
-0.049114
-0.9275
-0.41632
-0.13436
-0.44974
-0.88841
0.61629
-0.40786
-0.3444
0.20047
-0.8425
0.018848
0.7929
-0.4772
0.83188
-0.73137
0.16666
-0.49217
0.70378
0.033629
0.84379
0.96925
0.98915
0.27575
-0.86928
-0.15896
-0.89041
0.71568
0.10851
0.46533
0.29868
-0.8136
0.86584
0.11424
-0.32417
-0.96797
0.36231
-1.075
0.95562
0.27957
0.15691
0.46023
-0.4739
0.80609
-1.0642
-0.11245
0.3122
0.58351
0.93817
0.23121
-0.84059
-0.81055
0.79381
0.80469
-0.24549
-0.24966
1.1978
0.22906
-1.017
0.32559
0.34387
-0.54218
-0.070778
0.9616
0.31036
-0.55037
-0.52754
-0.36302
0.98566
-0.052195
-0.12201
-0.91136
0.01971
-0.92351
0.87925
-0.87979
-0.82022
0.12246
-0.76695
-0.57589
-0.19441
0.78999
-0.14148
0.76555
0.10261
1.0109
1.071
1.0457
-0.32419
-0.51482
-0.49497
-0.73803
-0.79447
0.86054
0.56408
0.79596
-0.45536
0.012519
0.56446
-0.85716
-0.45844
-0.88009
-0.017788
-0.28767
-0.70982
0.86736
0.52584
-0.88605
0.92379
0.5944
-0.19681
0.31495
0.27248
-0.012243
-1.1656
0.70679
0.36524
0.55416
0.10809
-0.90608
0.16021
-0.51406
0.71517
-0.24991
0.92429
0.72962
0.55114
-0.95136
-1.1996
-0.55051
-0.79892
-0.80913
1.0808
-0.27563
0.067316
-0.41411
1.0983
-0.42014
0.20718
0.49198
0.3223
0.71747
-0.10324
0.87465
-0.075807
0.33867
-0.91921
-0.79572
0.0057695
0.97999
1.2069
-0.010966
-0.23312
0.0045235
0.92629
-0.85084
0.79043
0.32373
0.97827
-0.50916
0.60323
-0.48926
-0.13149
-0.48223
-0.70419
-0.935
0.9241
0.52023
-0.40275
0.37111
0.82929
-0.17851
-0.77332
0.058267
-0.26653
-0.12015
-0.49505
-0.60224
-0.91797
0.82826
-0.025596
0.30216
0.60562
1.1511
0.41748
-0.055942
0.04441
-0.13046
-1.0485
-0.6516
0.98505
0.34439
-0.25264
-1.0544
0.49914
-0.35768
-0.95045
1.1651
-0.13635
-0.95153
-0.62337
0.84572
-0.3931
0.92142
0.62898
-0.8925
0.9398
-1.1231
0.026646
-0.95114
-0.855
0.21466
-0.58584
-0.95031
-0.12855
0.26639
-0.83601
-0.52675
-0.76914
0.67276
0.82959
1.0739
0.54916
-0.8194
-0.73858
-0.80381
0.85562
-0.77405
0.89944
0.3699
-0.94125
0.80586
0.66752
0.88504
0.96383
0.77389
-0.87694
0.31865
0.078926
-1.1228
0.58255
0.47288
0.8054
-0.11412
0.66012
-0.72204
-0.73334
0.84911
-0.91616
-0.0074437
-1.0377
0.92136
0.97832
0.5607
-0.64042
-1.0226
-0.6677
0.59945
-0.27093
-0.68019
0.6581
1.1323
-1.0352
0.095834
-1.0876
-0.65404
0.98741
0.8888
0.68685
-0.4492
-1.0033
0.48808
-0.54183
0.94337
0.8595
-0.50156
-0.96826
-0.15947
-0.9275
0.16061
0.36564
0.5279
-0.78407
0.8936
0.81404
0.61704
0.60991
0.83476
0.89275
-1.0696
-0.31863
0.15055
-0.34146
1.29
-0.98962
0.66141
0.70118
0.27248
-0.77176
0.17656
0.71905
0.80431
0.61053
-0.28372
-0.95509
0.51138
-0.087627
0.91035
0.74826
0.33631
0.45417
-0.88819
-0.30694
0.4548
0.89487
-0.50156
0.622
-0.89167
-0.56394
-0.044593
-0.30522
-0.088596
0.97846
0.97153
0.8552
0.19324
0.61848
0.90213
0.49429
-0.42334
-0.019569
0.55705
0.9645
-1.0577
0.054889
-1.083
0.87199
-1.0846
0.86345
-0.45632
0.84471
-0.60183
-0.50158
1.0169
-0.92527
0.49199
0.53404
0.53879
0.021448
0.16814
-0.61703
0.59632
-0.50744
0.87088
-0.95859
-0.78862
0.88819
0.27642
0.96105
0.52559
0.88616
-0.22563
-0.93736
-1.0931
0.65024
0.72231
0.9681
1.0089
-0.80145
-0.97774
-0.48125
1.0004
0.6423
-0.73622
0.9526
-0.80946
-1.0095
0.7684
0.46321
-0.7588
0.80298
0.50077
0.92547
0.71108
-0.11314
0.28488
0.74785
-0.76839
-0.46454
0.81555
-0.84828
0.91789
0.78
-0.94608
0.22278
0.017144
-0.58068
0.55371
0.8091
0.7937
-1.1168
0.48959
0.35443
0.9139
0.96991
-0.094196
-0.9473
0.34724
1.0207
0.91814
0.96707
-0.83157
-0.080355
-0.081099
0.75117
0.099889
-1.011
0.32293
-0.34551
0.7793
0.47151
