-0.4637
1.0172
-0.078816
-0.99859
-0.74921
0.70092
0.046889
-0.32632
-0.026489
1.0761
0.93249
0.4215
-0.71156
-0.51798
-0.95996
0.75943
-1.0808
0.48473
0.27896
-0.99398
0.13858
-0.29298
-0.96061
0.99748
0.29677
0.73969
0.45091
-0.78661
-0.48492
-0.79488
-0.62718
-0.57177
-0.47067
0.70216
0.16049
0.8884
0.51464
-0.80289
-0.2288
-0.58035
-0.87851
-0.72441
0.95406
0.0036137
0.55582
1.0891
0.025716
0.52439
0.91389
0.93303
0.8541
-0.47472
-1.0277
0.97485
0.37506
-0.38928
0.17588
1.0288
-0.75383
0.45234
-0.42333
0.30974
0.16901
0.45669
0.21803
0.48596
0.63651
-0.86931
0.95397
-0.46758
1.0753
-0.33258
-1.0625
-0.53644
-0.51557
0.77771
1.0496
-0.43439
-0.92872
1.0089
0.96166
0.80146
0.2244
-0.8944
0.012026
-1.035
-0.77613
0.87097
-0.83373
-0.53328
0.53369
0.72823
0.024865
0.99996
-0.70441
-0.24596
0.40685
0.93321
-0.63654
-0.40625
-0.95866
-1.1343
-1.0907
-1.0104
-1.0096
0.98485
0.13763
0.31746
0.19629
0.41974
1.0127
0.87252
-0.86405
-0.50055
-0.77068
0.73814
0.94398
-0.77254
-1.0069
0.57387
0.40251
-0.31018
0.61666
-0.80479
-0.78066
-1.131
-0.023084
-0.95738
-0.52163
-0.93903
0.79523
-0.53842
0.83066
0.48775
1.0681
-0.85977
0.044227
0.80481
-1.0326
-0.86328
0.46842
0.92998
0.7202
-1.1201
0.16549
-0.78918
0.2122
-0.32128
0.19252
-0.81941
0.83938
0.73682
-0.16762
-0.49389
-0.45676
-1.0473
-1.0234
0.73217
0.46243
-0.63017
-0.72165
0.26471
0.97424
-0.98011
0.23504
0.71175
-0.37841
1.0546
0.88118
0.20936
0.89932
0.99667
-0.73669
-1.1204
-0.24219
-0.97303
-0.31629
0.63879
-0.57076
-0.10562
1.2075
-0.76344
0.85838
-0.10712
0.046767
-0.62666
-0.77324
1.0149
-0.96735
0.96445
-1.0562
-0.55367
-1.0344
1.0401
0.92642
-0.78524
-0.41474
0.11516
0.085723
0.11858
-0.24289
0.047863
0.82195
0.86334
-1.0164
-0.83856
0.037209
0.62704
0.23724
-0.51592
-1.0574
-0.99061
0.31052
0.7275
0.90366
-0.048523
1.0092
0.89465
0.52161
0.51203
-0.65446
1.0318
-0.27939
0.69938
1.0197
-0.058735
-0.23398
0.85268
-0.2539
-1.0175
-0.2771
-0.49933
0.69849
-0.081354
-1.0586
-0.61153
0.83617
0.72342
-0.8617
0.024704
-0.58994
0.69934
-0.15036
-0.9364
0.84897
0.85623
-0.20911
1.0331
0.85154
0.8399
-0.72939
-0.12567
0.90239
0.14194
0.76952
-0.29077
0.8864
0.87494
-0.99384
-0.854
-0.15296
0.85654
-0.9261
0.41228
-0.58818
1.0128
0.38992
-0.51578
0.70633
-0.45275
-0.06125
-1.0532
-0.083423
-0.15346
-0.1551
-1.0847
0.92995
0.18572
-0.46142
-0.44686
-0.90349
-0.43683
0.84398
-0.86172
-1.0694
-0.92999
-0.32631
-0.22357
-0.17303
0.23581
-1.1899
-0.62147
-0.44188
-1.0151
-1.0977
-0.9081
0.47128
-0.85895
-0.95899
-0.68809
-0.8992
0.13171
0.94706
0.89352
0.43994
-0.38347
-0.38922
0.9078
0.97011
1.0235
0.51651
-0.18281
0.66593
0.57486
0.065498
0.42626
1.0799
-0.9569
0.74788
1.1238
0.0077575
0.97622
-0.16834
0.68086
0.3045
-0.54118
-0.78711
-1.216
0.92914
-1.0952
0.12127
-0.60695
0.93248
0.66699
-0.61325
0.67331
1.0681
0.88206
-0.051708
-0.57771
0.91005
-0.61253
-0.70687
-1.0437
-0.22297
0.78628
0.8245
0.93456
0.61161
-0.71507
0.12952
-0.97359
-0.59516
0.23622
0.86246
0.76833
0.030669
0.67162
-0.42732
0.077853
0.42061
-0.017013
-0.4287
0.72542
-1.0358
1.0314
1.0062
-0.39774
0.90047
1.1081
0.97432
-0.39344
0.84596
-0.67081
0.65412
0.62575
0.90573
0.86059
-0.61655
0.74098
-0.61489
0.2889
0.85796
0.7359
-0.067115
0.17763
-0.90865
-0.39579
-0.83693
0.98291
-0.0685
-0.12975
-0.85786
0.14115
-0.3127
0.33565
1.0153
-0.75587
-0.79616
0.11157
-0.40033
0.17639
0.23131
0.42022
0.68119
-0.75696
0.62255
0.52886
-0.92793
0.87451
0.11035
0.4876
-0.74693
0.86495
0.060212
1.141
-0.34984
1.0322
0.81482
-0.46544
0.31888
-0.79995
0.66855
-1.1467
0.061879
-0.85968
0.39009
-0.72035
0.11216
-0.29085
-0.053084
-0.67953
0.07252
-1.0344
-0.18055
-0.58569
-0.61212
-0.91317
-0.89985
-1.2328
-0.82921
0.80532
0.34164
-0.83738
-0.30429
0.66077
-0.71476
-0.79796
0.76822
0.26003
-0.98782
-0.75468
1.1186
-0.21924
0.01534
0.56459
0.11356
0.84298
0.011095
-0.94612
1.1995
0.80978
-0.78103
0.41305
0.92552
-0.88378
0.95445
-0.22493
0.14046
-0.24445
0.14816
-0.30561
0.4435
-0.18644
0.61973
0.104
0.14234
0.87772
0.23597
-0.4497
-0.83408
0.69151
0.87412
-0.10314
-0.91175
1.0261
0.090025
-1.0505
0.93466
0.44701
-0.88297
-0.85744
-1.1468
0.17758
0.70192
0.92536
0.74386
-0.65147
0.2714
-0.16429
-0.47135
0.64785
0.4975
0.94142
-0.61904
-0.54017
0.90982
0.55893
-0.33537
0.18761
0.38412
0.90483
0.2977
1.1781
-1.031
0.38154
0.57666
0.73717
-0.79508
0.98914
1.1927
0.55013
0.59671
0.66916
1.0371
-1.0133
-0.13338
-0.26669
-1.0215
0.93014
-0.34716
-0.23617
-0.2318
0.94634
-0.027352
-0.6583
0.75389
0.92768
1.0336
0.78968
0.49499
0.84135
0.68111
0.71599
-0.91032
0.50065
-1.028
-0.9214
-0.82679
-0.84286
-0.80197
1.0326
0.29555
-0.34998
-0.31781
0.79426
0.2364
0.91822
-0.89934
0.82782
0.97572
0.44663
-0.83835
-0.4444
0.37328
-1.0914
-0.80245
-0.81427
0.21314
-0.88288
0.16222
-0.067502
0.093517
-0.59353
-0.87242
0.43062
1.076
-0.70446
0.77837
-0.0086813
-0.20758
0.67367
0.056454
-0.24976
0.42761
-0.54541
0.38523
0.95613
-0.73833
-1.0659
0.28608
0.48428
0.75064
0.59885
0.070825
-0.70582
0.68757
-0.51195
-0.08421
0.91248
0.85014
-0.7307
-0.86184
-0.58995
-0.47714
0.63061
-0.34711
0.59606
-0.96992
-0.15552
-0.80606
0.79448
0.60988
-1.111
-0.73266
-0.14892
0.91409
-0.42389
0.72532
-0.19226
-0.060631
-1.0411
1.0353
0.031009
-0.52368
-0.10171
-1.0529
-0.88647
-0.47978
0.16016
-0.85459
-0.74983
-1.0606
0.3056
-0.57219
0.25357
0.14503
-1.0368
-0.99619
0.94755
0.65669
-0.89902
0.30616
-0.94577
0.45507
0.34119
-0.64986
-0.943
1.001
1.0724
-1.0013
-0.33738
0.90552
1.0512
1.2319
0.60909
0.81189
0.82112
0.64552
-0.14551
-0.16867
-0.95329
0.90685
0.29928
0.9638
-0.46108
0.88637
0.99096
-0.72162
-0.48838
-0.79915
0.096728
1.0997
-1.0061
-1.0998
0.70932
0.32966
-0.84578
0.79379
-0.81218
-0.79077
0.9333
1.0068
-0.92009
-0.64696
0.42483
-0.15826
-0.23204
-0.32027
0.33093
1.0221
0.81209
0.73652
-0.61023
-0.15531
-0.59126
0.076987
0.54933
0.82409
-1.0078
0.059673
0.76944
1.0063
-0.56437
-0.81461
-0.67137
0.95861
-0.84993
0.84354
-0.89919
-0.057012
0.75614
-0.64546
1.0374
0.023898
-0.4402
-0.28954
-0.80512
0.886
0.96595
0.26789
0.37389
-0.043611
0.49143
0.72627
0.91491
-0.49701
-0.89969
0.74379
-0.73662
-1.1469
-1.0389
-1.0337
0.50531
-0.11835
-0.13721
0.73373
-0.67258
-0.89736
0.667
1.0253
1.0515
0.32074
-0.89721
0.039086
-0.43896
-0.56484
-0.79018
0.1004
0.90184
0.38293
0.37915
-0.083491
0.48118
0.29423
0.43642
0.1315
-0.20175
-0.017681
-0.62406
0.46813
-0.18181
-0.069934
-0.82712
0.13237
0.78562
1.0047
-0.64852
-0.21276
0.68263
0.76191
-0.5324
0.62797
0.61511
-1.0911
-1.0036
-0.93296
0.88323
-0.17508
-1.0116
0.64224
-0.85978
1.0631
-0.68621
-0.56822
-0.1712
0.11349
-0.85166
0.77327
0.66356
0.46784
0.92665
-0.77493
-0.93048
0.52424
-0.37605
0.78818
0.44928
0.59085
0.85254
0.7636
-0.07374
-1.0355
0.94311
0.73195
0.68624
-0.6767
-0.046796
0.26939
-0.70247
0.98227
-0.62595
-0.50156
-0.70288
0.031904
1.057
-0.82608
0.9409
-0.95916
-0.17666
-0.17425
-0.04939
0.74969
-0.23196
-1.006
0.26729
-0.81653
0.60526
0.50846
0.43992
-0.92639
0.037042
0.064706
0.89995
0.21903
-0.69738
0.72376
0.77265
0.62992
-0.57895
0.11148
0.21653
0.87799
0.51518
0.98376
0.38321
0.42117
0.47748
0.82619
-0.045977
0.64252
-0.3838
0.051211
-0.86927
-0.070715
-0.32061
-0.97378
-0.85028
-0.26679
-0.45167
-0.72621
-0.12031
0.43801
0.7206
0.35464
-0.56817
0.18146
0.99885
-0.3792
0.94713
-0.20299
-0.93949
-0.90339
-1.1777
0.71657
0.34099
0.093264
-0.60126
-0.32509
0.88948
-1.1022
-0.72573
-0.97341
0.45593
-1.0847
0.73537
-0.26907
-0.2382
1.0019
0.65705
0.76762
-0.70125
-0.6758
0.98425
0.43263
0.54442
-1.0254
0.88204
-1.1103
-0.02609
-0.91338
-0.75054
-0.10094
-0.92311
-0.12542
1.1786
0.39787
0.92745
0.5101
0.41687
-0.58334
0.069096
-0.89929
-0.20462
0.60306
0.88921
0.52042
-0.056694
0.32943
0.089456
-0.97199
-0.27913
0.78028
0.2133
0.90513
0.69607
0.34641
0.64391
0.98904
0.2149
-0.91216
0.08827
-0.58865
-0.59425
-1.0261
0.55425
-1.111
0.55605
-0.41471
0.16494
0.17946
-0.60367
0.96713
0.69245
0.30691
0.079653
0.91348
-0.60339
1.19
-0.72272
0.70592
-1.0672
0.32119
0.94639
0.082782
0.48865
0.29224
-0.58887
0.8646
0.92814
-0.0091651
-1.0556
0.42363
-0.55556
0.16712
-0.54035
1.1184
-0.14313
-0.52026
1.0126
0.80795
-0.81437
0.26973
-0.12329
-0.23451
-0.045975
0.88401
-0.74405
0.19308
-0.32583
0.22168
-0.93052
-0.15272
0.88591
0.37973
0.45345
-1.0485
0.94311
-1.0313
0.847
-0.017666
-0.67819
0.44164
0.25009
0.82916
-0.18509
-0.84661
-0.65578
0.19627
1.1397
0.92244
-0.86337
0.85382
1.2161
-0.1196
-0.69145
0.4363
0.68712
0.36963
0.59599
0.91094
0.41618
0.43897
0.71074
0.19476
0.25499
-0.14106
1.0649
0.094138
-0.54981
0.976
-0.81982
-0.82284
0.042078
-0.80763
0.67715
0.0021802
0.5007
0.59165
0.60972
-1.0394
0.4687
-0.51536
-0.80933
-0.83027
0.61573
0.9564
0.68395
0.84673
0.27966
0.087052
0.62622
-0.12196
-0.84722
-0.34289
-0.1171
-0.020468
-1.0434
-0.51494
-0.56351
-0.64967
-0.29507
-0.24232
-0.65851
-0.1046
0.87757
-0.92145
0.45585
0.92604
-1.053
-0.33449
0.87183
-0.61776
0.030499
0.51629
0.38225
-0.7849
0.020595
1.0969
-1.1214
-0.0045505
0.018244
0.73461
0.59002
0.97925
1.0319
0.12973
-0.74181
-0.020932
0.90473
0.99083
0.57893
-0.66097
-1.1825
-0.82828
1.0589
0.0072386
0.65406
-0.20521
-1.0333
0.53527
-0.98992
0.9108
-0.53461
0.84229
0.60157
0.59089
0.67808
-1.1457
-0.52557
0.22452
1.023
0.71761
0.2402
0.33485
-0.4407
-0.83381
-0.58112
0.48405
0.60811
-0.42056
-0.75216
-0.86963
-0.82339
0.91436
-0.91223
0.75524
0.70742
-0.98604
0.87138
-0.51757
-0.0075987
0.91835
0.84309
0.14222
0.79165
-0.43656
0.69526
-0.43863
0.66263
-0.99267
-0.93637
0.26697
-0.3885
-1.0348
-0.82228
0.65858
-0.33288
0.29712
0.3343
-0.46592
-0.38761
-0.45857
-0.2188
-1.0814
-0.86074
-0.83457
-0.75947
-0.37507
-0.8645
0.70091
-0.28184
0.50842
-0.77849
0.41398
0.69539
0.42324
1.0119
0.76414
-0.75507
-0.97283
-0.45183
0.78141
0.85431
-0.91933
-0.78279
-1.0636
0.27513
0.96015
-0.86292
-0.77829
-0.30203
-1.1084
-0.98009
0.027285
-0.55392
0.86501
-0.05114
-0.94811
0.44159
0.93206
-0.69546
0.28998
0.019042
0.83211
-0.75269
-0.2138
-0.50432
-0.38117
0.37256
0.31761
-0.29994
-0.57451
-0.89564
-0.21557
-0.46696
0.18239
-0.53931
-1.018
-0.48136
-0.25944
0.1891
0.086918
-0.78085
1.0153
0.36625
0.066218
-0.77955
-0.74172
0.64326
0.49913
0.87554
0.75992
0.0427
0.15431
-0.90327
0.4881
-0.34636
0.63318
-0.39848
0.533
1.2124
-0.68324
-0.91556
0.57356
0.019613
-0.48839
1.1102
-0.39629
-1.0278
-0.59328
0.76308
-0.48836
-0.9202
-0.14346
0.13557
-0.70107
1.0448
0.37407
-0.22886
0.031308
0.49853
0.99256
0.75038
0.47657
1.0051
-0.43155
0.90316
-0.98509
-0.53991
-1.1998
-0.42934
0.10702
0.53049
-0.087417
-0.96301
0.31748
1.0065
-0.8907
-0.0052772
0.65003
-0.28654
0.81211
-1.0291
-0.74377
0.53596
-0.49847
-0.48594
0.06037
1.0509
-0.98917
1.251
-0.62354
-0.81347
-0.98383
0.7276
-0.037523
-0.92099
0.069598
-0.2533
-0.55735
-0.59737
-0.79678
-0.63931
0.96891
0.04704
-0.76244
0.45267
-0.13122
-1.1007
-0.84709
-0.13084
0.25383
-0.25223
-0.38015
0.31949
0.41126
0.070562
0.53984
-1.0333
0.56365
-0.78141
-0.46266
-0.052457
-0.8469
0.84339
-0.50679
-1.0718
0.83447
0.2232
-0.29111
0.74246
0.50523
-0.89613
-0.99717
0.94669
1.0452
1.0372
0.84258
0.051299
0.9489
0.98845
-0.76549
0.86862
-0.43261
0.59875
0.88478
0.21195
-0.94207
0.040325
0.52083
-0.8788
-0.81795
-0.90038
0.7864
0.056855
-0.056684
0.4944
-0.10814
-0.78516
-0.73898
-0.3779
-0.47087
0.93616
-0.40826
-0.34867
-0.67729
0.46328
-1.0335
0.7188
-0.43783
0.38288
-0.62875
0.64236
0.53591
0.97056
0.70433
-0.65698
-0.9917
0.46042
-0.95743
-0.90861
-0.060369
-0.86933
0.20506
0.81723
-0.75196
1.0519
0.52738
0.4378
0.88151
0.4029
-0.10757
-0.46793
0.9722
-0.94059
0.92278
-1.0092
1.1216
0.72169
0.15001
-0.69477
-0.50724
-0.35154
1.0093
-0.71891
0.62908
0.88118
-0.41662
-0.56243
-0.94686
-0.39876
0.12479
0.14663
-0.90777
-1.2428
-0.77403
0.24132
-0.58642
0.34715
0.37118
-0.87201
-0.53458
0.25181
-0.83855
0.92029
-0.72592
-0.14914
0.37488
-0.44391
-0.64544
1.0548
-0.47978
-0.97293
0.94122
-0.91663
0.94592
-0.20201
-0.2517
-0.3473
0.050316
-0.094857
-0.42928
0.69498
0.87629
-0.5967
0.054392
-0.084579
-0.41833
0.92077
1.0016
-1.0857
-0.82851
0.29519
-1.0439
-0.77673
-0.97301
-1.1595
-0.41599
0.42844
-0.60467
-0.87993
-0.89171
0.71911
0.27015
-0.91436
0.87672
1.0259
0.72085
0.82468
0.031624
-0.85729
0.70249
0.50476
0.063095
0.41028
-0.49983
1.0339
1.0667
1.042
-0.15908
0.68092
0.87312
0.90357
1.0352
-0.98042
-0.87484
-0.77086
-1.1982
-0.49841
0.75609
0.85909
-0.47515
-0.67357
-0.64106
-0.80577
0.20974
0.70479
0.40765
-0.58744
0.10171
0.54065
-0.73017
-0.98773
-0.40425
-1.2776
1.0216
0.040275
-0.55271
-0.64079
1.0659
-0.54772
-0.95261
-0.269
-0.86551
1.0283
-0.56603
0.037636
0.74832
0.35937
