-1.0236
-0.53305
0.77786
0.55254
1.0194
0.55928
-0.88859
0.2087
-0.44502
-0.0096332
0.95568
1.0662
0.73495
-0.30177
0.91727
0.52115
0.24224
-0.3576
-1.0205
0.30881
0.9967
-0.91829
0.093969
0.82182
0.48767
0.77807
0.2241
-0.65335
-0.99083
0.47614
-0.11394
-0.88272
0.54616
0.92351
-0.88469
-0.47837
0.78322
-0.90563
-0.29377
-0.038998
-0.75406
-0.71809
0.94096
-0.99057
1.0011
0.79129
-0.72193
-0.85582
0.85529
-1.1456
0.13513
0.2973
-0.055627
0.57319
0.23528
0.48422
-0.50477
-1.0628
0.17947
-0.83982
-0.018096
0.78697
-0.52777
0.78085
-0.88744
-0.85427
-0.21787
0.38909
1.0799
0.87482
0.70357
-0.63977
0.64514
-0.28747
-1.0143
0.96234
-0.76606
1.0618
-0.57027
-0.077402
-0.96382
-1.0362
0.92706
0.85053
0.3228
-0.7928
-0.56346
-0.81087
0.83172
0.7843
-1.0263
-0.50929
0.54045
1.0847
-0.71077
0.39855
0.57701
-0.32945
-0.10482
0.22909
-0.90025
0.50215
0.9537
-0.86017
0.82368
-0.88983
0.49779
0.96814
-0.1029
-0.98397
-0.40362
-0.91594
0.57748
-0.35408
0.33894
0.89466
0.49212
-0.70613
0.94404
0.60307
-0.24114
-0.95152
-0.14698
-0.88736
0.1486
-1.0318
0.7054
-1.1908
0.92211
0.77092
-0.074107
-0.78375
-0.80156
-0.43155
0.62542
-0.40564
0.19496
0.053038
-0.91725
1.175
0.67487
-0.76297
-1.1092
-0.76131
-0.21076
-0.32597
0.30642
-0.15637
0.5449
0.39004
0.80023
0.88149
0.12753
0.93678
0.90003
-0.59563
0.26281
-0.68374
-0.65768
0.92661
-1.1358
0.17618
0.64357
-0.66775
-0.91008
-0.85765
0.67725
-0.82881
0.35222
0.86455
-0.92059
0.65133
-0.33122
-0.66869
-0.72639
0.093223
0.39258
0.53195
0.42883
0.3786
-0.59784
-0.29936
-0.50158
0.98396
1.1654
0.92949
-0.87813
0.82086
0.61294
-0.04121
0.0068043
0.93876
0.072817
-1.0344
-0.22654
-0.52943
0.52987
-0.94127
0.42092
0.83278
-1.0119
0.64836
-0.28395
1.0296
-0.92919
0.68042
-0.6899
0.94976
-0.87125
0.88498
0.23196
-0.99051
-0.21056
-0.29638
-0.86558
0.60923
0.94464
-0.085796
-0.86972
-0.62684
0.83734
-0.97425
0.93107
-0.925
0.97033
0.63936
0.097219
0.31808
0.7899
0.16829
-0.12982
-0.76915
-0.78821
0.48252
0.44875
0.58163
0.75988
0.95599
0.99202
0.31683
0.98896
-0.087829
0.73844
-0.99637
0.88853
-0.87092
-0.78625
-0.2171
0.87766
0.42496
0.027547
0.29856
0.051879
-0.22388
-0.72418
0.47507
-0.72456
0.90596
-0.24459
-1.0016
0.43701
0.85127
-0.11427
-1.177
0.84125
-0.58652
-0.70898
0.056771
0.5819
0.84639
0.35602
0.06008
0.61631
1.1355
0.88225
0.4545
-0.089325
-0.40303
-0.69669
-0.006222
1.1205
-0.76685
-0.99644
-0.68552
-1.1094
-0.49105
0.41796
-0.26476
0.82964
-0.26684
-0.89688
-0.90738
0.098853
0.63967
-0.95027
0.27612
0.42636
0.91763
-0.13865
-0.72731
-0.88915
0.65901
0.89534
0.76607
0.90338
-1.0274
-0.23996
-0.37154
-0.13012
-0.010407
0.0087635
-0.032135
-0.93551
0.73272
0.36608
0.36565
-0.78317
0.89416
0.91498
0.50047
1.0225
-0.43879
0.9872
-1.0707
0.90708
-1.0986
0.88095
0.87202
0.11607
-0.78662
-0.87401
-1.0482
-0.020238
-1.1312
-0.3102
0.56298
0.7727
0.38665
0.42015
0.31649
1.0637
-0.13821
-0.76241
-0.94313
0.90808
1.0349
-0.45595
-0.7503
0.64593
-0.78079
-0.77638
-0.99319
-0.776
-0.018753
-0.19982
0.92223
-0.01396
0.67839
-0.77105
-0.51444
-0.3536
-0.54578
-0.15508
0.82155
0.93273
-0.24316
0.73226
-0.52421
-0.46695
0.87424
-0.72316
-0.94443
-0.11731
1.0352
-0.15686
0.35303
1.0299
0.77102
0.00033994
0.63542
0.78476
0.99829
0.58977
0.64434
-0.98104
0.22762
0.79753
-0.48581
1.0904
-0.77103
-0.52714
-1.029
0.83551
-0.71107
0.621
-0.6639
0.0075336
1.0671
1.0325
-0.92486
0.61788
-1.0785
-0.19876
-0.83754
0.39791
0.82919
-0.96871
0.17108
-1.0416
-1.0212
0.62068
-0.7058
0.76286
1.172
-0.37177
0.73683
0.33383
-0.72927
0.99909
-0.97843
-0.7804
-0.95705
-0.82249
-0.90708
0.30634
0.37939
0.36543
0.12975
0.76994
1.0142
0.7954
1.0436
0.83529
-0.26851
-0.71915
-0.83062
-0.51372
-0.84159
-0.86216
-0.86186
-0.93999
0.43715
-0.1596
-0.68598
1.1002
-1.0184
0.56475
0.25002
-0.20496
1.1895
-0.4071
0.44398
-0.98838
-0.077085
-0.93922
-0.15666
0.7457
-0.90162
0.12899
-0.96488
-0.44063
0.92937
-0.63389
0.77662
-1.0682
-0.49313
0.089792
0.44638
0.81358
0.8052
-0.91645
-1.0309
0.76706
-0.54228
-0.37107
-0.4082
-1.0036
0.06913
0.17885
-0.24129
0.98237
0.63415
0.50918
-0.27343
-0.37736
0.18646
-0.89196
1.0173
-0.20387
-0.69805
-0.83609
-0.57371
-1.0156
0.13459
-1.0949
-0.5808
-0.038087
0.18271
0.23798
1.1195
0.34446
-1.192
-0.89276
-0.52168
0.49493
0.93176
0.050898
0.74627
0.82554
1.0492
1.0007
-1.1662
-0.77562
-0.54675
0.083248
0.59495
-0.68493
0.75431
0.91483
0.081813
-0.72123
0.82385
-0.91612
0.087779
0.95602
-0.91488
1.0564
-0.8793
0.68253
-0.98766
-0.7406
-0.3391
-1.0616
-0.042265
-0.52172
0.60232
-0.53015
0.5521
-0.86139
1.0094
0.95911
-0.12572
-0.92641
1.0282
0.46666
0.80476
0.19165
-0.92003
0.93308
-0.95199
-0.83781
0.45222
-0.017749
-0.39132
-0.86667
-0.81119
-0.99211
0.89511
-0.61189
-0.33566
-1.057
-1.0769
-0.53657
0.99436
0.76605
-0.92546
-0.14465
-0.47343
-0.66988
-0.6887
-0.81029
-0.68093
0.077647
1.1828
0.32445
0.00061522
0.074002
-0.42412
1.027
0.12
-0.22993
-1.0021
-0.477
0.90014
0.06899
1.0474
-1.0283
-1.026
0.72708
-0.039619
-0.13797
0.62263
-1.1676
-0.33646
-1.1706
-0.77989
-0.91107
0.78651
1.0944
0.44667
0.11184
-0.53097
0.040077
-0.89853
0.30698
0.98039
0.098527
-0.51196
-0.41285
0.90407
0.94917
0.28141
-0.62006
0.094397
0.98483
-0.35532
-1.0025
0.99966
1.0514
0.90174
-0.91463
0.10139
1.0034
0.22453
-0.2352
-0.086963
-0.44709
0.77351
-0.89371
-0.053234
-0.53849
-0.60025
-0.42545
-0.81858
-0.77471
-0.81184
0.15244
0.59334
-0.090587
0.88132
0.045954
0.25573
-0.88981
-1.0285
-0.86333
0.0099341
1.0592
0.26157
-0.36696
0.30242
0.93716
1.0215
0.35515
1.0819
0.7826
-0.83955
1.1228
0.3286
-0.85817
0.65065
0.40334
1.0037
-0.72658
-0.28193
0.24009
0.68686
0.39021
0.94676
0.9079
-1.0325
0.58748
1.0126
0.65861
-1.0385
-0.05203
-0.95189
0.40542
-0.82902
-0.74773
0.74441
0.30742
-0.31302
0.80258
1.0196
-0.33539
1.0046
0.67484
0.27394
1.1657
0.92738
0.10135
-0.57911
0.5064
0.48087
0.45754
0.81848
1.0219
1.0179
-0.81563
0.063329
-0.37933
-0.78288
-0.39615
-0.28702
1.0875
0.85715
-0.84368
0.15915
0.93467
-0.0049079
0.092793
-0.45119
-0.97186
0.028334
-0.99787
-0.58926
-0.64272
0.77864
1.0294
-0.89482
-0.15853
-0.64042
-0.32587
-0.94494
0.58069
-0.015547
0.55677
0.013204
0.60321
-0.85317
0.29114
-0.20822
0.27607
-0.7627
0.8658
-0.033811
0.26976
0.5541
-0.66369
0.075839
-0.75601
-0.21863
0.98169
-0.52134
0.91009
-0.70738
-0.096588
-0.15375
-0.46388
-0.80899
-0.32835
-0.32833
-0.47578
0.85707
0.81037
-0.020771
-0.54015
-0.57451
0.035843
0.47711
-0.86709
-0.43509
0.31558
0.049721
0.14752
-0.88859
0.19243
1.1897
-0.35046
-0.95101
0.54876
0.26702
-1.0631
0.75841
-0.36315
-0.78523
-0.34955
-0.45029
0.81175
-0.49655
0.76624
0.1715
0.67717
0.026269
-0.82424
0.35095
1.1138
0.87285
0.9
0.55505
-0.32781
-0.66792
-0.8012
0.69968
0.53643
-0.85409
-0.85075
-0.080039
0.32041
-1.0426
-0.50406
-0.61406
1.0695
0.054827
0.44652
-0.97812
0.42863
-0.062968
-0.88171
0.98205
0.25543
-0.44475
-0.00064916
0.334
0.28551
-0.40763
-0.96598
-0.73539
0.57625
0.79269
-0.89258
-0.39858
-0.83886
0.40712
-0.73719
-0.10557
-0.58214
1.0649
0.70887
0.48039
0.30296
-0.57065
0.3872
0.84742
0.68976
0.7497
-0.13863
-0.72328
-0.075905
-0.75602
-0.039432
0.18655
-0.32276
-0.22896
-0.70412
-0.095958
0.29116
-0.75658
-0.30469
0.46998
-0.19683
1.2431
1.0031
0.75952
-0.17897
0.80148
-0.84244
0.63306
1.001
-0.24317
0.94172
-0.35019
-1.0582
-0.40526
0.28372
0.14356
0.91999
-0.93987
-0.30832
-0.84
-1.1231
-0.24235
-1.0508
1.0195
0.70195
0.46285
-1.2005
-0.75488
-0.49746
-0.84185
-0.32747
-0.47404
-0.053453
-0.19725
-0.3606
-0.63983
0.92754
-0.26561
-0.91564
-0.87559
-0.14389
-0.89946
-0.8032
-0.99844
0.99158
0.36413
-0.271
0.22758
-0.9664
0.38663
-1.026
-0.41774
0.3821
0.18353
-0.89485
0.86176
0.87783
0.84395
-0.8705
-1.0686
-1.1151
1.2485
0.24904
0.97161
0.66847
0.22423
-0.44136
1.0791
0.73255
-1.1071
0.085755
-1.072
-0.057223
-0.023433
-0.86307
0.90623
-0.80163
1.1553
0.011663
-0.57846
-0.68569
-0.1355
-0.90084
-0.60179
-0.80966
-0.15528
-0.71165
-0.1211
-0.10294
-0.83348
-0.027046
0.57698
0.18718
0.014038
-0.37989
0.75857
-0.54654
0.90349
-0.53531
-0.97847
-0.50846
1.0194
0.89136
-0.010232
0.79695
0.48044
-0.18697
0.81877
-0.92129
-0.64192
0.38401
-0.1017
0.51864
-0.70535
0.79296
-0.97638
0.71984
-0.54772
-0.4691
0.38985
0.47557
0.98225
1.1195
-0.52867
-0.69421
-0.8236
0.44345
-0.23691
-0.75113
0.89035
0.041387
-0.47801
0.9297
-0.82015
0.77299
-0.54407
0.83145
-0.14465
0.76792
0.3549
0.50782
-0.8608
-0.93976
-0.94014
0.91371
-0.047492
0.87
0.25115
0.019573
0.6361
0.64088
-1.0448
1.0139
0.52863
0.73493
1.0068
-0.88024
1.0924
0.75198
0.84898
0.43438
0.43647
-0.93099
-1.0233
0.7704
0.77167
0.96423
-1.0128
-0.69258
0.718
-1.0623
0.98617
0.32129
-1.1891
-0.39211
0.12029
-0.76352
1.0877
-0.87227
-0.14746
0.49063
-0.67456
0.71689
-0.5306
-1.092
0.28199
-1.0235
-0.29608
-1.0452
0.7149
0.45313
-0.42314
-0.17954
0.020925
0.9435
-0.050856
-0.50605
-0.089974
-0.35015
-0.015798
0.30332
1.0453
-0.77792
-0.95565
-0.19786
0.87489
-0.26774
1.0113
-0.14474
-0.16713
-0.63802
0.31514
-0.70763
0.65204
-0.74655
0.90037
0.48806
0.34835
-0.85813
-0.99096
-0.24616
-0.99467
-0.64094
-0.24905
-1.0689
0.95947
0.66473
-0.00073484
-0.21078
-0.85229
0.16333
0.47784
-0.12975
0.70214
0.34532
-0.78368
0.44903
0.38196
-0.42497
0.96278
0.25879
-0.69382
-0.96334
0.34672
0.035215
0.66416
0.72591
-0.14692
0.24357
0.44201
0.22693
0.98375
-0.83824
-0.87136
0.22179
-0.97113
-0.91611
-0.91762
0.60618
0.89009
-0.3936
0.27739
0.26276
0.77928
-0.99857
-0.86833
0.28392
-0.70017
0.55439
0.76954
-0.87642
-0.75977
-0.34418
-0.83845
0.94177
-0.47568
-1.1918
-0.65995
-1.0759
-0.96697
-0.5977
0.047894
0.76943
-0.53194
0.92872
0.508
0.72786
0.57633
0.5565
-0.22829
0.85809
0.85805
0.58034
0.77577
-0.64306
0.85154
0.84127
-1.1153
-0.64274
0.78841
-1.12
-0.77004
0.053749
-0.13787
-0.82676
-0.71524
-0.82281
0.53408
0.36063
-1.0596
0.67156
0.35102
-0.56427
-0.69117
1.0148
0.89738
0.98815
0.14046
0.18715
-0.60421
-0.8695
-0.05636
0.65421
-0.21557
0.83638
-0.72318
-0.56175
-0.045085
0.060782
-0.66591
-0.3124
0.4224
0.55199
-0.69213
0.42726
0.93364
-0.72677
-0.68526
-0.49237
0.41773
0.012247
0.97201
-0.71041
-0.11741
1.0571
-0.87183
-0.43834
-0.96123
-0.68427
0.060934
0.094487
-0.78279
-0.48988
0.57085
0.88473
-0.51268
-0.63715
0.29493
-0.63536
0.48544
0.38091
1.1133
0.81045
1.1332
1.0446
0.26787
1.1237
-0.97114
-0.86749
-0.54626
0.31963
-0.95192
0.45558
-0.029015
0.7603
0.23468
-0.94842
0.82349
0.0048785
0.55225
-0.88357
-0.57889
-0.43444
0.92709
-0.55163
0.99871
-0.45162
-0.15326
-0.65716
-0.31511
0.04475
0.99471
-0.69833
0.38396
-0.36029
-0.99938
0.0010056
0.67
-0.022001
0.42657
-0.061128
0.97207
0.92287
0.35093
0.43736
0.8454
0.21076
0.56247
0.84346
-0.23247
-1.025
-0.49003
-0.54294
1.0712
0.41104
-0.8254
0.97445
0.058281
-1.0516
-1.0988
0.42131
-0.84014
0.90671
0.2278
-0.064134
0.96112
-0.38455
-0.96414
0.20286
1.0997
-0.71618
0.5886
-1.0546
0.13604
-0.89854
-0.414
-0.61851
0.033868
0.73369
-0.55544
-0.73146
1.1024
-0.65766
0.37066
0.7512
0.66191
0.76636
0.91289
0.84352
-0.89453
0.56926
-0.74663
-0.10139
0.7869
-0.34271
1.1005
-0.69511
-0.085954
-0.67727
1.0508
-1.0538
-1.0961
0.46692
0.86142
-0.59282
0.70872
-0.36023
0.8517
-0.37453
-0.94612
-0.59241
0.61252
0.69409
0.1172
-0.45496
-0.44624
1.0412
0.080487
-0.11506
0.31681
-1.0454
0.079922
0.46781
-0.21643
-0.29506
-1.02
0.87037
0.89015
0.85445
0.95566
0.43799
-0.90532
-0.13323
0.75459
0.2418
-0.88126
0.46714
-0.030103
1.1596
0.24831
-0.1584
0.85701
0.65958
0.21039
-0.52684
-0.70272
-0.87808
0.4964
0.11738
0.58996
0.82763
-1.0622
-0.58197
-0.98925
0.37448
0.87697
1.1077
0.49585
0.061922
0.28644
0.90362
-0.7578
-1.092
-0.22652
-1.075
0.77551
-0.83672
1.0332
-0.68298
-0.59675
0.034808
-0.47557
0.99469
-0.48535
-0.034273
-0.93663
0.41149
0.89733
0.77928
-0.47866
1.0927
0.56332
-1.1353
-0.82684
0.65564
0.85278
0.84171
0.84688
1.0004
-0.94595
-0.047905
-0.47155
0.69977
0.40215
0.5272
-0.67241
-0.26411
0.76689
0.91989
-0.48629
-0.67964
-0.94772
-0.55149
-0.7722
-0.81147
-0.42167
0.47921
1.0972
-0.83452
-0.32133
-0.52311
0.13433
0.84972
-0.99277
-0.62458
-0.36705
-0.94603
0.17632
-0.5287
-0.05646
-0.92289
0.8116
-1.0201
0.17006
-0.58533
-0.65835
0.78091
-0.82589
-0.41071
0.98334
0.031419
0.20166
0.744
0.54598
0.3471
-0.81967
-0.99394
0.063979
0.82714
0.060086
0.83067
0.73106
-0.71351
-0.20778
0.74995
0.29737
-0.44915
1.0772
-1.2028
-0.69019
0.67239
-0.25024
0.70059
-0.88755
-0.66477
-0.23568
0.58368
0.93464
-0.050132
-0.74182
0.62201
-0.8357
0.9635
-0.21085
-0.50149
-0.63669
-1.027
1.0512
0.90494
-1.0318
0.41745
0.75139
1.0599
0.12295
0.83279
0.25159
0.0711
-0.17073
-0.97339
0.87217
0.86344
0.2631
0.039329
0.35376
0.6583
0.64006
0.60079
-0.15729
-1.0249
0.020092
