0.37254
-0.91102
0.40062
-0.94107
0.37546
0.25393
0.62524
0.37763
-0.037152
-0.93322
-0.80915
-0.34912
-0.4548
1.062
-0.59932
-0.8142
-0.9387
0.96943
0.7384
-0.9627
0.88638
0.50094
0.73668
-0.82819
-0.53344
1.1795
-0.9095
1.0981
-0.65084
0.83349
-1.331
-0.79395
0.89285
-1.0972
-0.89473
-0.069691
-0.72112
0.38206
0.54651
0.44722
0.39528
-0.87998
0.28564
-0.83934
-0.71912
0.52509
1.0424
0.27085
-0.53938
-0.3874
-0.79052
-0.45199
0.93975
-0.30958
-0.33728
-0.11918
0.068652
-0.65248
0.53474
0.51064
0.99413
-0.38492
0.68264
-0.0052311
0.099241
0.87717
-0.96904
0.16014
0.91781
0.46418
-0.64775
0.77374
-0.47627
0.45216
-0.61244
-0.74577
-0.78258
1.0441
0.48309
-0.78947
-0.97878
-0.40418
-0.57897
-0.66726
-1.0398
0.83194
-0.46172
-0.19795
-0.54991
-0.97312
-0.473
-0.43244
-0.075653
-0.43646
0.33816
-0.86514
1.0595
0.13904
-0.80181
0.79183
-0.23739
0.52534
0.57573
-1.088
-0.2073
-0.94577
-0.95177
0.73578
-0.91457
0.11767
-0.50569
0.14556
1.0907
-1.1007
-0.32138
0.6524
0.079232
-0.057176
-0.27819
1.0053
0.085364
-0.11665
0.7357
-0.60614
-0.77203
0.54846
-0.75512
1.0113
-0.71131
-0.049566
-0.27311
0.94528
-0.19436
-0.7617
-0.78592
0.094792
0.23555
1.0704
0.14086
-0.77974
0.13698
0.78673
-1.1929
-0.92985
0.95615
0.28949
0.24225
0.14943
0.26914
0.9524
-0.069921
-0.53858
0.8624
-0.79861
-0.97757
0.89713
-0.68086
0.4874
0.36336
-0.42859
0.93534
-0.62531
0.65336
0.84827
0.040598
0.12601
0.80002
-0.26866
-0.55975
0.73328
0.91118
0.022212
-0.39962
-0.73864
-0.67349
0.85333
0.72966
-1.0984
0.2312
-1.0556
0.5108
-0.97025
-0.16497
-0.75683
-0.6087
0.87741
0.0040663
-0.49661
-0.74733
0.57061
-0.64803
-0.29401
-1.0322
0.742
-0.79236
-0.36937
-0.53083
-0.6077
-0.078984
0.63059
0.98226
0.58322
-0.24891
-0.56971
-0.69781
0.6227
0.55488
-0.35403
1.0356
0.66163
-0.77257
-0.80444
-0.14387
-0.2818
0.6562
-0.10891
0.1055
-1.0906
-0.24254
0.94167
1.0407
-0.95225
0.46968
0.45128
0.78856
-0.66199
-0.67752
0.81053
0.8333
0.86912
0.5715
0.59716
-0.73843
-0.91262
-0.50317
1.0129
-1.0274
0.79851
0.9297
-0.62609
-0.77848
0.8487
-1.0377
-0.98919
0.86387
-0.9231
1.1531
-1.131
0.80048
0.4872
-0.57228
1.0911
-0.11737
-0.85221
0.3813
-0.35668
0.68926
0.94547
0.5644
0.040956
1.0027
-0.98067
-0.8997
0.61153
-0.67097
0.66623
0.44476
1.0022
-0.22963
-0.90739
-1.0339
0.67285
0.76788
-0.029188
0.80412
-0.39251
0.90362
1.1742
1.1638
-0.62599
-0.4819
0.71503
0.81573
-0.84085
-0.88609
-0.96524
-0.19732
0.68807
0.72245
-1.0297
1.0001
1.2809
-0.10945
0.92041
0.58082
0.66359
-0.48364
-0.55301
0.82115
-0.94633
-0.25011
0.064698
-1.0034
-0.3666
-0.85287
-0.16736
0.2337
0.78902
0.054322
1.0139
-0.93248
-0.73488
0.91009
-1.0171
1.0255
0.72226
0.78058
-0.9567
-0.11109
1.0513
-0.84407
0.22246
-0.41464
0.51403
-0.58196
0.53168
-0.45303
-0.33861
0.89703
0.27308
-0.42426
-0.99416
-0.80995
0.54551
0.063372
0.75128
1.102
-0.94318
-0.99603
-0.8658
0.20128
-0.062085
1.0324
0.7798
-0.091092
0.28042
-0.088826
1.0298
-0.74035
-0.99546
0.96489
0.60834
0.3314
-0.099074
-0.8143
0.028728
-0.27747
-0.10887
0.22989
0.85177
-0.17477
-1.0641
1.0306
0.95003
-0.73406
-0.49457
0.93875
0.37396
-0.35601
-0.82635
-0.98991
0.31877
0.18188
-0.15828
-0.34627
0.91054
-0.028379
1.0592
0.10326
0.75645
0.30674
-0.94685
0.74581
0.15059
0.66358
-0.68539
0.30523
0.7076
-1.0956
-0.17799
-0.90366
0.88725
-0.31973
0.46732
-0.98084
-0.91968
-1.0292
0.97294
-0.97922
-0.97851
-0.35789
0.69773
-1.057
0.57671
0.72153
0.39249
-0.62605
-0.17115
1.1017
-0.59651
-0.91045
-1.002
-0.56925
-0.086738
-0.80298
0.050201
0.63391
-0.84692
0.9553
0.40755
0.9558
-0.29186
-0.81226
0.057687
-0.94464
-0.43124
-0.43166
0.71647
0.7003
-1.016
0.91782
-0.098004
-0.73267
0.79298
-0.058254
-0.22087
0.012632
0.073535
-0.71032
0.012806
0.36523
1.1235
-0.85378
-0.85105
-1.0428
-0.2593
0.91829
0.32757
-0.92196
-0.058493
0.34798
0.054466
0.67538
0.13414
0.91353
-1.0004
0.23063
-0.86209
0.93341
0.94214
-0.95824
-1.0349
-0.52101
-0.47536
-0.56405
0.012283
0.80568
0.73289
0.77671
-0.65606
-0.13048
0.56997
-0.28881
-0.92958
-0.11289
0.89821
0.3036
1.0048
-0.59114
0.29255
-0.20669
0.95861
0.72746
0.83388
-0.16723
-0.87155
1.1409
1.0631
-0.15126
-1.0347
0.68013
-0.41578
0.21425
0.59176
0.064062
1.0471
0.64146
-0.93973
-0.99514
0.43158
-0.65571
0.1956
0.51774
-0.64886
0.43327
-1.153
0.26831
-0.23477
-0.19404
-0.91944
-0.10362
0.51983
0.010943
-0.17942
1.1015
0.98952
-0.12635
-0.71357
-0.55201
1.0306
0.86203
0.83539
0.21449
0.88737
0.6848
-0.78334
-0.087055
-0.90688
0.96747
-0.51161
-0.95586
-0.8857
-0.32919
0.4769
0.26032
-0.17283
-0.4983
-0.22222
-0.90742
1.0855
0.37274
1.1532
0.49338
-0.33778
1.018
-0.87587
-0.10256
-0.40703
-0.96754
0.58521
-1.1174
0.76293
0.74007
-0.40572
0.39577
-0.56129
-1.1064
0.74566
-1.0001
1.0795
-0.57779
-0.5715
0.34131
0.60342
-0.22803
-0.36898
-0.26737
0.77596
-0.87226
0.47317
-0.32824
-0.5643
-1.0347
-0.27952
-0.94317
-0.98893
-0.34428
0.4821
1.0387
-0.51511
-0.80505
-0.91824
0.65898
-0.99206
0.67418
0.33515
-1.0219
-0.80834
1.0013
-0.34971
-0.42595
-0.68311
0.37878
-0.25684
-0.73136
-0.13393
-0.81251
-0.20694
-0.90818
-1.0615
0.86051
0.45559
1.0074
-0.98793
-0.10994
0.63036
0.7854
0.80903
-0.94977
-0.61389
0.28384
-0.022192
0.97867
-0.49764
-0.063772
0.92579
0.50147
-0.97192
-0.25833
0.40245
0.78348
0.30898
0.48038
1.1666
-0.94916
0.71613
-0.45569
-0.72032
0.33457
-0.88666
0.8572
-0.067835
0.3056
0.833
0.35126
0.81
0.9766
0.71086
0.60126
0.95764
-0.45918
-0.9128
0.71606
-1.0497
0.030404
-0.75708
0.61299
0.56121
-0.40126
0.37826
-0.58903
-0.7236
-0.85673
-0.68056
-0.80789
-0.3014
-0.98381
0.7346
-0.7412
-0.77258
-0.89846
-0.70544
0.28261
1.0966
-0.80146
0.28551
0.75342
0.77387
-0.37368
-0.42094
-0.88474
-0.28369
0.93695
-0.72323
-0.037472
0.80175
0.4688
0.71912
1.0098
1.0003
-0.8156
-0.28864
-0.97945
0.39081
-0.27261
0.22003
-0.50209
-0.36634
-0.4508
-0.78296
0.35571
1.2291
0.79802
-0.56775
1.041
-0.24389
0.31026
0.11665
0.51315
0.88267
-0.95445
1.063
-0.92875
-0.66275
0.54487
-0.46974
0.95911
0.91408
0.63872
-0.044726
0.44942
0.79075
-1.0389
-0.1433
-0.61201
-0.35187
0.72612
0.02333
-0.94278
-0.18206
-0.042654
0.69747
-0.52862
-1.0403
0.78291
-0.91422
-0.32258
-0.66152
-0.66335
0.89812
0.91131
-0.61954
0.82213
-1.0147
0.25267
-0.084624
0.025104
-1.1377
-0.33525
0.77838
0.016494
-0.88123
0.82453
0.49546
-0.13274
-0.71759
-0.5867
-0.8197
-0.86814
-0.93287
0.44176
-0.9585
-0.023296
0.076888
-0.7706
0.77781
0.16425
-1.1086
0.82093
-0.98803
-0.19778
1.008
0.77204
-0.24899
-0.28551
-0.48721
-0.62095
0.88792
0.73555
0.64214
0.15494
0.081919
-0.0049486
-0.96943
-0.047169
-0.75007
0.99243
0.75458
-0.31082
0.92538
0.68844
-0.74984
-0.44779
0.65177
-0.94111
-0.89882
-0.071696
-1.1265
0.66213
-0.052762
-0.96198
0.49191
-0.94048
0.41978
-0.79515
-0.27071
0.2054
-0.070775
-0.9689
0.50246
-0.38781
-1.0186
-0.9015
0.13389
-1.0197
0.60822
0.56896
-0.70037
-0.30295
-0.60978
0.89717
0.051006
0.85433
-0.80115
0.54415
-0.83084
0.4788
-0.97694
0.020335
-0.2466
-0.81567
0.96652
-0.056731
-0.60386
-1.0811
-0.83985
-0.14822
-0.99276
0.95211
0.074121
-0.00017442
-1.0638
0.6381
0.42082
1.0274
-0.71516
-0.45356
-0.64369
0.19348
0.45928
-0.26292
-0.71364
-0.020712
-0.50754
1.1354
-0.36577
-0.45115
0.070851
-0.060244
1.0466
-0.81139
-0.090018
1.1226
0.86339
0.75131
0.9874
-0.96821
1.0994
-0.86814
-0.33525
0.29631
0.18885
0.046977
-0.7144
0.99285
0.48375
0.36412
0.93376
0.5357
-0.032532
0.78543
1.007
-0.85763
0.046215
-0.060947
0.24869
0.4093
-0.6817
0.035063
-1.0627
0.14247
-0.032402
0.13029
0.137
0.89294
0.068037
-0.42772
0.36518
0.24812
0.23393
0.47567
0.34858
0.87647
0.68473
0.83818
-0.92972
-0.34113
0.70763
0.48737
-0.046928
-0.76
-1.0645
0.54834
0.5959
0.34331
0.33008
0.91061
-0.15066
-0.72114
-1.0458
-0.79882
-1.1662
-0.73919
0.92002
-0.34198
0.27677
-0.17744
-0.31509
-0.85548
-0.64574
-0.84829
0.6982
-0.66979
-0.11282
-0.016706
0.57122
-0.90405
0.40229
-0.95587
0.29497
0.16063
0.92783
1.0338
-0.06609
0.98101
-0.37061
-0.70779
1.0046
0.86924
-1.0788
0.97246
-0.49067
0.16601
-0.90168
-0.52297
-0.67355
0.98186
-0.81994
0.098711
0.71337
-0.93039
-0.44388
0.57548
-0.14571
0.93101
0.49331
-0.86128
1.0979
-0.62276
0.77769
-0.35871
0.79497
0.57169
0.55854
-0.39724
0.60621
-0.020479
0.55089
0.74653
-0.99137
-0.070893
-0.15357
-0.74876
0.43255
-0.85705
0.66551
-0.35361
0.11525
0.36857
-0.12815
0.17301
0.73525
0.47735
-0.43817
1.0062
-0.62249
0.23854
0.6545
-0.44938
-0.83765
-0.9499
-0.10122
0.70585
0.15555
0.90608
-1.1533
-0.79844
-0.38379
-0.6649
0.56804
1.0435
0.84073
0.93769
0.22471
0.64857
-0.17597
-0.4912
0.61862
0.79435
0.47074
0.73842
0.36134
0.18706
-0.91972
-0.13062
-0.83494
-0.95622
-0.7647
0.38879
0.66061
0.74435
-0.95088
-0.095989
-0.95439
-0.43846
-0.60397
0.97933
0.48184
-0.57731
-0.88481
-0.73921
0.81156
-1.1998
0.75869
-0.91808
0.060164
-0.8892
0.41382
0.22364
0.74662
-1.0492
-0.82022
0.98511
-0.97608
-0.5811
-0.41051
-0.90842
-0.029795
0.8408
-0.43978
-0.27444
0.10243
0.29659
0.48376
-0.68579
-0.94702
0.47841
-0.18739
1.018
-0.7814
0.43405
-0.70169
0.6915
0.59758
-0.92974
0.88501
-0.067695
-1.3135
-1.2217
0.36906
0.049517
0.10793
-0.75801
-0.6479
-0.84144
-0.081105
-0.63387
1.1369
0.96784
0.086163
-0.42255
-0.38791
-1.1153
-0.38996
0.83482
-0.27282
0.4981
-0.39439
0.40509
-1.0155
0.0073832
0.7607
0.63596
-0.80927
0.48624
-0.038718
0.59353
-0.69594
0.26536
-0.91088
1.1559
-0.89881
0.94368
0.30999
-0.20774
-1.0877
0.59093
-0.69852
0.82806
0.89405
-0.90028
1.1299
0.51095
0.20664
0.32118
0.057424
0.7863
-0.50916
-0.32454
0.47936
-0.78415
-0.24874
0.41202
0.11796
-1.0685
-0.88687
-0.6719
0.17825
-0.52268
0.66685
0.60952
-1.0552
-0.85019
-0.96041
0.87227
-0.21518
0.73159
0.55867
-0.22702
1.0736
0.4879
0.63716
1.1884
-0.59419
-0.2472
0.92888
0.17589
0.33204
1.0113
0.22484
-0.44808
-0.99199
0.33348
-0.93782
-0.4624
-0.013019
-0.94933
0.20616
0.60314
1.1803
1.1206
0.92351
0.078177
0.26275
0.38218
0.0069776
-1.0005
-0.98448
-0.33667
-0.30718
-0.24264
-0.84064
-1.0553
0.094466
-0.097334
-0.66738
-0.39372
0.27402
-0.61518
-0.23285
-0.26179
-0.57667
-1.0624
-0.46742
0.92024
-0.41595
0.9488
-0.77474
0.14853
0.71195
-0.49301
0.41703
-0.74367
0.88451
0.77729
0.99031
1.0609
-0.098513
-0.93153
-0.82966
0.52217
-0.94549
0.88972
-0.13626
0.8237
-0.3287
-0.31542
-0.88535
-0.70012
0.63917
-0.84103
-0.44017
-0.98603
0.99303
1.0596
0.3932
-0.44777
0.90815
-0.63308
0.68126
1.1105
0.5778
0.90032
-0.3757
-1.0556
-0.83826
0.46633
1.0947
-0.25924
0.07521
-0.13668
-0.82614
-0.099656
0.61399
0.60764
-0.033619
-0.67844
-1.0699
-0.31418
-0.51487
0.9623
0.92896
0.99967
0.88875
0.75094
-0.29298
-0.16391
-0.65321
-0.016763
0.20673
0.93902
-0.18748
0.70951
-0.15529
0.94632
-0.041875
0.51954
-0.58301
-0.22802
0.52819
-1.0701
-0.51098
-0.63803
-0.026179
-0.77321
-0.85199
-0.90163
-0.55247
-0.1363
-0.78765
-0.8842
0.93482
-0.37008
-0.54562
-1.1032
-0.7845
-0.98604
0.58441
0.59273
0.17449
-0.82053
-0.23778
-0.91106
-0.81223
-0.92795
-0.20264
-0.82754
0.72626
-0.76879
-0.045401
-1.0171
-1.1187
0.95267
0.41082
-0.84314
-0.71915
-0.88997
-0.74652
0.60303
-0.13732
-0.72034
-1.0559
-0.26287
1.0029
0.19983
-0.93796
0.00022737
0.61561
-0.59021
-0.50577
-1.0655
-0.88645
0.45004
0.32038
-1.0019
-0.79605
1.0612
-0.53957
-0.55647
-0.34422
-0.81368
-0.59869
0.45651
-0.15651
-0.38807
1.0678
0.12802
-0.062838
0.45623
-0.92657
-0.92831
-0.75941
0.72037
-0.93724
-0.73721
1.0464
0.80352
0.40115
-0.2487
0.66566
-0.88976
-0.57921
-0.66626
-0.92829
-0.7414
-0.16459
-0.87322
0.36106
0.11475
0.015845
-0.19249
-0.077692
-0.83472
0.10302
-0.1536
0.8464
-0.38717
-0.68706
0.79834
0.55938
0.94675
1.1375
-0.16598
-0.95518
0.91488
0.54189
-0.91213
-0.056538
-0.31391
0.24256
-0.90973
-0.8682
0.066906
0.22371
0.24978
-0.48447
-0.48823
-0.92809
0.66279
-1.0846
0.83239
0.020132
0.84759
0.65047
0.79016
0.71112
-0.93167
1.0216
-0.50265
0.96699
0.85327
0.93296
-0.49362
0.82705
1.2578
1.1183
-0.98215
-0.88245
0.93059
0.87494
0.042585
-0.80772
0.95855
-1.074
-1.0189
0.13483
0.1771
-0.56321
-0.92626
0.70754
0.6292
0.24311
-0.73609
0.8881
0.23783
0.96596
-0.55806
0.25083
0.35358
0.9272
-0.23796
-1.0187
0.90063
0.15387
0.69817
0.89029
-0.20352
-0.076252
-0.86007
-0.99531
0.63664
0.89241
-0.78039
-0.20791
-0.54685
-0.18708
0.37024
0.59369
-0.17494
-0.83496
0.27117
0.14244
0.67779
1.0507
1.0358
-0.73382
0.38257
-0.96715
0.83678
1.0744
-0.77805
-0.87902
-0.61301
-0.8802
0.6763
-0.85248
1.13
-0.37953
0.61287
-0.30026
0.75238
0.90621
-0.31336
0.43872
-0.37446
0.42714
1.0976
-0.030712
1.0492
0.98741
0.88901
0.30108
0.44418
-0.37119
0.14243
0.4337
0.96048
0.91755
0.80094
-0.55868
-0.60616
0.81575
0.28598
0.71215
0.17822
0.15812
0.65957
-1.093
0.72047
-0.76538
0.67621
0.51116
-0.97816
0.28964
-0.99516
-0.58619
0.4231
0.89134
0.45266
0.1022
