0.83954
-0.96628
0.96061
1.0392
0.47564
0.11893
-0.84002
0.12496
1.0231
1.1393
-0.5486
0.71431
-1.1497
0.96828
0.40861
0.083845
-0.25379
1.1612
0.077852
0.50875
-0.30743
0.42095
0.90544
-0.78636
-0.51359
-0.87572
-0.96265
0.29278
-0.73116
-0.18143
0.81136
0.56103
-0.69866
-0.57718
0.39811
-0.55812
-0.47322
0.38432
0.35756
-0.93849
-0.92869
0.74731
0.46109
0.64835
-0.68639
-0.072216
0.09037
-0.92041
-0.50651
1.0061
-0.09364
-0.92633
0.9541
-0.91735
0.36015
-0.88958
0.00085516
0.049235
0.69412
-0.77655
0.98725
0.49145
-0.0095381
0.52558
-0.32486
-1.1152
0.21546
-0.32062
-0.013334
0.087601
0.92838
0.6245
0.96969
-0.76498
0.69273
-0.75645
0.49193
-0.53054
0.58029
-0.93807
0.29894
-1.1501
0.52687
0.7048
0.32498
-0.11506
0.74169
0.5974
0.85395
0.91009
-0.63585
0.54898
0.87386
-0.79863
-1.1553
-0.74269
-0.7528
0.58519
-0.71479
0.72859
-0.81101
0.23213
0.96111
-1.0169
-1.1081
0.64068
0.34422
-0.21414
0.15354
1.2656
0.29776
-1.0852
0.43851
-0.14309
1.0078
0.30138
0.38864
-0.40529
0.34112
-0.83191
-0.88436
-0.0042557
-0.94372
-0.89195
-0.57792
-1.1124
-0.097043
0.80976
0.3926
-1.0686
-0.79201
0.13058
0.95118
-0.56084
1.0438
0.77011
-0.89518
-0.69056
-0.15675
-0.46991
1.052
0.65968
-0.69469
-0.31318
0.37775
-0.97142
0.26736
0.643
0.90092
0.22114
0.6302
-0.37833
0.94597
-1.0937
-0.0080498
0.19218
0.86818
0.47688
-0.81708
-0.98528
0.6424
0.83744
0.84144
0.9498
0.97305
-1.0294
0.58597
0.51575
0.44404
0.36092
-0.63379
-0.40839
-0.22309
-0.82673
-0.85503
-0.69624
0.8624
-0.38697
0.01794
-0.68532
-0.0097766
-0.8716
0.57907
0.15007
0.7263
-0.93338
0.10255
-0.21393
0.91455
-0.2643
0.88373
0.07854
0.2398
0.61088
-0.98411
0.15868
0.090902
0.94173
-0.26289
-0.98143
0.26618
-1.0424
-0.45014
-0.72146
-1.0109
0.90878
-0.79829
-0.58448
0.27499
0.9061
0.1011
-0.51245
-0.90144
-0.36551
1.0097
-1.0457
0.62487
1.0712
0.52009
-0.34692
-0.64699
0.90692
0.98524
-0.50945
-0.93591
-0.67878
0.91364
0.064481
0.1326
0.99986
1.0652
-0.94948
0.9691
0.17593
-0.48861
-0.43621
-0.84903
-1.0886
-0.38826
0.75791
0.93482
-0.14615
-0.61015
0.96241
0.87656
-0.4126
0.71282
-0.82582
-0.91348
-0.25106
0.97131
-0.9547
0.27827
0.80208
-0.57145
-0.060413
0.72209
0.99975
-0.47099
-0.73429
0.99258
0.35863
-1.261
0.37103
1.123
1.0665
1.005
0.11668
-0.91626
-0.079231
0.15538
-0.56091
0.33233
-0.41755
0.22976
-0.79949
0.36211
-0.94011
0.89431
-0.22827
-0.24567
-0.85029
-1.0349
0.61279
-0.99616
0.79706
1.0997
-0.48154
-0.3111
-0.9118
-1.0463
-0.92549
0.80072
-0.14528
0.2095
1.0143
-0.73812
-0.84117
-0.60333
-0.97203
-0.95584
-0.88478
0.85073
-0.034923
1.0441
-0.16938
-0.67018
0.052985
-0.5598
0.16316
0.05611
0.033548
0.85198
0.36494
0.23837
0.67352
0.42556
-0.84777
0.98725
-0.054348
-0.90161
1.0289
-0.99044
-0.83474
-0.34145
-0.15682
0.64356
0.7433
-1.0806
-0.88274
-0.19028
0.033803
-0.77132
-1.1474
-0.31977
-1.0577
-0.44381
0.080925
0.45411
0.91829
0.39252
0.93067
-0.36389
0.83501
0.34653
0.38431
0.0034486
-0.89982
0.54541
-0.075337
0.55711
1.0062
-0.12614
-0.41948
-0.097546
-0.51853
0.72004
0.56965
0.14984
1.1151
-0.99072
-1.0317
0.18319
-0.96666
-0.36552
0.78738
0.019098
-0.90512
0.24175
-0.66642
1.0469
0.95279
0.3023
0.97252
0.58963
-0.11154
0.73
0.16404
-0.83817
0.5055
0.42959
-0.89523
-0.19283
-1.0284
-0.36949
-0.80822
-0.75544
0.062693
0.27937
0.86431
-1.0235
0.5702
-0.62565
-0.50718
1.0513
-0.40913
1.0195
-0.94383
-0.14556
-0.73544
0.89515
-0.49605
0.44418
-0.81067
-0.49453
-0.61542
1.0458
0.48049
-0.096413
-0.25117
1.2014
-1.0693
-0.24951
-0.073667
0.2232
1.0029
0.93688
0.85441
0.82038
-0.84483
0.29389
1.06
0.10525
0.62285
-0.95841
0.30344
-0.9945
1.1108
-0.1912
0.18574
-0.26845
0.97692
-0.86656
-0.46647
0.048811
1.0403
-0.6171
-0.28633
0.4204
1.0069
-0.18818
-0.76016
-0.31071
-0.63573
-0.34497
-0.90426
0.88187
0.85651
-0.49425
0.22863
-0.74234
-0.17394
0.36949
-1.1131
-0.86893
0.28619
-0.91312
0.75518
0.62996
-0.1982
-0.60018
-0.79439
0.59303
-0.20952
-0.69648
-0.98476
-0.68011
0.28216
0.81532
-0.92626
0.97013
-1.0174
-0.88716
0.8826
0.52654
-1.0589
-1.064
-0.82333
-0.32101
0.90739
0.83192
-1.1524
-0.50495
-0.48742
-0.47136
-1.0207
-0.93897
-0.17586
-0.8234
-0.87584
1.1446
-0.84354
0.94241
-0.90393
-0.84003
0.2989
0.9796
1.0921
-0.84641
-0.031493
0.18091
1.0558
0.23705
-0.88449
0.44396
0.26378
0.9265
0.04354
0.034602
-0.78861
0.20726
-0.73969
0.54124
0.77791
0.032365
0.3666
-0.13523
-0.91574
-0.37384
1.0356
-0.25656
-0.82555
-1.0165
-1.1279
-0.87345
-0.86718
-1.1526
0.9769
0.34438
0.24655
0.21501
0.64919
0.6889
1.0401
-0.45624
-0.87619
0.91164
-0.9147
0.63831
-0.23764
-0.30355
-0.96091
-0.54697
-0.13212
0.043748
0.49183
0.05361
0.15448
0.070081
1.0143
-0.94663
0.64389
1.1773
-0.016027
0.18362
0.91732
-0.25783
-0.94653
-0.75978
0.38927
-0.94013
-0.23324
-0.60224
0.71507
-0.74051
-0.90242
0.12721
0.69725
-0.83509
-0.27213
-0.51926
-0.67497
1.0475
0.95284
-0.16015
0.65298
-0.44191
0.40294
-0.37078
0.63572
-0.9762
0.71681
0.96905
1.0391
-0.017031
1.1366
-0.84205
-0.51432
0.53561
-0.17041
-0.12619
-0.93216
-1.0006
0.69227
0.88414
-0.83528
0.58669
-1.0496
0.21376
-0.37471
-0.13284
-0.64929
-0.10114
1.162
-0.52404
-1.0219
-0.3455
-0.27997
-0.58279
-0.33157
-0.25191
0.49881
-0.66761
-0.95521
0.8229
0.84182
-0.40795
-0.45202
-0.27749
0.70247
0.59628
0.94312
-0.33154
0.51785
-0.73407
-0.98145
-0.85756
-0.65301
-1.0197
0.72937
0.30919
0.61504
-0.87916
0.51941
0.71515
-0.042425
-0.97627
-0.48232
0.27179
0.66471
-0.86084
-0.68422
-0.3748
1.0948
-0.80662
-0.74867
0.90849
0.74051
-1.0341
0.96458
-0.89808
0.75414
-0.18007
0.88633
0.86871
0.59758
1.0717
0.25145
-0.92322
-0.6992
0.25592
-1.0829
0.19859
-0.32692
0.87146
-0.86512
1.0769
0.98034
-0.90153
-0.89663
0.0060357
0.96866
-0.19638
0.35635
-0.065818
0.54122
0.04265
0.48967
-0.36798
-0.62493
-0.75986
-0.97642
-0.94026
0.49321
-0.64154
-0.036316
-0.92728
-0.41925
0.26638
0.37575
0.042964
0.40714
0.36412
0.79895
-1.04
-0.58517
0.82154
-0.25735
0.73009
0.93288
-0.37984
-0.92389
-0.3829
-0.12463
-0.61878
0.24763
1.1254
0.22267
0.86471
-0.86157
0.89139
-0.58965
-0.97392
0.33477
0.56639
-0.95547
-0.0276
0.77432
0.35213
-0.97757
0.041276
0.35521
0.2523
0.79609
0.7614
-0.31481
0.63668
0.39429
-0.042452
-0.46997
-0.55168
0.95689
0.56726
0.41572
0.76609
-0.79361
-0.36346
-0.90301
1.2122
-1.0147
0.78048
1.0221
-1.1287
0.24422
-0.035049
0.14618
-0.3435
0.76582
0.19821
0.89401
0.87872
0.42778
0.81266
-1.0292
0.65905
0.18444
-0.11157
-0.59613
-0.55703
0.60559
0.15469
0.53535
0.092542
0.22941
0.87961
0.63638
-0.42183
-0.80073
-0.92011
0.87115
0.97286
-1.0042
0.70374
0.16113
-0.62825
0.61124
-0.75459
-0.091598
0.78802
1.0019
-0.43666
1.0449
0.2676
-0.57173
0.24676
0.32227
-1.0738
0.010992
-0.61192
-0.60872
0.93757
0.76009
0.88669
-0.89229
0.54534
-0.86537
0.91084
0.89111
-0.62248
0.19275
-0.91162
-0.83876
0.36698
-0.39935
0.033922
-0.21689
-0.022296
-0.80758
0.80881
1.027
-1.1411
-0.33919
-0.018621
0.48488
-0.74222
-1.0547
-0.75944
0.55766
0.58042
1.0862
0.95164
-0.13849
0.98123
-0.90477
0.43893
-0.31734
0.692
0.46297
-0.26845
0.13864
0.52554
0.98627
-0.77711
0.43233
-0.41289
-0.92221
-0.19784
0.34606
-0.99674
0.022069
-0.86894
-0.40301
0.83272
-0.61724
1.0508
-0.48065
0.4723
-0.12504
-1.0147
-0.82023
-0.64779
-0.28679
0.71239
-0.15898
0.67805
-0.71373
0.88811
0.52862
-0.94395
1.0341
-0.86914
0.65193
-0.43361
0.96052
0.84915
0.39033
-0.68492
-1.0525
-0.54677
-0.96304
-0.39621
0.39222
-0.20179
-0.5174
0.8459
0.91393
-1.1646
1.1391
0.52608
0.30651
-0.58899
-1.0661
0.35977
-0.82796
0.58201
0.77651
0.77079
-0.79398
0.12335
-0.17095
-0.86397
-0.71567
-0.47332
-0.26919
-0.41334
-0.55645
0.47062
-1.0696
1.1155
0.19163
-0.95882
0.7317
-0.83763
0.97384
-0.66727
0.63551
0.80547
-0.89775
0.81717
0.68349
-0.040468
-1.0506
0.56189
-1.1535
0.89113
0.26966
0.87204
0.75771
-0.68411
-0.88122
-0.33845
0.76665
0.0016755
-0.40761
-1.0225
0.074321
0.11354
0.059395
-0.82942
-0.36225
0.41902
0.72054
0.97363
0.93689
0.73208
-0.76323
0.047155
1.0629
-0.34873
0.56104
-0.7997
-0.6666
1.0614
0.36656
-0.79649
1.0575
0.17439
-0.94342
1.0491
-0.97791
0.13723
0.85456
-0.73805
-1.0836
-0.94069
0.6669
0.96685
-0.69249
-1.0264
-0.20686
-0.33921
0.88036
-1.0235
0.8978
-0.96765
0.10578
0.69552
0.29207
-0.60764
0.93041
-0.69485
-0.72173
-1.1251
-1.0438
-0.39718
-0.7734
-0.60859
-0.57147
-0.087111
-0.029424
-1.009
1.0167
0.80419
0.43495
0.26144
-0.21233
0.78137
-0.81554
-0.19959
0.35194
1.0158
0.81837
-0.83442
1.0264
-0.71883
-0.31785
0.072535
-0.12723
0.15446
-0.47583
-0.16554
-0.18883
-0.68421
-1.0429
-0.71198
0.97099
0.33243
-0.41287
0.04236
-0.093128
0.17562
0.77784
0.6843
0.13344
0.66992
-0.77183
-0.82515
-0.95721
0.82322
-0.49097
-0.79797
-0.85485
-0.51717
-1.1642
-0.79278
-0.36306
-0.99179
-0.7852
-0.57255
-0.44024
-0.44307
0.69985
-0.39185
-0.64909
-0.90006
0.72
-0.83617
-0.52637
-0.19984
-0.53943
0.9169
0.55094
0.79169
-0.27942
0.95456
0.065627
1.001
-0.99888
-0.55679
0.86032
0.99774
-0.18314
0.79885
-0.96328
-0.65755
-0.66406
0.88109
-0.25902
1.02
0.7733
-0.61797
-0.72094
-0.10618
-0.50081
0.45914
0.55781
0.5736
0.27939
0.65546
0.51736
0.068719
-0.81872
0.63122
-0.90575
-1.1178
-0.41962
0.58623
1.112
0.1602
0.062722
1.0025
1.0382
-0.96493
-0.084205
-0.90618
-0.054633
0.61253
0.48863
-0.54851
0.14569
-0.83303
0.36901
-0.62412
0.70863
0.97418
-0.82416
-0.068883
-0.64987
-1.0437
-1.0166
-0.6638
-1.2087
1.0253
1.1626
0.78768
1.0842
-0.72925
-0.20891
0.069245
-0.18607
0.32832
-0.027787
1.0711
-0.6168
0.047481
-0.90678
-0.52473
-0.3849
-0.9453
0.12325
0.92056
-1.0329
0.98537
-0.78619
0.82311
-0.5619
0.86346
-0.1311
0.43868
0.35667
-0.14207
0.59069
1.0228
-0.84312
-0.57341
-0.7957
-0.9092
0.82756
0.024906
0.69919
-0.714
-0.98379
0.71372
0.94552
-0.70928
-0.22685
-0.94388
0.44359
-0.73658
-0.068756
0.26297
1.0928
0.87248
-0.51437
-0.44643
-0.90879
-0.98488
0.15354
0.14848
-0.11027
-0.21295
0.17287
0.87814
-0.21479
-1.0584
0.11709
-0.3727
-0.46496
0.9985
-0.75713
-0.97982
-0.44736
-0.5097
-0.017524
0.69129
0.62745
-0.14582
-0.90992
0.50939
-0.70899
-0.3459
-0.15299
-0.098212
-1.0249
0.91605
-0.73052
-1.014
-0.5944
0.48063
0.35432
-0.8405
0.26399
-0.32665
-0.60035
-0.89417
0.23929
-0.43336
0.76011
-0.92455
0.7897
-0.1865
0.06694
-1.0404
-0.53824
-0.76612
0.014513
-0.52974
-0.76935
0.65889
0.033025
0.63156
-0.39766
1.029
0.056117
0.43411
0.11252
-0.28315
-0.0023656
0.26582
-0.64516
0.81434
0.50767
-0.31316
0.60202
1.1284
-1.0354
-0.89832
0.092882
0.40825
0.87788
-0.45104
0.13363
-0.62418
-0.25392
-0.26999
0.62815
1.0297
-1.0682
-1.0785
-0.51587
-0.18563
-0.077714
0.67515
-0.80158
0.0057598
-0.74551
-0.81782
-0.21476
0.46152
-0.9579
-0.3712
0.13338
0.55094
-0.98914
0.21672
-1.0222
-0.37839
-0.097449
0.45446
-0.15741
-0.83832
-0.29164
0.83446
0.98765
0.56524
0.13339
-1.0713
-0.56647
-0.33889
0.98363
0.56801
-0.63712
-0.17807
0.16011
-0.63709
-0.44165
-0.37463
-0.20194
-0.64711
-0.96444
-0.23178
-0.6914
0.74812
-0.72436
-0.03035
-0.071955
-0.63121
0.0058559
-0.13643
0.91815
-0.98402
-0.4011
-0.91526
0.94934
-0.12086
-0.7472
-0.36433
-0.35515
0.64555
-1.0957
0.36629
0.041223
0.95361
-0.49408
-0.98737
-0.6012
-0.33125
0.99719
0.31559
0.3412
0.9058
0.087853
0.62715
0.23972
-0.91322
-0.8861
0.13144
-0.20885
-0.54919
-0.70397
0.35369
-0.76137
-0.79523
0.08208
1.0218
-0.40252
-1.1041
0.66452
-1.0917
0.85101
-0.10934
-0.95804
0.29879
0.071104
-0.55954
0.91856
-0.23738
0.45251
0.87869
1.0134
-1.0318
-0.867
0.71304
0.92891
-0.007143
0.97233
0.8506
0.75742
0.25893
0.8651
-0.46462
0.27242
-0.83926
0.20034
-0.44622
0.88183
-0.96979
0.69795
-0.43369
-0.42972
-0.64192
0.28336
-0.76761
0.25995
-0.067889
-0.88513
-0.88979
0.51375
0.80213
-0.92002
0.13873
-0.51326
0.73917
-0.71927
0.067848
-0.44106
-0.36043
-0.76127
-0.95512
-0.023628
0.47859
0.090963
-0.20769
0.0072723
-0.82193
0.23078
-1.0059
0.81616
0.98944
-0.22591
-0.82833
-0.94831
1.0044
-0.34808
-0.41992
0.53315
0.13611
0.90406
-0.48471
0.92779
0.97328
0.61876
-0.2313
-0.92868
0.301
-1.0259
-0.84228
0.71035
-1.0992
-0.78159
-0.76828
0.97421
-0.049875
0.99849
0.57458
-1.0338
-0.15424
-0.70855
0.27342
-0.5069
1.0182
0.20673
0.98559
1.0149
-0.85568
0.019588
0.69702
-0.83068
-0.74787
-0.48411
-1.0896
0.89516
-0.47661
0.62116
0.42091
-0.93838
0.61508
-0.16874
0.048567
0.039959
-0.8176
-1.1295
-1.0166
0.69138
-0.040385
0.58672
-0.34452
1.0448
0.82712
-0.14251
0.59388
-0.54538
0.48891
0.57425
0.5766
-0.98441
-0.94241
1.1865
-0.84941
-0.65545
-0.97925
0.41856
0.089339
-0.34575
0.92768
0.97907
-0.77352
0.36619
-0.62078
0.27809
0.86061
0.067916
0.22436
-0.75661
-0.13414
-0.94728
0.9326
-0.19457
0.28614
-0.87254
-0.32271
-0.040759
-1.0435
-0.77052
0.27895
0.82663
-0.54965
-1.118
-0.9591
0.89773
-0.28198
0.18946
-0.83064
-0.99428
-0.6624
0.8703
-0.75518
-0.85225
0.1106
-0.9897
