0.38688
-0.28629
-0.56622
-0.22873
0.66989
-0.46537
-0.94512
-0.42817
1.023
0.21762
0.2641
0.31887
-0.46046
0.20292
-0.44921
-0.74957
-0.91342
-0.17432
-0.35027
-0.8242
-1.0233
-0.72679
1.0098
-0.48195
-0.6046
1.0827
-0.40466
-1.05
0.35365
-1.1068
-0.73509
0.1039
-0.93082
0.97122
0.31782
-0.54439
1.1064
0.74739
-1.0824
-0.082621
0.9423
-0.82551
-0.91812
0.69905
0.41538
-0.017552
-0.53547
-0.7718
0.83781
-1.0379
0.89906
-0.47295
-0.79493
-0.61409
0.69818
-0.81357
0.15978
0.68132
0.64122
0.85806
1.0825
-0.20921
-0.98902
-0.16893
0.4814
-0.42387
0.79458
-0.61087
0.90103
0.93495
-0.98264
-0.61614
-0.50898
0.96152
0.73686
-0.64704
0.93669
-0.17078
-0.49291
0.54829
-0.64237
0.1436
-0.5451
0.98905
-0.51512
-0.47813
0.29237
0.32155
-0.89069
0.10037
0.49754
0.67832
-0.9258
0.99382
-0.4046
0.11011
0.46511
0.27586
0.30616
0.59931
-0.8392
0.63198
0.45239
-1.0252
0.76968
0.89078
-0.32997
0.857
0.39795
0.95296
0.71115
0.95108
0.98135
-0.40024
-0.09197
-0.83293
-0.7209
-0.17721
0.44292
-0.55576
0.48486
-1.0573
-0.8714
0.78571
0.40046
-0.41679
-0.96542
0.58973
-0.96218
-0.83403
-0.69846
0.35821
-0.73785
0.18693
-0.88011
0.95612
0.70293
-0.22709
-0.95607
0.69525
0.32395
-0.78008
-0.47088
-0.59209
0.068344
0.31755
0.82929
0.66598
-0.80164
0.37
-0.81198
-1.0259
0.8726
-0.77312
0.69646
0.69436
0.85108
0.56715
0.51809
0.38388
0.47742
0.35697
0.84686
0.47917
-0.86436
0.79095
-0.67091
0.75873
-0.9682
0.70877
-0.17291
1.0801
0.60877
-0.85088
0.017394
-0.30591
-0.85828
-0.2716
-0.95768
0.55815
0.83673
-0.61311
-0.77494
-0.50297
1.1657
-0.45053
0.99516
-0.47585
0.29001
0.86674
-0.091725
0.63106
0.7444
0.94546
0.90221
0.023632
-0.70614
0.53394
0.87164
0.78769
-0.84598
0.31952
-0.78107
-0.90725
-0.86995
-0.11112
0.71846
-0.92337
0.88105
0.42135
0.8033
1.0382
0.59988
-0.95928
-0.96814
-0.16246
-0.5251
0.73894
-0.93474
-0.36072
0.59219
-0.20216
0.54081
0.55746
0.99189
-0.91831
0.12613
-0.50118
-0.30217
-0.20303
-0.33562
-0.9732
-0.93698
-1.0812
0.022647
-1.0378
0.094564
-0.92707
-0.46787
0.77637
-0.082001
0.18592
-0.85369
-0.99964
0.10104
-0.15543
-0.82115
0.74628
0.42173
-0.56342
-0.35283
-1.0173
-0.87457
-0.67076
0.80526
1.0465
0.013227
-0.14223
-0.9303
0.77361
0.66027
-0.3185
0.43855
0.25753
1.1054
-0.031096
-0.38076
0.29556
0.57187
-0.90104
0.92171
0.76686
-1.12
-0.30868
-1.0727
1.021
-0.68104
0.77651
-0.80611
0.57231
0.6527
-0.15516
0.16026
0.78894
0.86958
0.84039
-0.68819
1.0125
-0.71265
0.54169
-0.041546
0.29874
0.96037
0.68912
0.584
-0.88524
0.34124
0.12021
-0.10672
-0.74738
0.68406
1.0379
0.97902
0.70306
0.20303
-0.54728
-0.49718
-0.26569
0.55798
-0.1929
0.89965
0.01544
-0.47208
-0.33304
0.80039
0.43204
0.94535
0.32609
0.83354
-0.42627
0.68637
-0.279
-0.0046306
1.0787
-0.95426
-1.0299
-0.2238
0.39656
0.074019
-0.95586
-0.14239
-0.25458
-0.94592
0.91521
0.80154
-0.62139
0.45571
1.0587
-0.40802
0.97066
-0.14996
-0.71735
0.81494
-1.2481
0.86155
-0.088844
0.70034
-0.91313
0.075364
-0.60886
-0.30159
0.2905
0.1148
1.0684
0.98254
-0.49394
0.53132
-1.0457
0.94722
-0.063026
0.21021
-0.64418
-0.92037
-0.62666
0.89084
0.91859
1.1388
-0.93405
-0.2614
0.95204
-0.34789
0.78108
-0.86949
0.66477
0.34648
0.54005
0.47497
-0.75624
-0.31875
-0.9347
-0.77978
0.62203
0.6305
-0.17001
-0.095409
0.50005
0.30315
0.89142
-0.25342
0.1744
1.0582
1.0082
-0.14201
-0.77206
-1.1073
0.74479
0.57893
-0.77657
-0.86584
0.82602
0.62046
-0.62673
-0.69592
-0.97159
0.14711
0.89868
-0.32079
-1.0201
0.95062
-0.34473
0.81344
0.85662
-0.28045
-0.88498
-1.0282
0.42707
0.001497
-0.64798
-0.88559
1.175
0.53687
0.96569
0.4221
-0.4837
-0.23132
0.66093
0.62243
-0.78453
-0.99725
0.81499
-0.83264
0.30849
-0.28253
-0.23709
-0.17561
0.3332
-0.6351
-0.54543
-0.078474
-1.1007
-0.30346
-0.50886
0.65281
-0.21617
-0.55503
0.73438
0.31824
-0.44125
0.939
-0.97163
1.0771
0.87295
-0.47036
1.0863
0.80123
0.60528
-0.94877
0.75937
0.31411
-0.99838
0.82352
0.34307
-0.71999
-0.73839
0.46139
0.0077646
-0.98322
-1.0565
0.30122
0.93713
-0.58554
0.071458
0.34779
0.38755
0.89464
-0.82737
-0.89566
0.79936
-0.92532
-0.166
0.59236
-0.96961
0.33657
0.60312
0.5616
-0.94055
0.73953
-0.46233
-0.33781
-0.51042
-0.085727
-0.48413
0.29443
-0.83079
-0.63092
-1.0847
-0.87037
-0.55452
0.64129
-0.55071
-0.54086
-0.85286
0.44782
0.38243
0.38635
-0.074548
0.98894
0.85285
-0.6885
0.65464
-0.8121
0.82817
-0.062474
0.95313
0.6964
0.35883
-0.68315
0.48499
-0.1422
0.93309
-0.79804
-0.5677
0.075547
-0.54924
0.58928
-0.83137
-0.43815
-0.52445
-0.73574
1.0186
-1.0616
0.057863
-0.1345
0.82887
-0.7288
0.95119
0.15027
0.79
0.099644
-0.24788
-0.94611
0.70805
-0.21388
0.17628
-0.85695
-0.33905
-0.55379
-0.87835
0.62686
-0.67029
0.99079
-0.47847
0.7268
0.31278
-0.73049
-0.31807
-0.68923
1.1464
0.19054
0.64811
0.99616
-0.43382
-0.36709
-0.18859
-0.59272
0.57461
-0.73017
-0.96045
-0.40908
-0.18828
0.11276
0.91338
-0.37201
-0.0091664
-0.21006
0.25826
-0.92612
0.75935
-0.52534
-0.098931
0.83494
1.1929
0.088581
0.98515
1.1335
0.87939
-0.83668
-0.80323
0.38487
0.66687
-0.40495
0.97712
0.68302
-0.98556
-0.94924
0.37995
0.71856
0.27285
0.80131
-0.91242
-0.93323
0.026386
-0.40429
-0.9686
0.22825
0.82771
-0.84748
0.17529
-0.37404
-0.64784
-0.12834
0.89655
0.75917
0.051001
-0.15154
-0.3617
0.85893
0.27472
-1.027
0.43806
-0.88357
-0.93794
0.27894
-1.0648
0.48452
-0.31489
-0.036195
-1.074
-0.96353
-0.89004
-0.97542
-0.61784
-0.47059
-0.48315
-0.66766
-0.73311
-0.12126
0.23586
-0.26766
-1.0071
-0.13523
0.91883
-0.90414
-0.31934
-0.70237
-1.0429
-0.071436
0.82827
0.68754
-0.013977
0.84749
0.78562
-0.73614
-0.27649
-1.0022
0.67664
-0.71806
-0.17556
-0.58489
-0.17281
0.53938
-0.31971
0.81928
-0.81667
0.79389
0.5864
0.13021
-0.48922
0.68974
0.7267
-0.84371
0.51353
0.34234
0.3251
0.77037
-1.1055
-1.1163
-0.6373
0.15295
0.86248
0.43927
0.9171
-0.10247
0.88717
0.94356
-0.63823
-0.35893
-0.93941
-0.50532
0.97537
0.76714
-0.64273
-0.48578
-0.21796
0.99443
-0.048929
0.67048
0.80558
0.37026
-1.0083
-0.33071
-0.82212
0.37548
0.62976
0.79773
0.14086
-0.44167
-0.41577
-0.11739
0.060182
-0.79228
0.78042
0.28157
-1.1766
0.7613
0.25042
-0.6207
-1.025
-0.37676
-0.46049
-0.8395
-0.13559
0.18405
-0.5198
1.028
-1.1709
0.97871
0.95204
0.63272
1.0642
-0.13296
-0.82744
-0.78424
-0.55098
0.21425
0.82271
1.0987
0.99748
0.55898
-0.09925
-0.33761
-0.96086
-0.21035
0.069181
0.38068
-0.84548
0.87719
0.90646
-0.6409
0.32625
-0.71327
-1.0205
0.33098
-0.48468
-0.64841
-1.0507
-0.94486
0.64989
0.77776
0.33237
-0.76439
0.66687
-1.0809
0.1436
-0.90478
-0.83765
-1.1215
0.90169
0.11285
0.52122
-0.60555
0.19123
0.49547
0.4329
0.67523
1.0298
-0.71399
0.79445
-0.70333
0.58408
0.7747
-0.06727
0.50715
-0.692
1.0086
0.8366
0.71894
-1.0202
0.10746
1.0188
-0.80499
-0.87557
-0.98597
0.66322
-0.11771
0.90007
-0.95777
-0.96096
-0.24247
0.81186
0.50691
0.040063
-0.077398
0.43154
-0.84655
-0.48807
-0.95509
0.20761
-0.91448
1.0174
-0.33597
-1.0085
0.17664
-0.94782
0.52767
-0.89232
0.99827
-1.0781
0.31477
0.47676
0.094515
-0.11523
-0.8305
-0.99491
-0.37469
-0.88984
-0.74717
-0.85643
0.92432
-0.15157
0.13223
-1.0526
0.7969
0.063453
-0.20776
0.61797
1.0789
-0.81942
-0.047551
0.11665
0.73496
0.90256
-0.47183
-0.42253
1.1026
-0.025828
-0.51898
-0.65076
0.81163
-0.29284
0.19529
-0.20914
-0.88505
0.49719
-0.96656
0.12806
-0.98284
0.47105
-0.31394
0.91359
-0.31187
0.4139
0.96411
0.85994
-0.13883
0.99133
-1.0519
0.042742
0.47058
0.66247
-0.41743
0.054385
0.99717
0.9227
0.064002
0.85848
-0.41677
-0.13594
1.0272
0.52602
-0.24741
0.77373
-0.17214
-0.18176
-0.70298
0.10339
0.80959
-0.17764
-0.14594
0.28344
0.82588
0.091295
-0.36634
-0.22602
0.54817
0.97195
0.83253
-1.008
-0.82664
0.33447
1.1043
0.44677
-0.39763
-0.97877
-0.19955
-0.11199
0.96563
-0.83175
-0.26106
-0.88513
-0.75219
-1.0358
-0.065282
-1.1072
-0.61287
-0.31493
-0.66349
0.55944
0.3399
-0.39493
0.22309
0.97517
0.28747
-0.051989
1.0386
0.77345
0.75342
-1.0167
-0.11578
-0.93706
-1.0577
0.065297
-0.65349
-0.36081
-0.98907
0.081078
0.83786
-0.52521
-1.0272
0.38467
-0.57779
0.49905
-0.88233
-0.85147
-0.91888
-0.20769
1.1254
0.8738
-0.2297
0.79857
0.95575
-0.83611
-0.39263
-1.0511
-0.55613
1.0543
0.95077
-0.76938
0.12365
1.1553
0.54568
-1.0123
0.29538
0.94733
-0.8895
0.11996
0.72826
0.97676
0.15883
0.92187
1.001
-0.66702
-0.81558
-0.82222
0.23546
0.66896
0.73609
1.0384
1.1421
0.18689
-0.23354
-0.81838
-0.59122
-0.062253
0.12004
-0.86403
0.93662
-1.0756
-0.86739
-0.46065
0.45304
1.04
0.89149
-1.0329
0.16063
-0.36973
0.031073
-0.71325
0.37098
-0.24737
-0.89854
-0.62339
0.68881
-1.0058
0.83541
0.3945
0.45518
-0.58921
-0.14268
-0.351
0.26279
-0.72974
0.75501
0.47601
-0.9269
-0.75361
-0.87763
0.91852
-0.92691
0.57754
-0.96837
0.25386
0.9115
0.35024
-0.2474
-0.39215
0.65071
1.0389
-0.96491
-0.17742
0.94923
0.84622
-0.59537
0.13458
0.092975
0.99848
0.59604
-0.66865
-0.55522
0.66748
0.79933
-0.49284
1.0177
0.58788
1.0108
-0.16967
0.20799
0.031907
-0.9486
-0.052211
0.24839
-0.95576
-0.66745
-0.59525
-0.39893
0.49825
-0.46528
0.84156
-0.40593
0.86926
-0.078073
-0.74526
-0.68514
0.0081994
-0.39158
0.85243
0.17899
0.35832
-0.87558
0.069106
0.15811
0.76248
0.98614
0.95361
-0.51778
0.8977
-0.59578
-0.85845
0.62062
0.40871
-1.0003
0.5941
0.51669
-1.0154
-1.0134
-0.89005
-0.74493
-0.22752
1.0051
-0.49353
0.37392
-0.98069
0.65476
1.028
-0.0026422
-0.71666
0.46899
-1.0914
0.36303
0.96034
0.49844
-0.69966
0.78207
-1.0724
-0.5197
1.1767
-0.43188
0.83618
-0.616
-0.78866
-0.8093
-0.96506
0.69334
0.096797
0.67001
0.67194
0.86643
0.52779
-0.88272
-0.10891
0.61381
-0.7957
-0.78914
-0.50701
-0.30365
0.70391
0.823
-0.96922
-0.9308
0.037033
-0.52245
-0.4498
-0.4477
0.9605
-1.0003
-0.30168
-0.5034
0.97613
0.3318
0.85214
0.60719
-0.29549
-0.95846
0.99263
-0.45065
-0.61761
1.0312
-0.96851
0.53688
-0.12387
0.91475
-1.1405
0.11968
-0.66998
-0.51425
-0.78642
0.20527
0.22933
0.75296
0.86732
-0.23482
-0.04063
-1.0024
0.86434
0.35556
0.86082
0.27762
-0.70578
0.14615
0.48117
-0.41539
0.11478
0.33149
0.73254
-0.57606
0.846
0.99585
0.12737
-0.94936
0.4081
0.21672
0.76296
-0.75143
-0.017667
0.77392
0.96231
-0.24523
-1.058
-0.44263
0.95921
1.0305
0.3553
-0.41765
0.89278
0.0051031
-0.73477
0.901
1.1477
0.84431
0.63673
-0.95215
0.4125
0.36888
-0.37036
-0.29332
-0.22019
-0.03937
0.38375
-0.72485
-0.98021
-0.65059
0.7332
-0.82657
0.80564
-0.51061
0.33149
0.049143
-0.87057
0.17465
0.0381
0.66829
1.0878
-0.68012
0.57607
-0.63255
-0.85704
1.211
-0.19113
1.0136
0.98951
0.68694
1.0002
0.019313
-0.67551
0.6273
-0.88384
-0.13223
0.27249
0.11121
-0.8943
0.84607
0.16018
-0.56979
0.93111
0.92024
0.84951
-0.81354
0.80019
-0.76596
-0.98541
-0.97549
-0.757
-0.61277
0.63327
0.98115
0.23383
0.66946
0.89553
0.99468
0.42278
0.86239
-0.10086
-0.78345
0.53333
-0.91556
0.22737
0.67339
0.39935
-0.38731
-1.1207
0.85877
0.85564
-0.53591
-0.25514
0.99295
0.67637
-0.69951
-0.96702
0.843
0.87629
0.1938
-0.78103
0.47427
0.17231
-0.91027
0.67016
1.0361
1.0775
-0.13592
0.49407
-0.49494
-0.77062
-0.35801
-0.099323
-0.9584
-0.79259
1.0616
0.98633
-1.1106
-0.26523
-0.029568
1.0248
0.98404
-0.70476
-0.2793
-0.32711
0.21024
-0.95593
0.2908
-0.80042
0.85001
0.84602
-0.55817
-1.002
-0.67421
0.77888
0.33372
0.017979
-0.45103
-0.027022
-0.98688
-1.0094
-0.88348
-0.49854
0.60121
-0.29651
-0.99188
0.96455
-0.9438
0.83367
0.48674
0.19355
0.84325
0.91659
-0.72436
-0.8398
0.012723
0.48318
-0.92901
0.69244
0.56814
0.53585
0.65171
-0.38098
-1.0037
0.086532
-0.68999
1.0778
1.1326
-0.59217
0.16362
0.59812
0.93982
-0.98309
-0.040569
0.96451
0.91533
0.051449
-0.54581
-0.79993
0.88442
0.30775
0.19622
-0.96266
0.8742
-0.11583
-0.27897
0.96881
-1.0853
0.068697
0.97991
-1.0852
-0.51449
-0.0040047
0.65324
-0.93418
0.91673
0.53974
-0.99607
-0.48003
0.18598
-0.73585
-0.97673
0.62848
0.3717
-0.50412
-1.1673
-0.69211
-0.67557
-0.78042
0.63483
-0.90755
-0.97766
-0.22129
-0.81406
0.9122
-0.046161
0.3684
-0.75147
-0.52046
0.79324
0.88583
-0.9308
0.5336
0.03617
0.81573
0.47674
0.79271
-0.69398
0.40593
-0.60783
0.6859
1.0611
0.98487
0.76666
0.7813
0.91931
-0.8507
0.59085
0.94786
0.75438
-0.90931
0.87604
-1.0892
0.45374
0.96503
0.04663
-0.77138
-0.27294
-0.62773
-1.03
1.074
-0.097427
0.45441
-0.36799
0.39393
0.22626
-0.90994
-0.34492
-0.65828
-0.37602
1.0374
-0.05896
0.67186
0.93652
-0.29237
1.0415
-1.0536
-0.06465
-0.2264
0.34093
0.51158
-0.54419
-0.94074
1.0186
1.008
-0.53497
0.6648
0.078482
0.88767
-0.25351
0.47502
-1.0125
0.78827
-1.0306
-0.61863
0.79007
-0.4006
-0.034577
-0.80921
-0.69244
0.11391
-0.57485
0.71299
0.42549
-0.59607
-0.66604
0.73921
1.0806
-0.21463
0.73411
0.89382
0.064592
-0.15945
0.16563
0.39359
-1.079
0.40541
0.87719
-0.74586
0.3573
-0.14698
0.13713
-0.47551
-0.68904
-0.91085
0.083601
-0.8906
-0.57688
-1.1534
