-0.54671
0.67861
0.33741
0.98873
0.96822
-0.73463
1.1154
-0.030529
0.97124
1.0725
-0.40264
0.79626
-0.43774
-0.91118
0.043663
-0.76511
0.82162
0.09843
1.0178
0.57979
-0.71564
0.72808
-0.94414
-0.0092468
0.78311
-0.91165
-0.35095
-0.83312
-0.67419
-0.90603
0.55738
-0.1311
1.2145
0.83371
0.64714
-0.45141
0.86107
0.53059
-0.96736
-0.11732
-0.017958
0.2029
0.85896
-0.25467
-0.61182
-0.29763
0.60826
-0.97124
-1.0373
-0.98645
1.0237
-0.16983
0.042002
-1.1359
-0.38427
0.93164
-0.10839
-0.65198
-0.3838
-0.013475
0.18911
-0.29819
-0.11561
0.91953
-0.83667
0.93471
-0.65711
0.42165
-0.39845
-0.60939
-0.90458
-1.0865
0.18206
-0.34584
0.064732
-0.1467
-0.71324
0.24688
0.36515
0.16715
0.9779
-0.88039
-0.99457
-0.28091
0.50857
-0.87288
-0.020078
-0.60986
0.092119
0.30506
0.61861
0.12891
-0.45455
0.082894
0.39152
-0.87352
0.45607
0.51219
0.34954
-0.75523
-1.082
-0.96241
0.12272
-0.84085
-0.011872
0.84007
0.17823
0.88203
0.60756
-0.52371
-0.68618
-0.13229
-0.49744
0.77964
0.7555
0.48112
0.54796
0.50489
0.6409
-0.14757
0.95242
-0.78528
0.97548
0.48858
-0.11506
0.05378
-0.10574
0.57537
0.64715
0.71092
1.0604
0.5523
1.0085
0.56439
0.47911
0.79572
-0.048869
0.14497
0.73703
-0.49377
0.28818
0.24392
-0.94799
0.73739
-0.67965
0.40157
-1.1587
0.20245
-0.38725
0.78798
-0.88642
0.19399
0.76444
-0.90897
-0.83124
0.99583
-0.67943
-0.8957
-0.64766
0.21361
0.70561
-0.9116
0.28048
-0.35498
1.0258
-0.65983
-0.90773
-0.1746
0.70056
-0.48079
-1.0299
-0.99006
0.56958
0.010174
0.04919
0.27161
-0.70022
-0.61778
-1.1262
0.84118
-0.44162
-0.023868
-0.34663
0.13521
-1.0619
-0.23052
-0.49087
0.0895
-0.95008
0.75524
0.23594
-0.7064
-1.1387
0.67167
-0.19957
-0.87191
0.85303
0.39867
0.96545
0.49898
-0.27947
-0.12236
-0.24181
-0.66487
0.7191
-0.1178
-1.1463
-0.18542
1.0057
1.0536
-0.99658
-0.97289
0.26656
0.84658
-0.77233
-0.95288
0.33574
-0.65974
-0.81097
0.76285
0.86785
1.0605
-0.35305
-0.12207
0.80659
0.21391
-0.96708
-0.34275
0.28706
-0.77328
-1.1313
-0.03114
-0.23739
-0.4294
1.0004
0.59612
0.85461
0.87756
0.027065
0.90966
-1.1442
-0.59461
-0.9958
-0.81528
-0.14765
-0.61333
0.94404
-0.94941
0.070518
-0.78046
0.79528
0.31987
0.44948
0.93711
-1.0552
-0.36327
-0.11652
0.38033
-1.0352
-0.42525
1.074
0.046085
0.095324
0.45012
0.038312
-0.74393
-0.40097
0.9587
0.80969
0.91956
0.57887
0.93202
0.83045
0.32061
0.57434
0.84289
1.0072
0.055372
-0.90349
0.22094
0.32983
-0.79414
0.95738
-0.75954
-0.75864
0.74146
0.68304
0.39174
-0.34442
0.9497
0.86334
-0.97914
0.72143
0.45104
0.54489
0.28886
0.59791
0.81918
0.093234
-1.1521
0.7428
-0.65197
-0.69386
1.0647
-0.10544
-0.84144
-0.60721
0.45371
1.0199
-0.99929
0.98959
0.2757
0.53197
-0.53349
-0.49204
-1.0082
0.79732
-0.82288
-0.91972
-1.1237
0.097004
0.45645
-0.8244
0.72536
-1.2381
-0.38184
0.36956
-1.0396
0.063487
-0.95363
0.7482
-0.27022
-0.9078
-0.15897
0.045404
-0.90019
-0.88668
-0.27427
0.70858
-0.92542
-0.6535
0.72123
0.78099
0.78216
0.97677
0.32197
-0.24953
-0.55385
-0.95759
-0.61726
-0.26169
-0.53686
-0.94126
0.82197
-0.56844
-0.15556
0.82629
-0.24499
0.98462
-0.0021721
0.6567
-1.0009
0.20464
0.66576
0.016217
0.68706
0.97921
-0.14677
-0.87981
-0.49362
0.85378
-0.15589
-0.81575
0.77659
-0.52574
-0.57067
-0.40619
-0.64878
-0.38378
-1.1527
-0.56786
0.43452
0.50267
-0.27333
-0.22274
-0.93937
1.1
0.75318
-0.53349
0.7391
-0.67324
-0.6812
-0.74323
-0.70823
-0.34003
-0.9059
-0.51471
-0.094827
1.1203
-0.86923
0.76419
-0.86726
0.9056
-0.90287
-0.95432
1.1311
-0.73485
-0.017779
-0.64691
0.8774
-0.11606
-0.99682
-0.91088
-0.32507
-1.014
0.69538
-0.37701
0.63589
0.89548
0.78513
-0.72554
-0.23834
-0.66427
0.90827
-0.92414
-0.45263
-0.30266
-0.71137
0.026445
0.30325
-0.76386
-0.17633
0.087851
-1.0415
-0.15095
-0.45588
0.50786
0.20287
1.0378
0.08891
0.11656
-0.55603
0.66667
0.94386
-0.5496
-0.98239
0.21683
0.98322
-0.83725
0.1952
0.46234
-0.54188
0.5248
0.88444
1.0498
-0.20761
0.1618
0.99832
-1.0414
0.8255
-0.16987
-0.85387
1.0365
-0.045781
-0.7873
-0.23468
0.86768
0.93466
0.20919
-0.21276
0.98298
0.97581
-0.85793
-0.27956
0.79769
-0.43372
0.38409
0.93903
0.6415
0.83698
-0.39377
-0.2516
0.34157
-0.891
0.40302
0.090701
-0.083238
1.0797
0.81793
0.59913
0.41475
0.68404
-0.055715
-0.5311
0.038261
-0.55545
-1.0286
0.039655
0.21656
-0.017696
0.06175
0.56496
0.40979
0.97379
1.1401
-0.58382
-0.95784
0.86632
0.3241
-0.1438
0.81436
-0.51993
0.53735
0.63065
0.96189
-0.55672
-0.086886
-0.42781
-0.090309
-0.31065
0.92008
-0.26801
-0.90273
0.84661
0.08193
0.25429
-0.59049
-0.11549
-0.74841
-0.46786
-0.10504
-0.23734
0.34972
0.74962
0.70218
0.11461
0.066772
0.63297
1.0138
1.0788
0.25867
0.2481
0.27186
1.2389
-0.64133
0.78395
0.81313
-0.39085
0.77921
-0.058242
-0.46695
-0.84089
1.0452
0.65473
0.29267
-0.97177
-0.071544
-0.39544
-0.70288
0.92218
-0.70006
0.54927
0.38129
-0.39801
-1.0082
-0.32538
-0.27662
0.89041
0.848
0.10255
-0.628
-1.0151
-0.90441
0.15693
0.67291
-0.38643
0.80063
0.89607
0.70103
1.0349
-0.98738
-0.59465
-1.0911
0.074733
-0.54649
-0.97503
-0.77587
0.0040507
0.82477
0.56326
-0.91876
0.84415
0.59572
0.82226
0.74188
0.25538
0.14642
-0.86512
-0.53279
-0.62216
0.84006
-0.2211
-0.15011
0.14697
0.37337
1.0047
-1.057
0.74629
1.0787
1.0012
-0.76634
0.63198
-0.102
-0.42068
-0.30304
-0.041499
-0.040741
-0.61981
-0.42959
0.8974
0.79252
0.33398
-0.48887
0.9842
-0.73074
-0.76712
-0.77696
-0.30927
0.90765
-0.83945
0.14315
0.89745
0.11499
-0.8747
0.32154
0.56802
-0.79901
-0.99143
-0.33241
0.70916
-0.95599
0.82099
-1.1582
-0.57171
-0.123
0.00031696
0.3585
0.28642
-1.184
0.018913
-0.22374
-0.84635
0.44189
-0.12362
1.015
0.79816
-0.50769
1.0261
-0.31687
0.2804
-0.62817
-0.82562
0.55686
0.90271
-0.46224
0.83874
-0.50879
0.077191
1.0372
1.0521
0.18454
1.0167
0.13304
-0.23242
-0.11333
0.31533
0.81486
0.79432
-0.97843
-0.23646
1.037
-0.94234
0.9094
-0.86553
-0.61736
-0.75049
0.9514
-0.3802
-0.98293
0.26945
0.58759
-0.64732
0.47396
0.31841
0.8029
-0.46014
0.98308
-0.64664
-0.65175
-0.39978
-0.64967
0.27554
-0.60835
0.90709
0.53473
0.34179
0.93739
-0.87462
-0.16152
0.1387
-0.84852
-0.67062
1.0035
-0.16883
-1.1003
-0.10466
-0.84697
-0.6917
0.4058
0.93269
0.46943
0.53839
-0.90503
-0.69756
0.32054
0.34569
0.9591
-0.19985
-0.87704
-0.922
-0.031017
0.89322
-0.55366
0.96473
0.82589
-0.97922
-1.189
-0.69248
0.54326
-0.28126
-0.31536
0.88752
-0.83098
-0.72825
0.76589
0.96819
0.99073
-0.0377
-0.074091
-0.78554
-0.86283
0.984
0.99644
0.87087
0.1567
0.74183
-0.75323
-0.32178
0.087762
0.85346
0.94482
0.70481
1.0989
0.88319
-0.44865
1.0148
0.82776
0.88763
1.0571
0.32381
-0.070918
-0.74975
-0.53053
0.52118
-0.63909
-0.80912
0.78222
0.71722
-0.56889
-0.78351
0.43976
-0.21392
-0.99422
0.08385
-0.03798
0.042569
0.95795
-0.46268
1.1306
0.83113
0.77694
-0.62737
-1.163
0.64701
0.48729
-0.74927
-0.47655
1.1235
0.96615
0.08153
0.85131
0.31634
-0.15603
-0.42017
0.11312
0.35802
-0.43698
0.066076
0.90769
-0.99501
-0.24571
0.045488
0.041397
-0.036964
0.21599
0.051255
-0.090203
-0.81107
-0.95504
0.98072
0.3549
0.84132
0.14087
-1.0344
0.20079
0.75492
0.52218
1.1659
0.66752
0.16741
-0.81777
-1.1195
0.51762
0.1186
-0.42516
-0.90344
0.27456
0.023751
0.37828
-0.66201
0.87948
0.87866
-0.41275
-0.0040955
-0.14825
1.0484
0.29786
-0.10765
0.36437
-0.28449
0.10499
1.14
0.98574
-0.16917
-0.093932
-0.4057
0.91938
0.4271
0.35642
-0.37069
0.78513
1.0489
0.26793
-0.62081
-0.718
-1.0251
-0.67158
-0.88808
0.12669
0.75972
-0.4133
-0.074818
0.18348
-0.66586
0.61877
-0.92209
-0.874
-0.93971
-0.87587
0.78515
-0.70876
0.23793
-0.72116
0.31843
0.5628
-0.64613
-1.0283
0.74944
-0.69712
0.036102
0.56894
-0.39829
-0.46098
0.30878
0.84411
0.89147
0.52331
0.40986
-0.1097
0.15646
-0.17124
1.0119
-0.61508
-0.2469
0.79854
0.2324
-0.95883
0.33107
0.43062
0.60154
0.80812
0.56727
-0.51572
0.85322
-0.94857
0.63181
-0.14025
-1.0866
-0.24808
0.93139
0.8778
-0.19979
0.36146
-1.1507
-0.30942
-0.58069
-1.0831
-0.88993
0.1124
-0.4425
-0.53381
0.90006
0.79719
0.98071
-0.95437
1.0105
0.76916
0.93553
-1.1159
0.85942
-0.5076
-0.3529
0.54063
-0.72671
-0.79523
-0.73017
-0.76799
0.81722
-0.86677
0.98764
-1.0212
-0.84753
0.61589
-0.83896
0.43238
-0.9044
-0.71948
1.0907
0.60862
-0.04473
-0.44926
-0.78367
-0.81643
0.39259
0.50184
-0.90022
0.86419
0.37981
0.90158
0.88333
-0.1031
-0.73655
1.1437
-0.25952
0.25639
0.97606
0.91973
-1.0191
0.92074
0.63347
-0.78027
1.0911
-0.059948
-1.0256
-0.88506
1.0468
0.34763
-1.0286
-0.35027
-0.10873
0.11399
0.90104
0.67972
1.1303
0.99972
0.46335
-0.70381
0.89163
-0.70022
1.0354
-0.2857
-0.6925
0.27219
-0.23736
-0.67516
0.51131
0.83855
-0.93984
-0.23229
-0.71475
-0.79047
0.65814
0.64996
0.29683
0.24001
-0.52185
-0.06381
-0.10659
-0.83481
-0.9074
0.35172
-0.86852
-0.019505
-0.73289
-0.88127
0.28338
-0.89927
0.23065
0.02512
0.58564
-0.60966
0.24482
0.30643
-0.46645
-0.86311
1.0969
-0.02709
-0.4655
0.84352
-0.54587
-0.97444
-0.78415
0.25137
-0.92961
1.0083
-0.2216
-0.93996
-0.15713
0.71713
0.42745
0.66964
0.61929
-0.45506
-1.0195
-1.1428
-0.80317
-1.0266
1.1336
-0.4468
0.86406
-0.42864
0.45972
1.0046
-0.76701
-0.27231
1.2059
-0.60928
1.16
1.0631
-0.88965
-0.49979
-0.36285
0.98406
0.85918
0.81323
-0.74228
-0.7377
-0.79418
0.99118
0.33641
-1.0039
-0.064397
0.76062
0.22581
-0.20046
-0.74399
-0.098978
-1.0848
0.46473
1.0716
-0.78573
-0.98118
0.03083
0.18209
-0.766
0.0038067
0.42688
0.52328
0.91978
0.33104
0.96166
0.21793
-1.0062
1.0475
0.48539
-0.86852
-0.56721
-0.92403
-1.0717
0.24308
-0.41898
-0.9502
0.29493
-0.78574
-0.95426
0.32633
-0.071275
0.87847
-0.85468
-0.76765
0.85584
-0.73372
-0.88298
0.99061
1.106
0.81848
-0.38353
1.1005
-0.048464
0.95755
0.28008
-0.91964
-0.31289
-0.85542
0.51656
-0.063826
-0.88428
0.52924
1.2429
0.32602
-0.2439
0.39074
0.74609
0.091012
0.19641
0.12737
0.33766
0.89733
0.094111
0.58221
-0.80214
0.6501
-0.67832
0.66163
-1.0071
-0.93617
-0.69977
1.0836
0.72214
0.68254
1.1507
-0.17065
0.80296
0.31021
-0.85277
-1.0437
-0.20499
0.49215
-1.0775
0.42279
-0.41917
0.97816
-0.14966
-0.78458
-0.6006
0.75362
0.69559
0.74034
-0.46415
-0.6346
0.91225
0.90424
0.070388
0.9031
-0.93149
-0.89474
-1.0714
0.88345
-0.82695
-0.53849
0.99012
-1.0196
1.0373
0.81091
0.6211
0.98421
0.57058
0.57675
0.88713
-0.12169
0.85937
0.12146
-0.67962
0.70846
0.48794
-0.9803
0.25463
0.37342
0.47219
-0.84778
-0.88609
0.085554
-0.78348
0.41576
-0.54943
-0.23244
-0.2439
-1.0142
0.062145
1.0483
0.55694
-1.056
-0.74111
-0.97653
-0.74381
0.4443
0.88609
0.025643
0.12008
-0.2123
0.91251
0.79937
0.88104
-0.036462
1.0209
1.1026
-1.0409
-1.0576
-1.179
0.49058
0.92705
-1.0703
-0.33602
0.29159
-0.84445
-0.34347
-0.22907
0.57012
-0.038354
0.78807
-0.30277
1.1521
0.075012
0.6339
-0.23262
0.9188
0.90794
-0.37095
0.97882
-0.27078
-0.98608
-0.17989
1.1193
-1.0066
-0.26563
-0.47081
1.1008
-0.79092
-0.9302
0.17724
-0.10734
0.071083
0.25118
-0.97221
1.0781
-0.24744
0.43421
0.82875
0.23011
-0.8946
-0.79028
0.34993
-0.3392
-0.70451
0.55661
-0.70834
0.74635
0.6563
-0.36296
-0.27013
-0.80955
-0.9126
1.0842
1.0704
-0.75455
0.48006
0.64833
0.85781
-0.64764
-0.48906
-1.0295
-0.67399
0.37341
-0.62853
-0.37128
0.8515
1.2143
-0.37318
0.95186
0.50796
0.98682
-0.75223
0.62946
-0.35419
0.34183
-1.1334
-1.0712
0.9039
-0.28298
0.8383
0.68279
0.58717
0.047227
0.5992
-0.044481
-0.6446
0.44778
0.67755
-0.42072
0.95613
0.37363
-0.88313
0.85961
0.4297
0.16756
-0.54543
0.46061
0.011942
-0.70755
-0.069362
1.0347
0.81609
-0.066007
-0.94242
1.0387
-0.89449
-0.89178
-0.80527
-0.57566
-0.44722
-0.32061
-1.126
0.85833
-0.74635
-0.55688
0.74446
-0.33935
-1.1071
-0.93379
-1.1174
-0.78131
-0.72853
-0.47242
-0.61208
0.4401
0.9408
0.15755
-0.28278
0.51454
0.82905
-0.93685
0.6444
0.4423
-0.69334
0.3882
0.24537
0.87816
0.25728
-0.54728
-0.82168
-0.91197
0.99063
0.77218
0.18076
-0.29724
1.119
0.60476
0.6049
-0.64604
-0.50578
-0.95095
-0.7997
-1.0368
-0.80146
0.24456
0.53001
0.70276
0.95105
-0.13413
-0.029335
0.22696
0.71214
-0.6905
0.86156
0.81878
-0.66693
0.74282
0.94057
0.94646
-0.32313
0.84309
-0.29764
-0.82714
-0.25437
-0.91776
-0.20779
0.42461
-1.1075
-0.0014848
-0.8873
-1.0006
-0.25153
-1.0378
0.50609
-0.70948
-1.1693
-0.091375
0.8492
0.033333
-0.25633
0.84101
1.1438
0.93598
-0.28303
-0.3377
-0.7449
1.0513
1.0823
-0.86662
0.88443
-0.69539
-1.1234
-0.13946
1.0933
-0.98879
-0.31077
-0.36092
-0.33658
-1.0015
0.56389
0.53921
-0.34371
-0.89356
0.53862
0.94504
-0.99086
0.27899
-1.0741
-0.62905
1.0239
0.041006
-0.50856
-0.99429
-0.21192
0.88842
-0.77374
-0.79236
-0.5041
0.41643
0.16108
0.82682
1.0902
-0.89473
0.28069
0.083694
0.59658
0.52356
-0.12302
0.82292
-0.90335
-1.0108
-0.092274
-0.85209
-0.10663
1.1081
0.39375
-1.004
-0.46508
0.8599
0.81799
0.54414
-0.89335
0.92427
-0.49718
0.39889
0.036504
-1.0134
-0.18768
1.0759
-0.1249
