-0.12364
0.53453
0.012704
-0.7606
0.65135
-0.98217
0.018997
-0.65406
-0.043642
-0.58666
0.57572
-1.0185
0.7466
-0.45315
0.27391
1.1622
0.10904
0.13433
1.0051
-0.97913
0.61812
-0.70713
-0.7201
1.0421
-0.664
-0.88228
-0.86748
0.8368
-0.9938
0.80105
-0.42016
0.6146
0.85754
-0.050497
0.93967
0.10149
0.9382
-0.17118
-0.12347
-0.88372
0.46517
0.73918
-0.098061
1.0292
-0.90639
-0.35063
0.97298
0.41025
0.79919
0.01208
-0.39881
-0.50529
-0.7087
-0.82736
1.069
0.75485
0.098102
0.80982
0.11476
-0.60372
0.30556
-0.74609
0.17845
0.51564
-0.73268
0.92527
-0.37389
0.42965
-0.98612
-0.91902
0.75905
0.029282
0.8591
-0.72823
-0.32753
0.1481
0.82521
0.3984
0.037768
-0.16365
0.18171
0.1186
-1.1597
0.40234
-0.054475
0.17604
0.3798
0.40676
-0.54681
0.51169
0.80734
1.0181
0.83933
0.54931
-0.010121
-0.84618
-0.48816
-1.0587
-0.44934
-0.00507
-0.65547
-1.0872
0.41684
-0.9092
-0.25363
-1.0173
-0.41314
0.8688
-0.91249
-0.41107
1.0733
0.37417
0.94889
-0.55212
0.8247
-0.56402
0.21685
0.24436
0.69267
0.15584
-0.70792
-0.68553
-0.66271
0.61062
-0.72843
-0.70377
1.0258
0.1435
-0.77134
-0.79239
1.1786
0.951
1.0227
-0.38034
0.71388
0.97408
0.6004
-0.31213
0.53635
-0.8945
0.62814
0.12177
0.20372
-0.14881
-0.3536
0.99611
-0.98226
0.46282
0.54896
0.33953
0.42735
0.91426
0.79152
0.91394
-0.99062
-0.17761
0.66642
0.81868
0.69293
1.1005
1.0423
0.39378
0.57551
-1.038
-0.50754
0.58221
-0.55239
-0.91797
1.0752
0.94658
-0.79011
-0.29828
0.18099
-0.61041
0.44274
-0.91805
0.62281
-0.40103
0.16998
-0.93744
0.37794
-0.99951
-0.82449
0.93451
-1.1104
1.1068
-0.92036
-0.93913
-0.11694
-0.52514
1.1204
0.45232
0.89996
-0.86338
0.99974
-1.012
-0.68949
-0.93794
-0.82296
0.07487
0.42967
-0.54184
0.3228
0.85492
-0.63864
0.28376
-0.44414
-0.73114
0.23064
-0.8744
-0.41725
0.34581
0.59207
-0.56728
-1.0065
0.87588
-0.32986
-0.15444
-0.29799
-0.93921
-0.45529
-0.42752
0.23829
-0.41763
0.42284
-0.94537
0.92954
-0.019644
-1.0099
-0.44572
0.26119
-1.0059
-0.79764
0.81578
-0.91344
0.17127
-0.13137
-0.58795
1.0219
0.57393
-1.0049
-0.90078
-0.73857
-0.52567
0.43806
-0.6137
-0.84387
1.1021
-0.32484
-0.71441
1.0322
1.1125
-0.08327
0.58044
0.50918
-0.46097
0.27169
0.79853
-0.20496
1.0248
0.57184
-0.85281
0.2955
-0.78224
0.88072
0.1999
0.95592
-0.27434
-0.92191
0.98383
-0.85113
0.39028
0.82936
-0.46684
0.88764
0.87221
-1.0347
0.89993
-0.86747
-0.86099
-0.84638
-0.61287
1.2635
-0.17123
0.97585
-0.73821
-0.26053
0.86809
-0.52619
-0.60914
-0.56679
0.21189
-0.3338
-0.7449
0.27832
0.90988
0.26356
-0.34073
0.16111
-0.83183
-0.93847
0.14069
0.32195
-1.0211
-0.80002
0.47521
0.58897
0.29189
-0.44023
-0.31301
-0.16852
-0.78445
-0.47197
0.066411
-0.63987
-0.9612
0.38006
-0.56888
-0.38862
-1.1038
-0.89477
0.98107
0.48798
0.97699
0.44547
-0.29862
-0.64264
-0.94706
-1.0337
-0.83592
0.0067927
1.0432
0.96912
-0.92438
0.52468
0.83897
-0.071049
0.19918
0.45442
-0.064899
0.084792
-0.44639
-0.44793
-0.59813
-1.0804
0.35104
0.44451
-0.17467
1.1765
0.14804
-0.99099
0.75017
0.11537
0.049338
0.7541
-0.90052
-0.37472
0.61459
0.33979
0.4728
-0.10905
0.76507
0.65565
0.0013209
0.6701
0.19805
0.42853
-0.9409
0.80525
-0.21996
-0.20529
-0.93294
-0.087717
0.82554
0.83663
-0.68019
-0.72503
0.30488
-0.97537
0.86269
0.73846
-0.98201
0.91803
-0.5689
0.29205
0.53632
-0.90086
-0.40939
-0.36383
0.27014
-0.67237
0.65342
-0.43508
0.040707
0.86072
0.5024
-0.25386
0.2987
0.12886
0.30138
0.0033511
-0.26805
-0.029414
0.78916
0.49686
0.8446
0.69167
0.75794
0.48806
0.28939
0.77442
-0.62775
-0.040377
0.9142
-0.2298
0.51979
-0.081876
-0.2909
0.71285
0.16102
0.56362
0.39728
0.29826
0.36061
0.15334
-0.45912
-0.52993
0.97188
0.084856
-0.24579
-0.01732
0.078478
-0.717
-0.4889
0.13289
-0.70211
0.23087
1.0302
-0.77877
-0.72882
0.66386
0.69039
0.29965
0.96736
0.89301
-0.54857
0.70429
0.30761
0.30994
-0.92384
-0.53325
0.49134
1.1551
-0.22643
1.0278
-0.88269
0.9223
0.83077
-0.79208
-0.045062
1.0777
-0.83148
-1.1379
0.70002
-0.69605
-0.019847
-0.46612
0.86187
-1.0824
0.43761
-0.29753
0.94297
0.9836
0.69401
-0.93957
0.62873
0.90163
-0.22031
-0.95428
0.22297
1.0972
-0.75271
-0.96495
0.39239
-0.41417
0.44769
-0.43478
0.076332
-0.86969
-0.44018
-0.15854
0.4355
0.37051
-0.91617
0.93291
-0.33888
0.79415
0.56869
0.10826
-0.88727
-0.97657
0.99816
1.0067
-0.048116
0.14558
-0.98434
0.95335
0.69637
-0.91946
-0.17461
-0.98211
0.94396
-0.80207
0.96862
0.54996
1.1443
-0.51885
-0.11454
0.71229
-0.4603
0.1295
1.0877
0.83042
-0.77123
1.0378
-0.05413
-0.72213
1.1035
-0.81897
-1.0693
-0.83572
-0.42864
-0.46042
0.3191
-1.0637
0.31961
0.91803
0.082181
-0.091472
0.11601
-0.86832
-0.85178
0.16186
0.078943
1.0416
0.27981
-0.43662
0.94569
-0.82541
1.0451
0.21343
0.11891
0.54855
-0.83678
-0.22804
-0.52325
0.54669
-0.3447
-0.27501
-0.81804
0.48718
-0.69749
-1.0567
-0.88836
-0.79595
0.62395
0.52171
-0.89574
-0.95369
0.081164
0.99754
0.90422
-0.050826
0.25194
-0.73428
0.35694
1.0515
0.70172
-0.14514
0.032517
1.0056
0.97525
0.80494
-0.88121
-0.50995
-0.4384
0.97272
0.67118
-0.36086
0.1713
0.19686
-0.069693
0.63802
-0.36175
0.13986
1.0376
-0.32625
0.85252
-0.78758
0.75903
-0.96454
0.11637
0.78492
0.82495
0.65726
0.90342
-0.16593
0.93082
0.74812
0.84583
-0.32704
0.20214
-0.71359
-0.53416
0.12593
0.70646
0.94151
0.95301
0.91486
0.37599
1.006
0.0063655
0.18294
0.39642
-0.37634
-0.53761
0.264
0.73178
-0.1021
-0.32608
-0.21086
-0.33941
0.88641
-0.79519
0.88297
0.66504
0.4917
0.74213
0.44489
0.31584
-0.21011
0.68886
0.5414
0.49895
-1.2205
0.22703
-0.94753
-0.73363
0.46848
-0.5719
0.29751
0.57403
-0.74567
0.79662
-0.66566
0.23472
-0.18254
0.77046
-1.0157
-0.91838
-0.002007
-0.10256
-0.14
-0.80755
0.7824
1.1023
-0.87188
-0.4958
-0.80236
0.90937
-0.51119
-0.80301
-1.0874
0.52805
0.56681
-0.27787
1.1023
-0.97275
-1.1114
0.88736
0.86398
-0.69959
-0.25251
0.63485
-0.84676
0.24967
0.79139
0.39033
-0.12833
0.21564
1.137
-0.96354
-1.058
-0.8426
0.72608
-0.73748
-0.87221
-1.0275
-0.66711
0.72985
-0.87259
-0.53062
-0.50646
0.98797
0.7617
-0.86921
0.79907
0.49206
0.86878
-1.0096
-0.43016
-1.0531
0.99675
0.47342
1.0431
0.37918
-0.13235
0.44634
-0.65475
-0.9717
-0.066519
-0.99335
-0.60064
0.34009
-0.14656
-1.0954
0.81468
1.0831
-1.0478
0.94233
-0.088138
-0.07863
-0.94441
-0.00054505
-0.51268
0.69747
-1.081
-0.64332
-0.96829
-0.97548
-0.83906
-0.48071
0.42169
-1.0658
-0.40709
0.9536
1.084
-0.0089856
-0.63076
-0.072349
0.19012
-0.90845
1.0053
-0.026518
0.72714
0.18023
0.063545
-0.80218
0.5827
0.41706
-0.26211
0.78352
-0.14803
-1.1594
0.71984
0.022188
-1.2637
0.58781
0.55267
1.0731
0.52486
0.3101
1.1577
0.97291
0.37992
0.94652
0.89077
0.23697
-0.75689
-0.84624
-0.58621
-0.49097
-0.26729
-0.79009
-1.0138
0.61001
0.94013
-0.80183
0.70625
0.76066
-0.9173
-0.59497
-0.81398
0.73667
-0.92758
0.89624
-0.24317
0.54331
0.27178
1.0535
-1.2401
-0.76549
-0.6785
-0.14166
-0.78393
-0.17087
-0.32668
-0.375
0.32664
-1.0513
0.14854
-0.96426
0.62213
-0.87435
0.33951
-0.23226
-0.19766
-0.95611
0.65913
0.7819
0.1648
-0.70738
-0.056163
0.16087
0.22737
-0.7817
0.87292
-0.47846
0.56865
-0.83433
0.97243
-0.70851
0.77409
-0.91489
0.17381
-0.95235
1.0157
0.068355
-0.8756
-0.98855
-0.93177
0.56685
-0.68992
0.92846
-0.50918
-1.0053
0.28008
-0.012541
0.47561
0.15518
-0.50081
-0.41677
0.62315
-0.8262
-0.89802
0.79985
0.89281
-0.35558
1.1068
-0.43121
0.55735
-0.92914
0.11313
0.87242
0.070503
-0.10965
-0.90148
-1.1045
0.99506
-1.0526
-1.0833
-0.22731
0.99415
0.42766
0.20228
-0.8624
0.56776
0.47612
0.93451
0.33111
-1.0213
-0.26706
-1.1302
0.66187
0.91541
1.0752
0.43593
-0.91082
0.60632
0.98339
-0.47179
0.94383
-0.90817
-0.71266
-0.35718
0.67976
-0.93286
1.197
-0.013911
-0.79606
0.49896
-1.0461
-0.17833
-1.1229
-0.27486
-0.19748
-0.68585
-0.35979
-0.53027
-0.018143
0.40932
1.0111
0.046429
0.43196
0.29828
-0.88286
-0.90772
0.93429
0.043858
-0.18781
-0.55577
-0.45011
1.1439
-1.0308
-0.61695
-0.53294
-0.93889
-0.72166
0.79592
0.54118
0.27608
-1.2402
0.35086
1.0218
-0.82547
0.48835
0.93775
-1.2936
-0.14068
-0.54914
-0.96308
-0.39458
0.055638
-0.68611
-0.88515
1.1742
0.10879
-0.96687
0.91492
-0.46129
1.0081
0.47456
-1.0382
0.11393
0.97626
-0.72781
1.1086
-0.47784
-0.0078822
0.093564
-0.55539
0.96768
0.46032
0.45687
-0.95515
-0.50764
-1.0183
-0.48727
-0.86159
0.99742
-0.86426
0.13514
0.14171
-0.15535
-0.07414
0.47379
0.94004
-0.3656
0.35191
0.6825
-0.83233
1.0421
0.82976
-0.7187
-0.98337
-0.44313
-0.78204
0.78722
0.98873
0.56725
0.99568
-0.34128
0.16174
0.80389
0.43018
0.17175
1.1129
-0.97492
0.16383
1.0568
-1.0626
0.4424
0.2626
0.22512
0.1046
-0.48102
-0.63238
-0.80255
-0.60296
0.2839
-0.17057
0.63167
0.87856
-0.85
-1.0803
0.65715
-0.80628
0.86187
-0.89459
0.74769
0.048117
-0.6448
0.041503
0.16194
-1.1096
0.97471
-0.04005
0.34284
0.83283
-0.65137
0.18124
-0.94631
-0.64211
-0.85876
-0.20386
0.038864
-0.709
0.75954
-0.10773
1.0294
0.99337
0.51058
-0.64402
-0.49626
-0.97942
-1.0252
1.0479
-1.0388
-0.30196
0.87456
-0.24771
-1.0397
-0.18296
0.13891
-0.62549
0.34814
-0.12179
-0.48961
-0.88178
-0.63088
0.48622
0.85832
0.58858
-0.88223
0.10289
-1.0083
0.67542
-0.65617
-0.42502
0.55379
0.41307
1.0035
1.0231
0.27611
-1.1431
0.20778
-0.68643
-0.94255
0.9894
-0.091544
1.0082
0.95476
-0.51071
0.16603
0.19369
0.77957
0.049191
-0.76351
0.61388
1.0758
-0.54437
-0.22937
0.14346
-0.98973
0.25946
0.024197
-0.71513
-0.38954
0.85008
-0.33739
-0.31857
-0.89215
1.0418
-0.0078247
-0.75648
-0.80632
0.94501
0.42013
-0.53394
-0.38611
1.0764
-0.89736
0.26864
1.1469
-0.88406
0.45375
0.63587
-0.14066
-0.92614
-0.85437
0.85688
0.29781
-0.93878
-0.02098
-0.97239
0.74411
0.36579
-0.58493
0.48566
-0.91035
0.93983
-0.86542
0.20484
-0.01672
1.0401
0.56937
0.80043
-0.93538
-0.75796
-0.023959
-0.73716
-0.73435
0.71898
0.39517
-0.53974
-1.0351
0.13264
0.87714
-0.97001
-0.85923
1.0409
-0.0053219
0.46643
0.33972
-0.24842
0.65667
-0.62082
1.0871
1.0599
-0.20428
-0.54486
0.70034
-0.81935
-0.25855
-0.73273
0.68276
0.00086936
-0.72695
-0.87328
0.6464
0.38232
0.17376
-0.43656
1.0507
0.7494
-0.083296
0.94559
-0.15287
-0.71103
0.56919
0.12707
0.5947
0.92233
-1.0224
1.0496
0.64511
-0.71299
-0.86688
-1.0601
-1.0723
0.31867
-0.85576
-0.054165
1.0854
-0.30927
-0.68331
0.86095
1.1369
0.14042
0.27439
0.97536
0.12748
0.8938
-0.90905
0.2476
0.91775
0.053348
0.2709
-0.0073783
-0.093143
-0.01485
0.52892
0.71303
-0.63196
-0.78132
0.86063
-0.38095
0.70888
-0.15838
-0.70479
0.022731
-0.73801
-0.88587
-0.5468
0.026057
0.010898
-0.38729
0.9582
0.88131
0.28386
-1.1399
0.64861
-0.54597
0.61144
0.77131
-0.89123
-0.65181
0.75125
-0.12054
-0.62769
-0.11058
1.069
-0.82744
0.25232
-0.9924
0.82987
0.49382
0.23283
-0.87415
0.81486
0.77517
0.067184
-0.56068
-0.72293
-0.013972
-1.088
-0.067898
-0.84649
-0.95223
-0.94891
-0.33458
-0.46769
0.90509
0.96864
-1.0116
-0.28553
-0.69027
-0.75121
-0.98859
0.98875
-0.14529
-1.0585
0.77786
-0.11121
0.88229
0.28747
0.71181
0.71645
1.0538
-0.84643
1.0762
-0.28026
-0.96449
0.72281
-0.98674
-0.9675
1.0032
-0.54302
-0.37611
-0.030287
0.096463
-0.8025
0.6104
-0.94084
-0.58732
0.92163
0.01231
0.79161
0.41372
-0.84349
-0.4694
-0.8638
0.91353
0.3447
-0.6447
0.11995
0.70648
0.93618
0.41326
-0.86764
-0.10959
-0.31879
-0.84089
0.90904
0.23854
-0.39355
0.80984
0.39744
1.025
-0.80999
-0.059732
0.39329
1.0707
0.11226
-0.33371
-0.92167
-0.33457
1.0686
0.80631
0.20917
0.017531
0.76969
-0.82253
-0.85436
0.15959
-0.91014
0.58062
-0.60167
-0.67412
-0.43007
-0.68088
0.68799
-0.0072875
-0.86213
1.0188
1.011
-0.11843
0.10754
0.59878
-0.97661
1.1085
-0.97405
0.069616
-0.64936
0.63668
-0.64552
0.94684
-0.046378
-0.53964
0.42328
0.79318
-0.41226
-0.88373
0.86922
1.0366
0.44318
0.50365
-0.64092
0.76082
0.57386
-0.36582
0.65855
-1.0844
-0.92227
0.43227
0.18617
-0.39229
-0.2901
-0.78815
-0.97874
1.0077
-0.51071
0.60291
0.84025
-0.9281
0.27319
-1.0924
0.17885
-0.75224
-1.0033
0.98569
-0.67989
0.0049914
-0.63419
0.3047
-1.0191
0.93484
0.62623
-0.89081
-0.054764
0.96756
-0.24267
0.69629
-0.55944
-0.51961
0.083067
-0.034518
1.0686
-0.95951
1.0889
0.88244
-0.88327
0.52615
-0.8392
-0.56603
1.028
0.16048
-0.14287
0.35856
-0.82648
-0.22173
0.573
-0.63157
0.18741
-0.95653
0.93623
0.10657
-0.89352
-0.072148
-0.25733
0.44605
-0.20797
-0.026484
-0.6505
0.29829
-0.86368
0.44837
-1.0543
0.95529
-0.97788
0.83864
0.67668
-1.0471
0.76015
1.047
1.067
0.21335
-0.77172
-0.25037
0.021781
-0.12984
-0.95706
-0.083046
0.87938
0.74674
0.42337
-0.20854
0.58267
0.21941
-0.57752
0.35686
-0.60329
0.45747
-0.59089
-0.99795
0.088241
-0.84888
-0.69899
0.93461
-0.77057
-0.011419
-0.15843
-0.8033
0.70639
-0.6118
0.16901
-0.22604
0.74788
-0.58001
-0.93903
-0.73158
0.2134
0.2711
0.60317
0.50432
-1.0895
-0.64854
-0.82529
0.97271
-0.87547
0.89135
-1.0131
-0.83721
-0.68777
-0.34279
-0.079342
-1.0528
-0.2637
-0.42467
0.049042
