-0.91301
0.7938
0.44724
0.15361
-0.94596
0.97278
-0.8494
-1.1554
-0.38334
-0.76128
0.77388
-0.85536
0.87706
-1.0365
-0.87939
0.84104
0.3141
0.82026
-0.38074
1.0574
-0.21493
1.0124
-0.56507
0.075113
0.48916
-1.0239
1.2074
-0.49718
0.086481
-0.43808
0.045178
0.82684
0.58677
0.87893
-0.80071
0.82778
0.75809
-0.35949
0.16872
0.4845
0.81676
-0.5592
-0.69032
-0.91933
0.50234
0.66698
-0.37259
0.93981
-0.25639
-1.0571
0.60944
0.91973
0.91653
-0.53199
-0.6888
-0.62171
0.869
0.48991
0.48126
-0.55615
0.71144
0.8197
-0.39131
-0.46754
-0.15125
-0.97386
1.0167
-0.021495
-0.86173
0.94864
0.35105
-0.25326
-0.89458
0.63187
-0.75626
-0.50733
0.174
-0.11065
0.41731
0.70891
-0.029159
-0.0021991
-0.6331
-0.1929
-0.80502
0.91801
0.11748
0.51986
-1.0159
1.0355
0.49006
-0.37306
-0.57499
-0.66588
1.0649
0.84493
1.0962
0.87057
-0.75925
-0.6471
-0.40806
0.88071
0.60139
0.90079
0.083969
0.56865
0.82853
-0.82268
-0.48412
-0.10608
-0.84389
1.0022
0.59383
-0.47112
0.83198
0.90721
-1.0174
-0.70952
-0.72714
0.32031
-0.70944
-0.41884
0.050436
0.2617
-1.0051
0.54694
-0.34368
0.69683
0.84772
0.73984
0.83447
-0.97006
0.42877
0.15176
0.1366
0.4206
0.91743
0.22724
-0.042735
-0.63504
-0.98624
0.14268
0.47356
-0.85768
0.1963
-0.96967
-1.2126
-0.88243
-0.88617
0.24969
-0.47945
0.023041
-0.69505
0.062567
0.27312
-0.63822
-1.1137
0.24127
-0.00087909
-0.79847
0.073458
-0.29039
0.95083
0.92661
0.012627
0.53044
0.69585
0.50125
-0.35624
-0.91435
-0.48927
0.25344
0.43152
-1.0525
0.84436
0.95893
1.0086
-0.86903
-0.5442
-0.8086
-0.87767
0.55599
-0.75937
-0.6484
-0.97284
0.61799
-0.015621
0.60076
0.57815
0.65693
1.2183
-0.54702
0.95128
-1.0209
0.50674
0.3372
0.34222
-0.71255
-1.2261
0.93324
0.67549
-0.089194
-0.19103
-1.0905
0.57242
0.80904
0.4375
-0.037029
0.43736
-0.62201
0.56546
-1.0297
-0.38156
-0.581
-0.94896
-0.19052
-0.49505
-0.28317
0.30944
0.73812
-0.22815
-0.80232
0.86094
0.11825
-0.66356
0.12324
0.64901
0.67128
0.12346
0.039652
0.84807
-0.48331
-0.94347
-0.83913
-0.6137
0.55472
0.22532
-1.0453
-0.59425
0.35856
-0.12099
-0.36905
0.95683
0.4875
0.42782
0.20465
-0.8204
0.79324
-0.72996
1.002
-0.94063
0.076229
-0.991
0.95214
-0.06602
-0.032111
-0.6175
-0.80191
-0.64433
-0.53706
0.24076
-0.79894
1.0593
0.92199
-0.87308
-0.44091
0.025646
0.35482
1.0027
0.73852
-1.0359
-0.53805
0.17924
-0.064953
0.90436
-0.4295
0.76707
0.89965
-0.52712
-0.56836
-0.39993
0.54524
-0.98477
-0.43242
-0.8395
0.37271
0.71875
0.36921
0.25711
0.89903
-0.67628
0.51009
0.72228
-0.69683
0.49003
0.4638
0.65014
1.0379
-0.60524
0.51855
-0.83773
0.21083
0.070011
0.88342
-0.70473
-0.79302
0.60422
0.72988
0.52334
0.03855
0.92889
0.65325
-1.0233
-0.58156
-0.52838
-0.024708
-0.88675
0.83399
0.97576
-1.0763
0.93749
0.89011
-1.1883
-0.46322
-0.87082
0.35482
-0.63437
0.96353
-0.90913
-0.96659
0.83082
-0.86025
1.0435
-0.43998
0.1121
-0.4133
-0.75738
-0.33193
-0.046295
-0.12097
0.95962
-0.31626
-0.12256
-0.56628
0.85152
0.7245
1.0767
-0.51442
0.4203
1.0578
0.41858
0.11559
-0.23725
0.71572
0.22119
-0.58733
-0.82008
0.28403
0.022779
0.80086
-0.20747
-0.21502
0.15803
-0.79908
0.1356
-0.25974
0.052359
-1.1054
0.035781
-0.011993
0.2074
0.60469
0.73421
-0.76864
0.88832
0.65145
0.49539
-1.0909
-0.25566
0.78357
-1.1783
-0.98045
-0.95565
-0.48278
-0.24273
0.3234
-0.32655
-0.5776
-0.33015
-0.074399
0.96484
0.9036
-1.0004
-0.66865
0.80932
0.81704
-0.81519
-0.9238
0.76418
-0.3286
0.92691
0.46352
-0.98458
0.78713
0.82393
-0.91925
-0.9361
-0.34505
0.56934
-0.35982
0.086881
0.22497
-0.6864
-1.0243
-0.60695
0.16431
-0.3973
-0.36162
-0.030233
-0.96758
0.78207
-0.64631
0.17102
-0.8513
0.86695
1.0303
-0.13936
0.89456
-0.97646
0.35642
0.48983
-0.57098
-0.89115
0.99688
0.17554
-1.0195
-0.87931
0.84627
-0.78519
-0.93674
0.11962
0.69831
-0.97142
-0.39989
0.91981
-0.62522
-0.949
-0.82682
0.59015
0.96181
0.50018
0.22536
0.47393
-0.86241
-0.16258
-0.19333
-0.26531
-0.41602
0.42195
0.04109
-0.83124
-0.94879
-0.91831
0.68816
0.69346
0.94385
0.048898
-0.75967
-0.097106
-0.91051
-0.87525
1.0921
0.91494
-0.067641
-0.3235
0.82042
-0.69402
0.73635
0.2625
-0.5318
1.0302
-0.49273
-0.85256
0.41445
0.073741
-0.17871
0.10259
-0.79222
0.49927
-0.60703
-0.38741
0.88378
-0.24641
-0.38805
-0.26348
-0.28113
-0.47798
-0.72
0.87508
-0.00076722
-0.9649
-0.51872
-0.080906
-0.70998
-0.63718
-0.1019
0.075206
-1.0417
0.37996
0.20999
0.39245
0.014884
0.7879
-0.16209
0.63489
1.0295
-0.85857
0.33809
-0.39463
0.49419
0.40642
-0.081942
-1.1078
0.21357
-0.65582
-0.84155
0.42723
0.84047
0.38767
0.60209
0.2346
-0.14123
0.96213
-0.67699
-1.0389
-0.23456
-1.0356
0.68203
-0.58799
0.77476
-0.52906
-0.23197
-0.2072
0.90014
0.57292
-0.9395
-0.96502
0.96752
-0.012573
-0.24337
0.44919
1.0745
0.2817
-0.72225
-0.69119
-0.97283
-0.88286
-0.99079
-0.90303
-0.46484
-0.4029
1.0493
-0.9258
0.37021
-0.60689
0.85225
-0.20706
-0.62994
-0.88425
-0.62365
0.3251
0.72973
1.0601
-0.88066
-0.51261
0.21465
-0.83824
-0.89861
0.26804
0.12134
-0.54059
0.6573
-0.85489
-0.24496
-0.87835
0.80994
0.9182
-0.64057
-0.94057
0.58664
-0.83894
-0.83801
0.88679
-0.44155
-0.82942
-0.97472
-0.90358
0.86982
0.084078
0.45784
-0.34223
-0.88812
-0.15146
0.81575
-0.39999
0.040721
-0.72843
0.45991
0.10497
-0.9626
0.69196
-0.60875
-0.35722
0.68805
-0.95707
0.61632
-0.0779
0.60062
-0.72252
0.38818
0.58628
0.27098
0.5871
-0.035579
0.50664
-0.14779
0.86037
-0.49328
0.85813
0.85722
0.10603
-0.78096
-0.39289
0.59566
-0.9901
0.31992
0.51279
-0.84396
0.44151
-0.97019
-0.92043
0.51821
1.1162
0.90585
0.29406
0.94908
0.24536
-0.51907
1.093
-0.091164
0.84472
-0.3435
0.901
0.22918
-0.94278
-0.59751
0.0070383
-0.7983
-0.42006
1.0102
0.49128
0.53641
-0.88265
-1.025
0.77406
0.14751
0.86333
0.27955
-0.94277
0.17597
1.0187
-0.87066
-0.020188
0.36627
-0.57582
0.85601
0.047409
-0.44981
-0.71366
0.13543
-0.32272
0.94541
0.65728
-1.0662
0.33754
0.84227
-0.71791
0.16809
-0.003306
-0.099676
0.97541
-0.026975
0.093209
-0.012593
0.48147
-1.079
0.17565
0.96197
-0.39187
-0.79171
-0.8094
0.86598
1.0961
0.99432
0.7401
0.29956
-0.0079756
-0.91723
0.86065
-0.32305
0.94045
-0.17429
0.39535
-0.45926
-0.97897
0.88099
-0.14143
-0.71872
0.1398
0.72504
0.23523
-1.0912
0.0090769
-0.66463
1.1327
-0.50104
0.61436
-0.98727
-0.39807
-0.6792
1.0078
-0.25585
-0.91158
-0.7878
-0.82495
-0.26686
-0.063575
0.82028
-0.15312
-0.58815
-0.98478
-0.89134
-1.0272
0.56297
-0.84627
0.43513
0.77379
-0.8367
0.91906
-0.89753
0.94667
0.90158
0.65375
0.78684
-0.43214
0.041737
-0.95108
0.36892
-0.71933
-0.72853
-0.91934
0.3533
-0.095352
1.0464
-0.021996
0.73033
-1.0127
1.0312
0.72903
-0.62555
0.6622
0.57936
-0.77412
0.65904
0.27103
0.72866
0.65412
-0.99912
-0.40227
0.96634
0.91607
-0.2729
0.86684
0.47858
-0.81673
0.91937
-1.1377
0.87443
0.67329
0.90087
0.47119
-0.91956
-0.66612
-0.89984
-0.99271
0.62649
-0.37512
-0.52897
0.45294
-0.75386
0.53024
0.72901
-0.86621
-0.92251
0.44473
-0.74959
0.23378
-0.77011
1.1092
-1.0375
0.55475
-0.024086
0.88034
1.1638
-0.94848
1.1742
0.97778
-0.70416
-0.87993
0.7729
-0.64777
-0.29043
0.64332
-1.0466
-0.16781
-0.024314
0.89215
-0.56128
-0.4821
-0.53442
0.87829
-0.74592
0.93297
0.90635
-0.15378
-0.81762
-0.21844
0.66114
0.42744
-0.53086
0.21671
0.14324
0.6521
0.065267
-0.4285
0.7293
-0.35251
1.0656
-0.99297
0.27857
0.5535
-0.27482
1.0492
-0.3374
1.0577
0.73902
-0.5274
0.34327
0.29063
0.5868
-0.3799
-0.90449
-0.12533
-1.1196
-0.99844
-0.79713
-0.045935
-0.9246
-0.33474
-0.11847
-0.85113
0.51932
0.39083
-0.084183
-0.76547
-0.39992
-0.92347
-0.32666
0.57197
0.93526
-1.1438
0.12926
0.60148
-0.54713
-0.96573
0.51552
-0.43562
-0.045808
-0.2015
-0.44775
0.097763
-0.46229
0.72672
0.76628
0.85
-0.58901
0.60031
-0.59703
1.1514
0.84105
-0.6339
0.22118
-0.21917
-1.0181
-0.76061
-0.98533
-0.44744
-0.90966
0.28463
1.0434
0.92643
-1.0154
0.40054
-0.29829
-1.0172
0.96707
0.48735
0.21369
0.2665
0.97675
-0.66722
0.018618
-0.5514
0.88795
0.18909
-0.02289
0.98381
-1.2917
0.84456
-0.82725
0.44504
0.034682
1.0526
-0.35303
0.26025
-0.95006
0.17858
0.53275
0.81421
0.30778
1.0534
0.94453
-0.27292
-0.56137
0.42836
-0.75748
-0.16035
0.87889
-0.99245
-0.75828
0.64118
-0.89609
1.113
0.94641
-0.84522
0.072441
-0.82735
0.14166
-0.91939
0.57106
-0.72197
1.0396
0.1289
0.52488
1.082
0.79524
-0.78144
0.97427
-0.63232
-0.001163
-0.019115
0.13069
-0.7494
0.85154
1.0107
-0.40002
-0.52944
-1.0325
0.079429
-1.1005
-0.99665
-0.9289
0.88483
-0.74247
0.56975
-0.80658
-0.35025
0.11097
-1.1777
-0.58737
-0.85392
-0.95747
0.9963
0.21076
-0.99391
0.075263
-1.0057
-0.99869
-0.94448
-0.11738
-0.38538
0.14239
-0.89973
-0.17037
0.53958
-0.84877
0.36155
-0.052244
-0.65104
-0.092897
-0.3017
0.55602
0.70285
-0.27638
0.88093
-0.73024
0.28192
-0.30335
-0.91154
-0.67193
-0.44959
-0.57067
0.90915
0.69402
1.0711
0.68202
0.79078
0.90504
-0.16257
0.048481
0.29929
0.62635
-0.65378
0.82942
0.2724
-0.32606
-0.53545
0.76307
-0.88402
-0.94573
-0.51365
0.97084
-0.75912
0.55063
0.4463
-0.89295
0.48007
-0.084463
0.75392
-0.064188
-0.36815
0.73517
0.92903
0.50943
-0.70994
-1.3365
0.93362
-0.36431
-1.0398
-0.092875
-0.60543
0.9259
0.13772
0.78222
-0.61975
-0.69462
-0.13296
-0.86029
0.31467
-0.95866
-0.79539
-0.75785
0.46935
0.47993
-0.75421
-0.99851
-0.43212
-0.73526
0.63726
-1.0334
-0.98199
-0.97356
0.35265
-0.29215
-0.53304
0.87186
-0.5119
-1.0425
0.49575
-0.80971
-1.041
-0.27906
-0.57546
0.082239
-0.81807
-0.91583
-0.60036
0.41921
-0.92959
-0.011018
-0.78842
-0.73911
1.1878
-0.29758
0.94725
0.81089
0.85935
-0.2632
0.78211
-0.92853
-0.14971
1.0102
-0.25407
0.704
-0.12175
-0.47431
-0.46679
-0.47639
-1.1155
0.25579
0.012487
1.1752
0.95088
0.68213
0.58544
1.0931
-0.75496
0.87412
0.53908
0.62181
-0.77219
-1.154
-0.31397
0.4837
-0.49312
-0.49871
0.89707
-0.58854
-0.50865
0.36186
0.15663
-0.26182
-0.94917
-0.31164
-0.061081
-0.61162
0.80281
0.88595
0.9932
-1.0386
0.89769
-0.095543
0.88544
-0.52595
-0.88714
0.96631
0.086346
-0.25908
0.66886
0.43333
-0.57535
-0.25176
-0.65227
0.42229
-0.36281
0.13014
0.92248
0.71924
0.63533
0.88243
0.28545
0.020728
-0.33595
0.76554
0.084828
-0.93334
-0.46934
0.52694
-0.47737
-0.54916
-0.3598
-0.98139
-0.58938
-0.71627
-0.088742
0.80988
0.85801
0.79123
0.80895
-0.42443
-0.67255
1.1148
0.063014
0.74044
-0.46507
-0.91742
0.66475
-0.4115
0.85313
-0.025183
-1.1088
-1.0614
0.43815
0.42307
-0.49683
-0.99651
-0.90099
-0.20385
-0.31477
-0.9957
0.56605
-0.47885
-0.29447
0.98697
-0.3977
-0.082113
-0.74942
-0.9316
0.61475
-0.35762
-0.38449
-0.011513
-0.45209
1.0596
0.70839
0.80802
0.88129
0.36388
0.92431
-0.47861
-1.063
0.069315
0.33788
-0.40432
-0.17071
0.77254
0.37304
-0.58346
-0.38747
0.7561
-0.86546
0.36201
-0.82055
-0.78607
0.86743
-1.0353
-0.69598
-0.74894
-0.030981
0.77634
-0.41034
-0.26768
0.6178
-0.82617
0.68372
0.21956
-0.52369
0.77416
-0.6365
-0.95648
-0.1947
-0.76387
1.091
0.67425
-0.64363
1.0172
0.64619
0.78118
0.96629
-0.23753
-0.75559
-0.87114
1.0903
-0.7119
0.91932
-0.89956
0.039197
-0.71974
0.80011
-0.52628
-0.89664
-0.59304
-0.47124
-0.62366
0.31494
-0.93339
0.30487
0.88354
0.71384
1.1066
0.22723
0.5903
1.0586
-0.59397
-1.0349
-0.59953
0.29365
-0.8548
0.51963
0.31326
0.82102
-0.78344
0.17213
-0.19753
-0.12412
-0.82767
0.99167
-0.89829
0.70487
0.68218
-0.45448
-0.64067
-0.67454
0.92257
-0.93267
0.66842
0.35141
0.26375
-0.092942
-0.069923
-1.104
0.21131
0.5366
0.87247
-0.51386
-0.93374
0.59901
0.92697
0.57376
-0.015146
-0.82464
-0.29421
0.24964
-0.35486
-0.71873
-0.41424
0.32968
1.132
-0.9058
-0.612
0.98043
0.55573
0.57167
0.62743
-0.34486
1.0544
-0.10254
-0.87066
0.23763
0.82141
0.07622
0.98178
-0.86231
0.99415
-0.74685
0.37931
-0.26047
0.62744
0.03144
-0.48465
-0.4333
0.54841
-0.21981
0.64405
-0.2062
-0.25594
0.08534
0.17441
0.90843
0.13468
-0.12267
0.42337
-1.0576
0.53763
0.0037406
0.54143
1.1366
0.92535
-0.42813
-0.35857
-0.65549
0.71005
-0.74448
-0.63438
0.78414
-0.62898
-0.42819
0.58336
0.023182
0.38639
0.019271
0.25078
0.13472
0.67202
0.014761
0.55282
-0.17392
0.74416
-0.77296
-0.14512
-0.18649
-0.83685
0.48689
-0.29993
-0.73893
-0.78358
-0.06635
-0.46915
0.54753
-0.78732
-0.91347
-0.1822
-0.66605
-0.49006
-0.93079
1.0684
-1.0536
0.85921
0.0015409
0.44627
0.41718
0.9445
-0.9798
0.17712
-0.98041
0.63846
0.48953
-0.38995
-0.40682
0.82886
0.69883
0.96448
-0.85734
-0.82904
-0.89245
0.18559
-0.71826
-0.59854
-0.45975
0.24238
0.21581
-0.77964
-1.1305
-0.80606
0.64676
-1.0116
0.39796
-1.0999
0.85252
0.8004
-1.1377
0.59884
0.65869
-0.94271
0.051447
0.75075
0.85947
0.81028
-0.40589
-0.91892
-0.3382
0.98537
-1.1012
0.38162
0.63994
0.62882
0.87875
-0.81855
-0.71925
-0.41101
-0.86608
-0.63694
0.75089
0.16167
0.79151
-0.73067
-0.22381
-0.57499
0.6158
0.2538
0.9055
0.72139
-0.39687
0.041716
0.82261
-0.023244
0.16457
0.35783
-0.79585
-0.94703
-0.52238
1.0226
0.92313
0.31108
0.91506
-0.061561
0.86875
-0.2214
0.93167
0.6936
