-0.77535
0.6818
-0.13811
-0.12634
-0.084243
0.96694
0.41861
0.84197
0.036495
-0.63696
0.59094
-1.0295
0.86467
-0.84148
0.085587
0.22894
-0.98939
-0.93153
0.11722
-0.76666
0.36136
-0.81222
-0.54658
-0.73149
0.79417
0.82096
0.56441
0.56763
-0.40359
0.19958
0.29302
-0.98482
-0.89904
0.99918
-0.743
0.024072
0.60611
0.098125
-0.89987
-0.99932
-0.46077
-1.0291
0.7721
0.64603
0.30419
0.63933
-0.18002
0.56745
0.86089
-1.025
-0.22647
0.6723
-0.25558
-0.85441
0.28181
0.9548
-0.79656
-0.61186
-0.081831
-0.89764
-0.12188
0.5527
-0.84091
0.76026
-0.99385
0.34267
0.96799
-1.049
0.70922
0.95509
-0.19714
0.87778
0.077646
-0.86203
1.0344
-0.58338
-0.59929
0.77681
-0.79008
-0.27414
0.60587
0.93791
-0.16504
0.87916
-0.75444
-0.66522
1.0022
-0.35561
-0.30066
-0.33246
-1.028
1.0078
-0.96074
0.11193
-0.36385
0.55018
0.73485
1.1925
-0.77665
-0.44144
0.75638
0.67391
1.0092
0.5277
-0.19448
-1.029
-0.58154
0.67292
0.59796
0.6884
-0.8297
-0.087966
-0.75998
-0.56727
-0.55515
-0.79137
1.0166
0.83956
0.27507
0.11624
-0.7542
-0.77058
0.38436
1.1665
0.9003
-0.42819
-0.72972
-0.92019
0.17054
0.75218
0.82669
0.57751
0.93806
-0.54625
0.81631
0.26903
-0.99557
-1.0482
0.55379
-0.046521
0.25104
0.10859
0.10252
1.011
-0.75418
0.92793
-0.36891
-0.44796
0.015268
-0.56875
-0.87247
0.87584
-0.81149
1.0997
0.50763
0.2444
-0.0019938
-0.20919
-0.79306
-0.57246
0.19392
-0.45357
0.039582
0.28659
1.0827
0.20228
0.98486
-0.089632
-0.26668
0.38221
-1.0332
-0.15287
-0.78475
-0.7761
1.04
0.27518
0.12794
-1.0977
0.97318
0.33504
0.58766
-1.0748
-1.0269
-0.58781
0.059853
-0.85692
-1.0497
1.1041
-0.95052
0.61908
0.37268
-0.030839
0.52732
-0.74058
-0.41685
-0.86518
0.51966
0.66325
0.95476
0.69257
0.14457
0.11615
0.2501
0.10057
-0.33055
-0.32714
-0.65367
0.81896
0.94237
-0.70531
0.70739
-0.44863
0.22445
-0.047359
1.0087
1.0959
-0.55791
-0.51106
-0.46342
0.58561
0.33525
0.46489
0.085109
0.99365
0.453
-0.64654
0.51998
0.36018
-0.79687
-1.1255
0.69944
-0.40157
0.47199
0.84338
-0.48604
-0.88705
0.95022
0.91605
-0.70425
-0.38871
-0.65309
-0.95738
-0.17514
-0.29229
-0.68676
-0.73096
0.96822
-0.89521
-0.73774
0.25377
0.15572
0.75197
0.38153
0.27656
-0.53217
-1.107
-1.0039
0.72403
0.83861
0.78228
0.001328
0.82183
0.66232
-0.6097
0.84342
0.54238
-0.69834
-0.63604
0.72808
-0.64777
0.0036967
-0.91785
0.95086
0.56296
0.69303
-0.80881
-1.008
-0.97856
0.77346
-0.83915
-0.2456
-0.97963
-0.79674
0.31216
-0.2596
-0.42585
0.24185
-0.98101
-0.18219
-0.59793
-0.95557
0.4465
0.016021
-0.82475
0.26346
0.44753
-0.46534
-0.99128
-0.53663
0.48796
-0.094874
-0.66072
0.99625
0.9639
0.023506
-0.217
-0.77994
-0.47957
-0.84934
0.39581
-0.84687
-0.50069
0.50826
-0.82162
-0.46878
-0.79474
-0.3411
-0.58535
-0.33123
-0.035614
0.73451
-0.93204
-0.4166
-0.9759
-0.056739
-0.82313
0.88517
-0.86374
0.18341
1.1445
1.0424
-0.40286
0.88073
0.10935
0.94991
-0.3653
-0.99884
0.97409
-0.87291
-0.39896
-0.61259
0.57737
0.019285
0.76467
-0.0072745
-0.75231
0.004592
-1.0088
1.0824
0.96684
-0.52525
0.31604
-0.82543
-0.47612
0.48574
-0.81155
-0.4272
0.46487
0.89932
1.1327
-0.34343
0.65357
-0.15567
1.2896
0.70091
-0.59033
1.0188
-0.25363
1.0546
-0.48725
0.70858
-0.80742
0.72262
0.064701
-0.77754
-0.10194
-0.19084
0.62715
0.82675
-0.34771
-1.0612
0.0024851
0.65924
-0.27153
-0.57242
-0.23
0.53505
-1.1086
-0.44115
0.64187
0.79598
0.39247
-0.94078
0.45719
-0.44155
1.0556
0.30305
-1.1436
-0.69537
-0.19805
-0.13043
0.77381
-0.76359
1.0147
0.33192
0.74722
-1.2427
-0.882
-0.81658
0.018374
-0.91152
0.87815
-0.96779
-0.36497
-0.59069
-1.0756
-0.98516
-0.93648
0.76308
0.9217
-0.186
-0.59651
0.69726
0.34422
0.57986
0.52105
-0.79004
1.0398
-0.5351
-0.03429
-0.061766
-0.48398
-0.28132
0.93076
0.1711
0.76381
0.98331
-0.62362
-0.28326
-0.84332
1.0537
0.5563
-0.71981
0.89046
-0.50542
-0.74096
-1.1092
0.90131
1.0517
0.86883
0.86471
-1.0546
0.030363
0.67274
-0.97571
-0.22823
0.33676
-0.65046
0.39593
-0.78637
0.57784
-0.11265
-1.0327
0.1543
0.61685
-0.90213
0.5664
-0.58868
0.36813
-0.6393
0.44038
-0.6917
-0.017721
0.47043
-0.77317
0.46065
-0.15778
-0.26151
-0.48326
0.040821
0.79684
-0.37554
0.63686
0.51666
-0.89739
-0.93581
0.52496
-0.39532
-0.92836
0.9905
0.58891
0.09694
-0.83787
-0.83661
-0.98266
-0.20796
0.45961
0.62356
-0.61878
1.0354
-0.52104
0.80208
-0.0033328
-1.1073
0.55153
0.098416
0.99279
-0.67365
-1.0725
-0.70331
-0.33759
0.10185
0.61637
-0.96755
0.5585
0.34365
-0.85332
0.29659
-0.0076725
-0.73942
-0.03594
-1.0029
-0.17988
-0.63895
0.024034
0.78613
0.78689
0.39678
0.90937
0.6945
-0.35322
0.63598
0.8037
0.2217
0.20833
0.44066
0.11994
-0.79103
0.71513
0.85484
-0.6716
0.68425
-0.85307
-1.0688
-0.39006
1.1269
-0.25677
0.23682
0.01703
0.59247
-0.18342
-0.3476
0.87976
-0.35972
0.91799
-0.66316
0.97909
-0.89916
-0.31541
-0.73477
-1.1148
0.6396
0.78663
-0.63223
0.11795
-1.0271
1.1318
0.28614
0.68038
-0.60194
-0.13087
-0.17254
-0.954
0.86135
-0.19442
-0.80043
0.031136
0.85309
-0.55264
-0.97926
0.090747
0.55673
-0.25146
0.95913
-0.81424
-0.48658
-0.18939
-0.17288
-0.067619
0.93616
0.34101
-0.76668
-0.60233
-0.87744
0.87631
-0.78466
-0.8382
1.0184
0.84743
1.0711
1.1783
0.35488
0.67485
0.34306
-0.96564
1.2033
-0.22518
0.028107
-1.167
0.81793
-0.25964
0.96612
-1.0276
1.0437
0.50729
-0.65753
-0.37662
0.75627
-0.30463
0.98987
0.28071
-0.84221
-0.013711
-1.0365
0.23072
0.28384
-0.51656
0.484
0.42466
0.11495
-0.87468
-1.0759
0.85449
0.67728
0.45228
-0.22978
-0.3058
-0.70548
0.36417
0.65703
-0.21532
-0.43086
-0.89944
0.75297
0.41295
-0.41663
0.7795
0.092819
0.23141
-0.71224
0.85528
-0.29052
-0.41039
-0.7785
-0.50367
-0.59867
-0.91681
-0.99398
0.86855
0.37827
-0.96504
1.0179
0.79195
0.55059
-0.84324
0.93758
-1.026
-0.33328
0.9684
0.003382
0.38758
-0.60096
-0.63993
0.65775
0.6733
0.51395
-0.020469
-0.15005
0.83666
0.82871
-0.592
0.53711
0.52181
0.0030137
-0.38241
0.87588
0.9839
0.5972
-1.0224
-1.0123
-0.3013
0.24021
1.0539
-0.81354
0.58947
0.37763
1.0633
1.0052
0.97541
-0.011791
0.84809
0.78959
0.11353
-0.95685
0.98495
1.0623
-0.18289
-0.15483
1.0613
0.60374
-0.35688
0.24047
-0.70676
0.66953
-0.27968
0.8229
-0.9529
-0.62042
-0.83367
-0.38969
-0.85681
-0.87458
0.95516
0.90023
1.0243
-0.7829
-0.97542
0.037413
0.56146
0.67784
0.9288
-0.17253
-0.59846
-0.96423
-0.0038558
-0.94402
0.95541
0.74933
-0.31954
0.94867
0.79294
0.5492
-0.23799
0.92006
0.28194
0.70287
-0.040695
1.0963
-0.51108
-0.51952
0.87944
-0.85202
0.94707
0.49497
0.71475
-0.42033
0.99601
0.99066
0.83554
-0.35683
0.94324
-0.087031
-0.92644
-1.028
0.88467
0.33387
0.07926
-1.0235
0.91314
0.28935
0.30917
0.19141
-0.98604
-0.84773
0.9673
0.73246
0.37489
0.45675
-1.1807
-0.75081
0.51337
-0.8136
-0.53791
0.67537
-0.017863
-0.85279
-0.74305
-0.75199
0.81197
0.93964
-0.041692
-0.17594
0.3337
0.11248
-0.33845
-0.5963
-0.11219
-0.80064
-0.67069
-1.0733
-0.83814
-0.33706
-0.69426
0.078404
0.85533
-0.64618
-0.94652
-0.63796
0.69049
-0.45647
-0.69538
0.95846
-0.96413
-1.044
-0.059853
-0.46644
-0.94559
-0.18454
0.31708
0.049425
1.0228
0.88017
-0.93801
1.1042
0.50227
-0.89826
0.38129
0.1262
-0.51549
-1.2169
0.81141
0.7233
-0.79998
-0.94409
0.95939
0.78159
0.13755
0.7047
-0.14508
-0.82686
-0.36107
-0.67678
0.67174
0.79932
-0.31369
-1.0348
-0.4835
-0.18027
-0.41153
0.31119
-0.069694
0.25348
-0.5346
-0.94475
-0.58806
-0.43257
0.99815
-0.97944
-0.4201
0.87613
-0.35524
-0.48621
-0.32344
0.68541
-0.019617
0.38731
0.20335
-1.0091
0.83862
0.76774
-0.0029516
0.0758
0.31055
-0.04659
-0.76023
0.76486
-0.43469
0.12874
0.50533
-0.56267
-0.90495
0.73687
-0.52317
0.68253
0.96685
0.011399
0.79379
0.88249
0.70425
-0.81308
-0.44104
-0.37036
-0.86711
-1.0337
-0.74243
0.62206
-0.11659
0.31424
0.73814
0.47005
0.35761
-1.0693
0.80618
0.10365
0.61484
0.85296
0.82962
0.75489
-0.47526
0.78488
-0.85104
0.63519
0.5565
0.12586
0.15665
0.78046
-0.65736
-0.85049
-0.24843
0.082413
-0.52169
0.37004
0.12021
0.28357
-0.28098
0.029522
-0.99455
0.38702
0.041682
0.33818
0.64693
1.031
0.5091
-0.92135
-0.95152
0.24249
-0.9843
0.21309
-0.65037
0.26319
0.90212
-0.58555
-1.0643
0.85896
-0.16198
0.62055
0.028296
0.8269
0.825
1.0339
-0.2312
-0.52123
0.78149
-0.26586
0.063187
0.36131
-0.83227
1.1072
0.39461
0.1662
-1.0166
-0.98946
-0.68139
-0.0056241
1.0192
0.96083
0.17836
0.25428
-0.79237
-1.0075
-0.40538
-0.77907
0.89455
-0.77749
0.81461
-0.53551
-1.1718
0.46555
1.0045
-0.10579
-1.0276
-0.75517
-1.1134
0.47484
1.016
-0.71115
0.02371
-0.8593
0.029717
0.89617
-0.21453
0.9878
1.0374
0.69429
-0.33214
-1.0407
0.97653
0.62438
-0.36362
0.96364
-1.0878
-0.63138
0.76635
-0.5928
0.15155
0.31259
-0.33758
0.86265
-0.69929
0.46482
-0.52973
-0.85629
0.96813
-0.17816
-0.76224
-0.51269
0.50341
0.98634
0.35418
0.28473
0.28777
0.15423
-0.90238
-0.077348
0.92208
0.81303
-1.113
0.62451
0.25782
-0.80979
0.18349
-0.80468
-0.29465
0.8506
1.0558
-0.76285
-1.1785
0.99805
0.28924
1.068
-0.95139
-0.40844
-0.26491
-0.97507
-0.26261
-0.76699
0.2536
-0.62842
-0.10617
0.22861
0.85145
-0.70834
0.20293
-0.77832
0.029284
-1.0607
-0.44383
-0.25854
0.79306
0.53275
0.95458
0.22311
1.0153
0.25235
0.54143
1.0581
-0.63025
0.88199
0.73919
-0.15517
0.4587
0.88265
1.0411
-1.0981
-0.64482
-0.47729
0.74231
0.49192
0.91306
-0.24691
0.76732
-0.031289
-0.16518
-0.45703
-0.94814
0.45071
1.0753
0.78334
-0.63382
-0.7553
-0.30572
0.80875
0.79184
0.20293
0.63675
-0.037721
-0.96196
0.146
-1.0099
0.75588
-0.77385
1.0409
-0.61404
0.6089
0.51484
0.22706
1.0108
-0.95527
0.72374
-1.0262
0.12453
0.9355
1.1371
-0.25161
-0.60219
-0.14781
-1.0178
0.62298
0.72521
0.97559
-0.54203
-0.59432
0.41266
-0.42082
0.97388
0.53236
-0.17008
0.3385
-0.74458
-0.83257
-0.92321
0.2225
0.9204
-0.58822
-0.7993
0.60111
-0.70901
0.11706
-0.89931
0.7514
-1.0465
0.71132
0.49915
0.37131
-0.066031
-0.80901
-0.69746
-0.87934
-0.12677
1.1246
0.18439
0.74804
0.81217
-1.2044
-0.60196
0.80104
-0.0071026
0.55619
-0.92718
0.19025
-1.0099
-0.90256
-0.39182
0.76928
0.078954
-0.80349
-0.45782
-0.95193
-0.46313
0.094466
0.84262
-0.86429
0.82006
-0.2852
1.0431
0.073233
-0.61366
-0.45778
0.98489
-0.89097
-0.60831
0.76515
-0.34143
-0.20316
-0.39645
-0.47568
0.48117
0.81517
0.29436
-0.86436
0.55486
0.78927
0.86338
0.25759
-0.61087
-0.9632
-0.74077
-0.30941
1.0454
-0.13003
0.85919
0.55926
1.0673
0.19284
-0.057982
0.25379
-0.98988
0.14661
-0.23099
-0.45652
-0.73023
-1.0175
1.208
0.17283
0.04151
1.0011
0.044576
-0.30629
0.026717
0.36168
-0.19162
-0.034817
0.68351
-0.78171
0.17189
-0.93994
0.99593
-0.99593
0.85961
-1.1038
-0.38684
-0.63881
-0.23809
-0.24687
-0.78666
0.04244
0.11494
0.035914
-0.8787
0.17791
-0.19952
-0.917
-0.47371
-0.31975
0.61886
-0.024986
0.62718
0.059243
-1.0369
0.97308
-0.95061
0.99603
-0.76001
-0.22802
0.75509
0.77935
0.45194
-0.22171
0.87653
0.48921
-0.90832
-0.21463
0.44187
0.43878
1.0411
0.46958
0.52266
-0.85119
-0.66429
0.72773
0.11264
-0.91141
0.79546
-0.76816
-0.59621
0.027604
-0.12632
-0.58036
0.1298
-0.86791
-0.71147
1.1023
-0.27925
-1.0325
0.26122
0.75149
-1.0275
-1.1269
1.01
-0.76769
-0.7431
-0.84464
0.93804
0.60364
0.10143
-0.63098
-0.85617
0.65931
-0.56049
-0.15633
0.90128
-0.82039
0.62468
0.55791
0.072906
-0.91419
1.0381
0.64779
-0.45267
-0.21393
0.93761
-0.78784
0.60011
0.33945
0.96995
0.13369
0.043913
0.00092633
1.1213
0.20269
0.73082
0.64925
0.099395
0.40027
-0.084365
-0.46687
1.0057
0.6386
-0.39088
-1.0037
-0.80743
0.42489
-0.82047
-1.0082
-0.41163
1.0768
-1.0464
-1.0557
-0.94047
1.0453
-0.6429
0.31984
0.90784
0.66444
0.049833
0.28876
0.51842
-1.0815
-0.26797
-0.8811
0.031229
0.33096
0.1578
-0.40891
0.29435
0.86649
-0.93351
-0.35006
1.0305
-1.0533
-0.0024402
0.51574
-0.767
0.49726
-1.0234
0.81248
0.18185
-0.85093
-0.48402
-0.82346
1.0817
0.38002
-0.88782
-0.33747
-0.24706
-1.0795
0.074819
-0.27482
0.84758
0.92417
0.59806
0.91756
0.54304
-0.23034
1.0942
0.64743
-0.20249
-1.0728
-0.55732
0.4315
0.78799
-0.20143
0.68204
0.79435
0.22851
0.024341
0.30941
0.3171
-0.097794
1.0029
0.55195
0.19681
-0.46554
0.39273
0.72219
-0.8761
0.12321
-0.22984
0.87835
-0.96163
0.93232
-0.83625
-0.38422
-0.32031
1.0849
-1.188
0.60649
0.98531
-0.9146
0.87555
0.066333
0.16295
0.46547
0.88958
-1.0841
-0.84204
-0.61767
-0.23049
-0.59216
-0.43136
-0.12332
-0.20073
1.0142
0.36089
0.27625
0.53023
-0.57241
0.28095
-0.44782
1.119
0.65783
0.066974
-0.17528
0.22714
1.2038
0.76493
0.66361
-0.61458
0.85307
0.053561
0.17609
-0.59239
0.74969
0.76708
0.53392
0.49624
0.18132
0.19644
0.87685
-0.17053
0.75033
-0.76643
0.15386
0.65245
-0.60219
0.59849
-0.98235
-0.96148
-0.90162
-0.81092
-0.28374
-0.66058
-0.69491
-1.0299
0.72066
-0.78375
-0.79442
-0.38217
-0.26842
0.81196
-0.42522
1.0947
-0.29118
0.08216
0.72568
-0.3752
-0.49805
-0.081967
0.023482
-0.9
-0.23905
-1.1345
0.8598
1.0288
0.1743
0.85896
-0.091463
0.86056
0.94864
-0.628
