1.0106
0.2614
0.033181
-0.40057
-0.60271
0.87644
-1.072
-0.12489
-0.75893
-0.808
-0.78862
-0.15711
-0.98685
-0.5919
-0.66259
0.89491
-0.016941
0.23825
-0.97253
0.053187
-0.6593
0.48908
0.47364
-0.12793
-0.91168
-0.92077
-0.9737
0.51369
1.0894
-0.058307
-0.85265
-0.71955
0.063658
-0.65576
1.0629
-0.99384
0.62418
0.59576
-0.2469
-0.68125
0.87667
-1.0075
0.98359
-0.45354
-0.02836
-0.0048013
-0.36996
0.21688
1.2065
-1.012
-0.43159
-0.78757
-0.84322
-0.75854
0.48438
0.21932
-1.118
-0.75024
-0.73941
1.0119
-0.94172
-0.61955
-0.68754
-0.68031
-0.31063
1.1616
0.4003
-0.68964
0.63229
0.75114
0.63644
-0.46974
0.021379
-0.90212
0.88912
1.0777
0.30223
0.94567
0.095672
0.84975
-0.53963
0.43872
0.8701
-0.76123
0.61325
0.87513
-0.75821
-0.82059
-0.55886
-0.4502
-0.18476
0.59702
-0.015131
-0.8438
-0.71513
0.82944
0.62135
-0.24983
-0.87814
-0.40638
-0.67486
0.48518
-0.11472
-0.848
-0.64387
0.97017
0.92072
0.141
0.79353
-0.84378
-0.93889
0.65786
0.3396
-0.76913
-0.2483
0.93139
-0.73907
-0.056762
0.0022909
0.67711
-0.57351
-0.85816
-0.94285
0.98435
0.68179
1.0476
0.99477
0.79647
0.83699
0.57608
0.95737
-0.83452
0.92638
0.9064
0.48185
-0.30538
-0.51242
0.14983
0.19182
-0.99613
-0.4073
0.069078
0.40691
-0.44568
0.78737
-0.30789
0.84275
-1.0391
0.73176
1.0856
-0.7063
-0.24066
-0.83617
-0.56155
0.36781
-0.85396
-0.70906
0.79739
-0.82475
-0.84648
0.26886
-0.75785
0.38724
0.73751
-0.14258
0.24207
0.60471
0.26445
0.76609
-0.11305
0.89961
-0.38731
0.18568
-0.86558
-0.89477
-0.77492
-0.88606
-0.79653
-1.0225
-0.28734
0.95403
-0.20354
-0.9681
-0.093125
-0.93711
-0.92793
-0.22983
0.965
0.54035
-0.82852
0.13002
-0.5339
-0.70632
-0.52314
-0.15677
-0.11886
-0.66677
-0.32425
-0.40081
0.54644
-0.42258
0.097339
0.8424
-0.45861
-1.0101
0.88785
-0.78181
0.15108
-0.097118
-0.22147
-1.0726
0.96885
-0.1395
-0.66612
0.70545
-0.53591
0.60956
-0.43575
0.35865
-0.16498
0.66898
-0.14389
0.37367
0.74405
1.0181
0.82084
-1.0269
-0.6825
0.12843
0.95728
-0.9172
-0.8663
0.79882
-0.046402
0.19339
-0.70436
0.81995
0.95656
0.55113
-0.7072
1.2296
0.75668
-0.97793
0.75686
-0.55236
0.52832
-0.95284
0.79564
-0.37433
0.87233
-0.81217
-0.61879
-0.39598
-0.83531
0.41211
-0.61145
-0.94611
-0.089339
-0.27232
0.67446
1.0264
-0.9271
-0.98594
0.022755
0.82663
-0.45876
-0.90246
-1.1079
0.79309
0.35542
0.23896
0.76391
0.42275
0.38776
0.93321
0.77172
-1.0788
-0.65646
0.81609
-0.4328
0.8691
0.90967
-1.1265
-0.74947
-0.69124
-0.71055
-0.7972
-0.54236
0.46237
-0.84398
0.94462
-0.06907
1.0935
-0.34357
0.43203
-0.065448
0.97501
-0.2817
0.59478
1.0879
1.1289
0.43303
-0.83232
0.73193
1.0734
0.66016
-1.0835
0.12805
0.78698
0.71491
0.89503
-0.52437
0.15427
0.92637
-0.18393
-0.50513
0.95899
0.45325
0.16557
0.068913
0.99781
0.36401
-0.90734
-0.90555
0.53847
0.19851
0.74001
-0.29621
0.86254
0.95764
-0.74481
-0.89683
-0.80881
-0.96957
-0.5403
0.87589
-0.19922
-0.66544
-1.0064
0.13694
0.72679
-1.0202
-0.6857
0.020592
-0.59003
-0.45234
0.6504
-1.1519
-0.84792
-0.92137
0.81181
-0.87097
0.48857
0.39105
-0.41878
0.96136
0.64473
1.0068
0.80555
-0.86481
-0.27325
-0.036563
0.83515
0.47053
-0.15797
-0.66113
-0.20509
-0.43915
0.28878
0.45217
-1.0435
0.7414
0.90412
-0.17655
-0.52669
0.27721
0.31355
0.1577
-0.0019367
0.9234
0.07192
-0.8703
-0.78914
0.76478
-0.3238
-0.65932
0.81533
-0.53316
0.80178
0.28368
-0.297
0.18467
0.37386
1.0609
0.012396
-0.3739
1.0181
1.0062
-0.84555
-0.091762
-0.63914
0.64207
0.84738
0.5104
-0.6868
-0.05077
-0.24696
0.19765
-0.79389
0.024899
0.94462
-0.8876
1.0414
0.90179
0.644
-0.84458
1.0676
-0.69036
0.66861
0.27188
-0.1634
0.21031
-1.0177
0.9209
-0.87088
0.12155
-0.5586
0.67442
-0.11447
0.93527
0.93906
0.60684
0.20962
0.058505
-0.60826
0.74268
-0.65818
0.666
-0.21653
-0.89221
0.95422
-0.77452
0.61785
-1.0046
1.1491
-0.91425
-0.25085
-0.6951
-0.042345
0.41113
-0.58615
-0.6251
-0.49849
-0.75219
-0.80707
0.72469
0.76558
-0.47461
-0.79533
0.40294
-0.96618
-0.59136
0.64676
-0.070065
0.025055
-0.41763
0.97666
-0.30841
0.88984
0.88711
1.2109
-0.91899
0.95576
0.29814
0.048836
0.054142
0.69864
0.53304
-0.40804
-0.58905
0.92408
-0.15577
0.31551
-1.0062
-0.16071
-0.98401
-0.23629
-1.1088
-0.17082
0.010664
0.80349
0.65387
-0.33096
0.14934
0.45491
-0.49185
0.81457
-0.92694
-0.54129
0.46606
0.54732
-0.75928
0.83634
-0.98343
0.44455
-0.32954
-1.0144
-0.18052
-0.69134
-0.8292
-1.0266
0.47175
1.0421
-0.53375
0.11217
-0.36003
0.89941
-1.0761
-0.13713
-0.49761
0.47132
-0.83472
-0.74323
0.95881
0.39313
0.70321
0.9077
-0.35668
-0.82037
-0.92745
0.40967
0.79657
1.0137
-0.85798
0.74908
-0.074219
-0.02137
-0.11446
0.79803
0.74361
0.64439
-1.0633
-1.0398
-0.10138
-0.77679
-0.20971
-1.1683
1.0111
0.99584
-0.85699
0.47431
0.70706
0.94376
-0.96573
-0.3606
1.0424
-0.45143
0.64176
-0.86535
0.64675
-0.83127
0.005129
0.61683
1.0013
-0.85702
-0.98187
-0.22863
-1.0603
-0.76618
0.91672
0.85693
-0.43797
0.19787
1.0062
-1.0277
0.7624
-0.43233
-0.94581
0.038563
-0.25589
-0.38954
-0.94336
-0.86401
0.28433
-0.89528
-0.22109
0.93703
-0.78299
0.73018
-0.025263
0.83184
0.50522
-0.99601
-0.40775
-0.2136
-0.3582
-0.8683
-0.88011
0.27055
-0.31618
0.83184
0.81915
1.0312
-0.94622
0.66689
-1.1182
0.91508
-0.8597
-1.0572
0.89712
-0.5605
-0.66371
-0.93355
-0.62069
-0.73466
0.81691
-0.8757
-0.26578
-0.65862
1.0472
-0.99283
-0.86339
-0.20016
0.52489
0.63139
-0.94508
-0.30048
0.65955
-1.0035
-0.77784
0.87912
-0.67049
-0.14201
-0.63199
0.12848
0.68417
-0.039336
0.99966
0.30318
-1.0055
0.28697
-1.0106
-0.55872
-0.99502
0.5034
0.85352
0.27385
-0.1886
-0.55907
1.2465
0.99142
-0.044038
0.69323
-1.0393
-1.0104
-1.0756
-0.60281
-0.14991
-0.92583
-0.39558
-0.40299
-0.88078
-0.61992
0.048527
0.19063
-0.74056
0.6715
-0.14226
-0.73841
-0.10352
-0.73198
0.56851
-0.79257
-0.85543
-1.0109
0.64952
-0.91813
0.48055
0.32886
0.85812
0.20339
-0.96964
0.78774
0.6659
-0.57159
0.42199
-1.2522
0.85005
-0.72368
0.96671
-0.51519
-0.66255
-0.24966
-0.5553
-0.74473
-0.85913
-1.0211
1.0217
-0.38448
-0.69342
-0.95412
0.81206
-0.43024
-0.14316
0.20044
-0.67176
0.81827
-0.91945
-0.26489
-0.42471
-0.90558
0.02024
-0.25754
-0.96719
0.93416
0.24592
-0.55138
-0.82036
-0.55664
-0.94694
0.84252
-1.1536
0.17096
-0.88831
-0.92115
-0.25269
1.0658
-1.0169
-0.042439
0.80923
-0.23364
-0.70714
0.2921
-0.90866
0.22628
-0.56974
0.91866
-0.032877
0.34943
0.42659
0.99913
0.81106
0.69897
-0.29453
-0.86684
-0.078767
-0.40606
0.32312
-0.4066
-0.50143
0.3964
0.92289
0.69346
0.47105
0.96646
-0.50247
-0.55655
0.29778
-0.044586
-0.97938
-0.48803
-0.79154
-0.97751
-0.43695
0.79751
-0.21783
-0.91675
-0.9651
0.42241
0.98126
1.0998
-0.24221
0.94327
-0.51692
0.84436
0.4948
-1.1617
0.53967
1.0457
1.1045
0.82527
-0.23634
-0.65279
-1.0335
0.10184
0.50805
0.039527
0.99061
-0.43651
-0.95592
0.14829
0.77458
-0.25955
0.69953
0.06642
0.8411
-0.75694
0.89009
0.95482
-0.37883
0.9175
0.27865
0.81965
0.97731
-0.70338
0.85451
0.68536
-0.99851
0.022889
0.84185
-0.81163
0.7636
-0.37984
-0.48863
-0.88261
-0.64801
-0.71271
0.53757
-0.27266
1.0192
0.74462
0.29748
0.059225
-0.35055
0.75117
0.23215
-0.72416
-0.8105
0.48737
-0.49191
0.75715
0.15884
-0.61623
0.3814
-0.78615
-0.13893
-0.97351
0.97727
-0.40847
0.70637
-0.73711
0.68001
0.26864
0.012368
1.1972
-0.28178
0.077531
-1.0228
0.36412
0.83162
0.792
-0.71351
0.45529
-0.36513
-0.14102
0.74358
-0.67464
0.036239
-0.8846
-0.60459
0.054318
-0.16186
-0.97652
-0.93613
0.88038
-0.85564
0.012622
0.7857
0.51689
0.041318
-0.87706
0.8812
-0.3422
-0.87971
0.24936
1.081
-0.42342
1.0076
-0.40696
-0.95679
-0.46396
0.9141
0.12551
-0.25232
0.95105
0.26174
-0.31467
-0.63681
-0.038639
-0.98886
1.0438
-0.66296
0.74487
0.88172
-0.49782
0.87193
0.45084
0.92506
-0.76543
-0.75868
-0.40237
-0.29972
-0.45494
-0.87357
1.0359
-0.424
-0.53531
-0.61674
1.0301
-1.0003
0.73399
0.76165
0.57829
-0.11578
1.0335
-0.3709
-0.90854
0.57525
0.9662
0.27528
-0.68287
0.63093
0.98742
-0.1035
-1.0052
-0.90266
0.92615
-0.2042
-0.43904
0.90052
-0.7476
0.88832
-0.76582
0.11281
0.64687
-0.45143
0.57917
0.43756
0.77294
-0.97325
-0.13801
0.10272
0.8966
0.5721
-0.061933
-0.26163
1.1181
0.53645
-1.2108
0.92498
-0.79041
-0.34894
0.69491
0.94501
0.78582
-0.86838
0.45367
0.61923
-0.82579
0.054382
-0.13546
1.0057
-0.65915
0.54469
0.58627
0.43982
0.44098
0.93688
-1.0098
-0.78026
1.0784
1.0993
1.0361
-1.0003
0.93723
-0.59256
-0.64509
0.47211
0.838
-0.77518
-0.58545
0.3752
0.46403
0.52407
0.31649
-0.88819
-0.74815
0.11746
-0.92724
0.96666
0.87321
1.0575
-0.51669
-0.79874
0.97659
-0.23722
-0.45797
-0.54698
-0.61925
-1.1078
0.5418
-0.46967
0.19036
-0.89172
0.7183
-0.15543
0.10558
0.71478
0.76585
0.43264
-0.93982
0.84864
-0.81016
-0.55638
-0.040014
0.78495
0.8278
-1.12
-1.1164
0.82638
-0.84824
-0.79677
0.51269
-0.043116
-0.6575
0.91929
1.0424
-1.1265
-0.30474
-0.54953
0.26393
-0.79125
-0.59317
-0.94655
-0.20947
-0.91449
0.23189
-0.51445
-0.45823
-0.25901
0.17419
-0.22435
-0.26112
-0.83847
-0.79068
-0.55623
-0.94074
0.91611
0.7697
0.67633
0.17434
-0.72883
-0.87129
-0.93172
0.61531
0.0794
-0.90909
1.0243
-0.61878
-0.069146
-0.029107
-0.92337
0.7878
0.21548
0.32186
0.89729
0.31454
-1.1031
-0.6091
-0.15955
-0.86684
0.092755
-0.83089
-0.97881
-0.85784
0.97451
-1.0093
0.53151
0.63913
-0.8651
1.0138
-0.68229
-0.77785
-1.0304
-0.1231
-1.0914
0.8942
1.0893
-0.35974
-0.2484
-0.63847
0.41644
0.57863
0.47853
-0.097279
-1.1194
-0.6659
-1.0811
0.98448
0.36649
-0.96395
0.98356
0.27967
0.47788
-0.20883
0.11622
0.9885
-1.0648
0.63467
-0.43272
0.98774
-0.39867
-0.52848
0.55156
0.54784
-0.5226
-0.81969
-0.76147
-0.70021
-0.019404
0.85866
0.087116
0.71977
-0.27975
0.80405
-1.0676
-0.66732
0.43175
0.44185
0.65483
0.66852
0.21564
1.0448
-0.70186
1.0348
-0.72903
0.35353
-0.78041
0.72427
0.84159
-0.71084
-0.70585
-0.077569
-0.36496
-0.0048144
-0.24452
0.80305
-0.37677
-0.1057
0.15554
-0.96371
-1.0835
-0.76614
0.29004
0.45927
-0.67219
-0.80124
0.49219
-0.22564
0.44879
0.6975
0.24614
-0.91133
1.1023
1.1264
0.34599
0.027826
0.056749
-0.60066
0.33344
0.94089
-0.6885
0.19036
-0.72939
-0.21748
-1.06
-0.028195
-0.7619
-0.72037
-0.64801
0.7722
1.1127
-0.12708
-0.44954
-0.6006
0.28254
-0.69052
0.68071
0.38456
0.29397
0.90098
-0.83591
0.92597
-0.54998
0.6089
-0.82647
0.57756
-0.67828
-0.34056
0.30053
-0.73537
-0.68867
-0.077595
1.0008
-0.13918
1.0181
-0.36434
-0.21851
0.72206
0.80093
0.94308
0.84294
-0.070722
-1.0263
-0.47628
0.5416
-1.0685
-0.63858
-0.42196
-0.36934
0.31994
0.090804
0.94482
-1.0514
0.59764
0.66906
0.48158
-0.98424
0.021494
0.57486
-0.17433
-0.61899
0.91699
-0.43386
-0.88506
0.28616
0.67118
-0.59101
-0.22088
0.30347
-1.0587
-0.55881
-0.89185
-0.35191
0.7442
-0.7804
-0.55899
0.94246
0.91404
0.39157
-0.22994
-0.1687
0.94525
0.23929
1.0689
0.45777
-0.89877
-1.081
0.45884
-0.52633
-0.53485
-0.16518
0.011332
1.0162
-0.41938
0.14721
0.55452
-0.90511
-0.99605
0.88617
-0.2834
-0.95005
-0.087351
-0.87523
0.11618
1.1403
-0.98051
-0.9036
0.9961
0.17504
-1.0011
0.2258
-0.6659
-0.99469
-0.70254
1.0335
0.30242
0.96412
-1.0063
-0.45659
0.5239
1.0607
-0.5495
0.1899
-0.86374
0.96085
0.54333
0.84221
-0.50778
0.90459
0.8553
-0.33859
0.86382
-0.81265
-0.84071
1.1215
0.75421
0.70637
-0.6602
0.27836
-0.91933
0.40893
0.12911
-0.889
0.21302
-0.97852
0.0068526
0.54895
0.24049
0.95191
-0.42511
0.78393
-0.44208
-0.4811
-0.23081
-0.63566
-0.54872
1.0142
-0.97774
0.91831
0.46311
-0.72059
-0.95678
-0.964
0.29202
-0.58718
-1.0896
-1.0391
-0.37603
0.61778
0.93729
-0.91867
0.34929
0.71966
-0.23353
-0.65093
-0.70085
-0.78977
0.44167
-0.66651
-0.375
0.97099
-0.93298
-0.50554
0.99207
0.88973
-0.92265
0.34191
0.57223
1.0561
0.44013
-0.79866
-0.84471
0.76412
-0.3482
0.1885
-0.92127
-0.88226
-0.69759
-0.4862
-0.24023
0.91968
-0.64695
0.9058
0.92188
-0.92196
0.2786
0.12823
-0.87658
-0.55007
0.52983
-0.9665
1.0049
0.60572
0.94832
-0.35879
0.24029
1.122
0.44324
0.25146
0.38686
0.67935
-0.21703
-0.87507
-0.804
0.92175
-0.45144
-0.17985
0.58465
0.015686
-0.083203
0.90327
-0.46846
-0.94179
0.78502
-0.33072
-0.9691
-0.23221
-0.41455
0.91887
-0.025807
-0.87858
-0.15776
-0.7818
-0.069731
-1.0446
0.46506
0.9297
-0.74128
-0.73689
0.0047745
1.0465
-0.90827
0.81009
0.50084
0.38506
1.1372
0.42988
-0.4166
-0.067135
0.53927
0.15844
-0.86024
-0.11981
-0.84587
-0.85564
0.5629
0.73711
0.95997
0.5269
-0.62364
0.017885
-0.8671
-1.0091
-0.5581
0.21213
-0.30007
0.20805
0.80377
0.27739
-0.87428
-0.41901
0.87084
0.8598
-0.63301
-0.93295
0.56674
0.80263
0.83982
-0.88932
-0.56244
-1.09
0.93368
-0.65903
1.1402
0.90819
-0.32961
-1.0478
0.10239
0.55063
0.6579
-1.0009
-0.56086
-0.82325
0.047583
-0.86369
-0.46675
-0.93444
-0.22956
-0.68694
0.25839
1.0333
0.2891
0.75329
0.3049
-0.21125
0.8498
-0.92589
-0.28108
1.0122
0.31564
0.3981
0.99968
-0.88643
0.64296
0.59333
0.051026
-0.48424
-1.0064
-0.53344
