0.31541
-0.50879
-0.014206
0.37666
0.36516
-1.2244
-1.0487
-0.62191
-0.46266
0.53925
-0.70186
0.92443
0.9664
-0.35153
-0.008049
0.39562
0.44368
1.0313
0.62375
0.17266
1.0013
0.87386
0.35741
-0.61906
-0.059781
0.94294
-0.53865
1.0847
0.72761
0.48049
0.47983
-0.77814
0.69472
0.42701
-0.90818
-0.87653
-0.87302
0.81856
0.90571
-0.6994
-0.80666
0.58177
-0.1261
0.86329
-0.10877
-0.57819
0.18422
0.87354
-0.63368
0.44334
0.18438
-0.0077451
-0.27141
-0.97266
0.85623
0.55132
-0.34918
-0.85215
1.1073
-0.99141
-0.86618
0.91192
0.25965
0.57045
-0.67951
0.30173
-0.9696
-0.84486
-0.064388
-0.58972
0.29539
0.9508
-0.88252
0.36906
0.17
-0.20642
-0.64115
0.82998
0.59189
1.0753
-1.0672
0.83818
-0.97913
0.76232
0.11412
0.98659
1.0026
0.70274
-0.051344
-0.56993
1.0262
-0.45688
-1.1069
0.21781
0.8505
0.94501
0.52646
0.57217
0.92099
0.76986
0.6215
-0.84369
1.0203
0.70037
0.68978
-0.95615
-0.41069
-0.72349
-0.49035
-1.0321
-0.28457
0.28282
0.13886
0.84204
-0.84755
-1.0019
-0.41044
-0.19091
-0.43737
-0.78882
-0.43852
0.43388
-0.96497
0.46531
0.9343
0.18692
-0.33344
-0.87781
-0.39913
-0.07658
0.63021
-0.85146
-0.06212
-0.52541
-0.83611
-0.89215
-0.62075
0.67108
0.84509
-0.94592
0.56143
-0.35595
-0.57501
0.64853
0.58595
-0.3796
0.99187
-0.85182
-1.0216
0.79382
-0.16639
1.0108
-0.55407
-0.55218
-0.92978
-0.95822
0.8628
0.0086697
0.6298
1.1329
0.055194
-0.91545
0.00552
0.74715
0.88103
-0.35644
0.10773
0.21946
1.0536
-0.18964
0.92246
0.84054
-0.14776
0.87997
-1.0834
-0.7661
0.29944
-0.22119
-0.93426
0.16254
-1.0393
-1.0297
0.44732
-0.84771
0.27212
0.88577
0.50289
0.27424
0.79425
1.0934
0.066392
-0.56155
0.01888
0.21514
-0.83035
1.0647
-0.42688
-0.91832
-0.50552
1.0222
-0.31245
-0.84968
0.5348
0.38843
0.17727
-0.4173
0.94497
-0.71543
-0.91962
-1.0258
0.80412
-0.96493
-0.44954
-0.37775
-0.58853
0.81626
-0.85017
0.54166
0.35068
0.72101
1.0722
-1.0636
0.58026
-0.56938
-0.22539
-0.50511
-0.86067
-0.51968
-1.0836
0.060563
-0.21319
-0.85978
-0.67846
-0.35769
0.46078
-0.066893
0.77102
0.0042162
-0.70777
-0.43035
-0.70987
-0.7132
0.80722
-0.62845
1.0031
0.45657
-1.0459
-0.80906
0.85708
-0.74153
-0.5385
-0.58596
0.64586
-0.91613
-0.65989
0.79927
-0.70183
-0.74857
0.82022
0.82776
1.014
-0.92942
0.83285
-1.1067
0.47469
-0.5274
0.56474
-0.021634
-0.053794
-0.4214
-0.8117
0.31763
0.91334
0.2866
-0.80718
-0.24653
0.73646
0.44419
0.66407
0.74938
1.0662
0.066472
0.30471
0.63337
0.59671
0.090843
1.0833
-0.46152
-0.52566
0.69735
-0.98579
0.76377
-0.52662
0.61034
-0.60613
0.045338
-0.48873
-0.614
0.57469
0.41302
-1.0471
-0.86405
-0.65132
-0.98386
0.97943
-0.84683
-0.75867
0.92571
-0.3903
-0.57964
-0.95605
0.39482
-1.0334
0.17027
0.095414
0.77445
-0.54741
-0.6089
-0.10465
-1.0449
-0.23422
-0.10121
0.87963
-0.98787
-0.2966
-0.88219
-0.94966
0.40313
-0.90445
-0.38649
-0.66758
-0.50754
-0.76533
0.68346
-0.87261
-0.44639
-0.010313
-0.14985
-1.171
0.99971
-0.87276
-0.59115
-0.37974
1.0782
1.0743
-0.51741
-0.90858
0.88826
-0.46162
0.3349
0.99019
-0.54914
0.17973
0.20745
-0.75
0.92171
-0.74604
0.98409
-0.66492
-0.97186
0.94675
0.90683
0.9957
-0.51532
-0.65022
-0.87685
0.01907
0.85505
-0.96226
0.90649
0.84599
0.99772
-0.72826
-0.68975
0.26466
0.35449
0.93794
-0.10661
-0.70984
0.32246
-0.13488
-0.35074
-0.10638
-0.97819
-0.70395
-1.0073
-0.79414
-1.0653
-0.62988
0.8637
-0.64806
-0.058643
-1.0639
-0.59212
0.72829
0.39668
-0.46437
-0.30889
0.93739
0.53283
1.0258
-0.39662
-0.96758
0.74641
-0.89806
-0.93269
-0.81012
-0.12351
0.55204
0.78832
-0.1772
0.41914
0.84805
0.51921
0.54305
-0.48782
-0.34414
-1.0038
-0.51242
0.60611
0.13556
-0.95942
-0.79915
0.76817
-0.85469
0.96704
0.85163
-0.53825
0.7455
0.3359
-0.75541
-0.60082
-0.29264
-0.63629
-0.54739
0.84261
0.26885
-0.92822
0.95737
0.41104
-0.83367
-0.92637
0.55737
-0.53945
0.041548
-1.0355
0.75416
0.42443
-0.57932
0.9533
-0.3986
0.70503
0.82399
0.3622
0.77073
1.0513
-0.035895
-0.23417
0.91853
-0.60716
-0.55207
-0.87038
-0.17947
0.020222
-1.0102
-0.38888
0.12573
-0.44819
-0.25367
0.42606
-1.2595
0.39531
0.021444
-0.65765
0.40983
-1.0332
0.96584
-0.76649
0.051283
-0.99589
0.81616
-0.61956
-0.88309
-0.72169
-0.91954
0.069094
0.24848
-0.93887
-0.98322
0.98899
0.5483
-0.040279
-0.11886
-0.74315
-0.71801
0.14802
-0.74603
1.073
0.9119
0.29781
-0.33353
0.90673
0.44376
-0.60293
0.58494
0.53697
-0.082671
0.98255
0.3089
0.62608
0.22034
0.95994
0.25573
-0.54386
-0.16105
0.26708
-0.62253
-0.83617
0.771
0.44577
-0.3823
0.23137
-0.97609
-0.86942
0.52737
0.37835
0.0084203
-0.19826
-0.56073
-0.011793
0.93921
-0.2153
0.44461
0.73596
-0.42083
0.87307
0.41868
0.11461
0.46674
-0.26313
0.42672
0.95806
0.51473
0.59811
0.71056
-0.81765
0.68082
0.7925
-0.74136
1.0045
0.28421
0.091138
-0.75614
0.62579
-1.1956
-0.63216
0.74628
0.477
0.14104
1.0579
0.013114
-0.85109
-0.88982
1.165
-0.89358
-1.101
0.43915
-0.71265
0.74405
0.95902
0.55167
0.91784
-0.60158
0.47669
-0.22796
0.40904
0.63332
0.39606
0.98442
0.49436
-0.45192
0.99377
0.35571
1.0752
0.80825
0.20655
-0.7871
-0.61294
-0.34276
0.18788
0.41768
0.51776
0.56185
0.54565
0.075673
-0.8112
0.54426
-0.10447
0.68804
-0.73747
0.73395
-0.13255
0.13671
-0.52084
-0.8765
-0.25478
-1.0656
-0.73418
-0.37209
0.62698
1.1786
-0.30936
-0.46424
0.18016
-0.9395
0.39792
0.090796
-0.89146
0.052876
0.79764
-0.35844
-0.88844
-0.22961
-0.9542
-0.8629
-0.40881
0.31982
0.74753
-1.1932
0.32871
0.36128
-0.99544
0.011477
0.98527
-0.40774
1.1346
-0.069661
0.78368
-0.84919
-0.28404
0.99596
0.89944
0.81268
-0.62878
-1.1781
0.47675
0.89218
0.18445
-0.96667
0.14997
0.69401
-0.41011
0.2075
-0.42438
0.50948
0.81621
0.6464
-0.46895
-1.0945
-0.78982
0.50578
0.96201
-1.057
-0.016177
1.1484
-0.79295
0.9421
0.31139
0.0052968
0.12101
-0.70801
0.34797
-0.68881
0.88711
0.22468
1.0749
-1.1506
-0.92621
-0.95722
-0.55629
0.77204
-0.19765
0.76548
-0.59138
-1.1523
-1.0344
-1.132
0.87049
-1.0728
0.43452
-0.64947
-0.34432
-0.93908
0.95743
-1.0015
-0.82426
0.20179
0.91397
1.1054
0.52457
0.95953
0.12579
0.76784
0.654
-0.89461
-0.56233
-1.0414
-0.80063
0.98656
-0.12076
-0.63534
0.88948
-0.76138
-0.98614
-0.78859
0.057601
-0.24405
-0.44411
-0.8724
0.76127
1.0181
0.67041
0.21121
0.6697
0.084045
0.58949
0.98593
0.55893
-0.90547
0.13973
-0.41746
-0.83371
-0.37104
-0.87217
0.14987
-1.0915
-1.0527
-0.10352
0.92195
0.14148
-1.01
0.33208
-0.24966
-0.30389
-0.68473
0.40711
0.67581
-0.034799
1.1395
-0.21395
-0.21622
0.70469
-0.16829
-0.49599
-0.71698
-0.79234
-0.86411
0.86857
-0.92916
0.73963
0.78314
0.79057
0.47175
0.25937
0.9784
0.88736
-0.69142
0.69397
-0.71382
-0.96937
-0.68851
0.9986
-0.44363
-0.94521
0.34592
-0.24846
0.9732
0.25836
0.93079
0.49229
-0.69486
-0.73934
0.24054
-1.0232
0.36402
0.14143
-1.1373
0.84477
0.42552
-1.0151
0.18982
0.82892
0.91928
0.15446
-0.58338
0.44604
0.62465
-0.50592
-0.81041
0.25565
0.8671
0.84302
1.0228
0.83515
-0.078002
-0.31594
0.69388
0.21808
0.83945
1.0286
1.0022
0.88785
0.13211
0.11121
-0.77791
0.011612
-0.92694
-0.89676
1.1307
-0.72081
0.32334
-1.0775
-1.0356
-1.2578
-0.57856
0.36901
-0.84555
0.85937
-1.0632
-0.27517
-0.49765
-0.97519
0.14427
0.45547
0.090647
0.8347
0.19066
-0.11421
-0.78137
0.040357
-0.019075
-0.29788
-0.23057
-0.20992
-0.059425
0.95269
-0.63427
0.053275
-0.023488
0.92111
-0.96535
-0.81834
-1.0288
1.0502
-0.21529
0.54551
0.64185
-0.37803
-0.92285
0.89607
-0.94298
-0.22214
1.0932
-0.27584
-0.47268
-0.81279
0.038928
0.63297
0.11731
0.24486
-0.33651
0.35816
0.13248
-0.2847
-0.85716
-0.14498
-0.012422
0.90512
0.45448
-0.64788
-0.23707
-0.16429
-0.96939
-0.46191
0.29876
0.10235
-0.8869
0.81101
0.57759
0.81058
-0.90431
0.48741
-0.62479
0.90894
-0.09244
-1.1574
0.013222
0.60502
-0.89851
-1.0758
-0.16183
1.0496
0.49723
-0.8702
0.97278
-0.20938
0.62354
0.22327
1.184
0.51296
0.18779
-0.44905
0.60198
0.85436
0.096179
-0.73904
0.88917
0.67657
0.27498
0.57344
0.12261
-0.0053964
0.010564
0.12378
0.58836
0.69121
0.4171
0.53222
0.88075
-0.85951
-0.91635
-0.21173
-0.74964
0.034359
-0.21045
1.0305
-0.56818
0.56005
-0.95774
1.054
0.9654
0.059995
-0.0055349
0.74262
-0.80201
-0.53769
-0.61009
-0.88672
-0.16785
-0.85365
0.37519
0.9366
-0.91641
0.68987
0.77268
-0.48015
0.12675
-0.63628
-0.55597
0.47516
-0.32994
0.38456
-0.66074
-0.12373
-1.1009
-0.44551
0.26535
-0.047456
-0.5974
-0.85415
0.58912
0.25194
0.13504
-0.97344
0.90283
-1.0515
-0.91997
0.35864
-1.126
0.98237
-0.31754
-0.011069
-0.46925
-0.52984
0.99346
-1.0465
0.89306
-0.64018
-0.71409
0.89955
-0.75055
0.50676
0.15043
-0.95322
-0.93497
-0.6701
-0.52149
0.90078
-1.0205
-0.34095
0.096691
1.0968
0.40878
-0.73459
0.02128
0.01009
-0.22592
1.074
-0.073262
0.98329
-0.94765
-0.85431
0.91902
-0.92153
0.69289
1.0035
0.25666
0.5224
0.99807
0.82925
-1.0647
0.314
-0.064455
0.040044
0.12728
-1.0271
0.9781
0.89016
0.94637
0.3753
-0.073855
0.98896
0.83233
0.15968
-1.1934
-0.14759
0.63573
-0.73428
-1.0334
0.10452
-0.80017
-0.66997
0.77713
0.42865
-0.23415
0.39849
0.22443
-0.9245
-0.85411
-0.065869
-0.80739
-0.58844
-0.70125
-0.53337
-0.76076
0.77497
-0.88396
-0.84551
0.54629
0.7686
0.39987
-0.59004
-0.68369
0.2228
-0.8289
-0.76899
0.97469
-0.83536
1.0945
-0.3975
-0.37239
-0.82395
-0.51484
-0.93539
-0.85203
-0.1712
0.16631
0.55107
-1.01
0.34248
-0.96364
0.36006
-0.93573
-0.70216
-0.85565
-1.0679
0.54283
-0.90274
-0.91522
0.9316
-1.07
-0.92037
-0.69092
-0.7044
-0.43774
-0.073339
0.15958
-0.93963
-0.79695
-0.91531
-0.28903
-0.93824
-0.0048725
-0.95789
-0.81607
1.0756
-0.75462
0.82782
-0.2357
0.82057
0.89943
-1.0735
0.22265
0.42425
-0.88834
0.59818
0.39619
0.26176
0.089641
0.012723
-0.11527
1.0083
0.74671
0.41853
-0.54602
0.29803
-1.0298
-0.9117
-0.97346
-1.0331
0.84572
0.73685
0.13277
-0.44747
-0.85359
-0.091777
-0.47471
0.5571
-1.0321
0.54282
-0.61252
0.81018
0.22125
0.80138
0.54366
0.78859
0.083848
0.70593
0.87777
0.47706
0.71463
-0.52459
-0.87681
-0.51585
0.21121
-1.0504
-0.9529
1.0746
-0.67312
-0.6365
-0.78356
-0.33524
-0.77336
1.0314
-1.0288
0.22457
0.84606
-0.36181
-0.89933
0.60489
-0.8625
0.59651
0.094478
0.69021
-0.77583
-0.95638
0.030564
0.12195
0.79502
-0.82188
1.0809
-0.03418
0.94814
-0.9405
0.80457
-0.97178
-0.35087
0.12542
0.28606
0.37407
0.75169
0.98519
-0.943
-0.10584
-0.27069
-0.54757
0.5135
-0.87397
-0.89645
-1.1064
-0.2415
0.91573
1.0672
0.002352
-0.026605
0.57351
-0.24936
-0.9359
0.60417
0.1272
0.16362
-1.0271
0.99095
-0.23806
-0.76929
0.81651
-0.45915
-0.54518
-0.4758
-0.13913
0.0072866
-0.74483
-0.091699
-0.89316
-0.51726
0.32521
0.34583
-1.1063
-0.21785
0.63715
-0.60404
1.015
0.12031
-0.78597
0.93672
-0.77175
-0.69411
-0.94712
1.1416
-1.0725
-0.93822
-1.1157
0.38228
-0.90949
-0.21038
0.61048
0.86736
0.63341
0.68747
0.95126
-1.1092
-1.0064
-0.052046
0.40085
0.63465
1.02
-0.52971
1.1135
-0.8473
0.77936
0.64044
0.95675
0.67359
0.79433
0.50965
-0.85843
0.097721
0.30035
-0.1309
0.26589
-0.72141
-0.62241
-0.67929
-0.93333
-0.5551
0.87638
-0.13245
0.81562
-0.13185
-0.78635
0.79654
1.0386
0.15788
0.078597
0.76554
1.0016
0.74946
0.51962
-0.51368
0.48857
0.14036
-0.84317
0.011358
0.64591
-0.31126
-0.71507
-0.78465
0.372
1.0322
0.89
-0.077114
-0.95955
-0.4191
-0.66525
0.68011
-0.88352
0.83261
0.65337
0.24781
-0.14441
-0.55139
-0.88536
0.24036
1.0438
-0.96814
0.34965
1.0226
0.33566
-0.0060258
-0.85438
0.52229
1.2055
-0.82518
-0.071633
0.76318
0.39436
-0.81878
-0.029951
-0.55011
-0.42944
-0.17533
-0.21243
-0.012838
0.18979
0.71331
-0.36371
0.67959
-0.71839
-0.045432
0.43263
0.16518
0.1908
-0.99142
0.37064
0.63353
0.38061
0.619
-0.92559
0.86309
0.1638
-1.0395
-0.21784
0.38921
0.70776
0.75389
-0.88177
-0.45036
0.96622
0.94474
-0.37826
-0.16621
-0.20956
-0.78025
0.24149
-0.5043
-0.62233
-0.33398
-1.0005
0.86836
0.80409
0.80039
0.73237
-1.2073
-0.94096
-0.27376
-0.67712
0.47681
0.82163
-0.41541
0.40195
-1.0521
0.86818
-0.90162
-0.62187
0.83844
-0.58496
-0.98727
-1.1097
0.29644
0.43343
-0.011806
0.079822
0.96771
-0.87008
1.042
-0.49364
0.5523
0.77578
0.74171
1.1556
1.0115
-0.63559
-0.97272
1.1817
0.92453
0.035155
0.97191
0.78355
0.18143
-0.49449
0.65731
-0.74726
-1.1578
1.0637
0.15388
-0.023544
0.062358
0.30301
-0.35861
-0.6968
0.51981
-0.43665
0.95591
0.0088192
0.0057657
0.75411
0.38176
-0.40306
0.05773
0.12915
-0.92074
1.0011
-1.0347
-0.17427
0.82918
-0.20862
0.87572
-0.4653
0.76289
0.097634
-0.60358
-0.38092
0.54205
-0.77302
-0.36701
-0.79179
-1.0617
-0.38646
-0.69344
-0.67972
-1.0646
0.088814
0.97272
-0.23876
0.45972
-0.65704
-0.33982
-0.7786
-1.0373
-0.97049
-1.0667
1.1169
0.66452
-0.48298
0.77451
0.41955
-0.87854
-0.017783
0.32461
0.80736
-0.33564
-0.0020634
-0.99623
-0.1462
-0.22343
-0.4652
-1.0748
0.53231
-0.93846
-0.84499
-0.17401
-1.0157
-0.67822
0.12271
0.33749
1.1071
-1.0568
-0.87496
0.14673
0.49013
0.73726
0.864
-1.0244
0.20645
-0.75015
0.45992
1.0049
-0.93272
-0.20127
1.062
