0.64548
-0.74606
0.96773
-0.51508
-0.21152
-0.30104
1.0047
0.28218
-0.10189
0.58727
1.1609
0.40637
-0.90372
0.45261
-0.2437
0.15633
-0.077786
-0.82755
-0.50176
-0.96354
-0.091741
0.22583
-0.74246
1.1748
0.11927
0.89779
0.63693
-0.85595
0.043887
1.1282
0.96981
1.0165
0.93584
-0.64818
-0.26903
-0.80282
0.8149
-0.040663
-0.52943
-0.11374
-0.58656
0.9871
-0.86314
-0.67421
0.68494
-0.93903
0.13302
-0.10148
0.91617
-0.78182
-0.74508
-0.54723
-0.99954
-0.24487
-0.23284
-1.0013
0.036781
-0.69806
-0.78751
0.91589
-1.085
1.0356
0.6771
-0.66099
1.0174
0.98534
-0.77215
0.41086
-0.95929
-0.88563
-0.63105
0.45361
0.7422
0.0087273
0.57829
-0.5182
1.1616
1.1979
-0.65697
-0.85035
-0.13698
-0.97417
0.42299
0.84938
0.78157
-0.57719
0.36624
-0.61678
-0.68122
-0.59991
-0.6066
-1.0875
0.38728
-1.0109
0.22429
-0.75198
0.88669
1.1018
-0.5153
0.97397
0.69295
-0.41958
-0.17525
0.45241
0.24663
-0.77579
-0.29238
-0.6862
0.76804
-0.88645
0.9929
0.20393
0.43669
-0.42905
0.92033
0.14012
-0.2664
-0.44748
0.45358
0.79811
0.8997
0.92203
0.045539
0.31688
-0.81397
0.72807
-0.64779
-1.2034
0.7828
0.94134
-0.85053
0.31226
0.861
0.56213
-0.18499
-0.42949
1.1586
-1.0592
1.1664
0.123
-0.60139
-0.39088
-1.0145
-0.612
0.8723
0.5571
0.43198
-0.4968
-0.71226
-0.75144
0.63686
0.080312
0.57042
-0.84905
-0.41428
-0.68875
0.66765
0.81662
-0.2723
0.67123
-0.35457
0.52714
0.81173
0.91422
1.1198
-0.95183
-0.86647
0.99862
-1.0785
0.0084735
-0.86415
-0.36434
-0.92469
-0.63599
0.41429
-0.89896
-1.0611
0.455
0.27203
0.31734
-0.020366
-0.59741
0.86262
0.58885
0.77115
-0.939
-0.70761
-0.53491
0.51142
-0.13904
-0.0021082
-0.58194
0.42016
-0.85727
-0.98101
-0.52935
-0.50515
0.03301
-0.4166
0.36093
0.32868
1.0582
-0.74469
0.22603
-0.50294
-0.95341
-0.49466
0.06192
0.32876
1.1403
-1.0089
1.0922
-0.39684
-0.29095
-0.83682
-1.0458
-0.87803
0.87534
0.71029
0.97712
-0.71544
0.75611
-0.69895
-0.98885
-1.0716
-1.0473
-0.8467
0.93507
-0.34699
0.753
0.6885
0.66168
0.033933
0.71044
0.99258
0.51865
0.95722
-0.35419
0.54882
0.96538
0.56509
0.6309
0.33589
0.42982
-0.75794
0.75978
-0.76302
0.98906
0.16002
-0.78868
-0.54003
-0.82227
0.98431
-0.65141
0.86512
1.0013
0.87758
-0.68197
-0.95989
0.4907
1.0462
0.30297
-0.17241
-0.76406
-1.108
0.62673
-0.2342
-0.65437
-0.28515
-0.83876
0.22558
1.0402
-0.95365
-0.69047
-0.70122
-0.77217
0.25031
-0.9383
0.20924
1.0066
0.2258
0.99304
0.87522
0.51521
-0.02502
-0.25867
-0.45782
0.30924
0.07699
0.42668
0.031356
-0.88651
0.98712
0.2195
-0.19967
-0.8679
-0.80883
-0.92022
-0.44518
0.83964
-0.97223
-0.98716
-0.80615
0.57419
0.16343
-0.7073
0.71648
0.83743
0.91849
-0.26513
-0.18699
0.74817
0.54114
-0.16422
1.0123
0.38257
-0.16526
0.7123
1.0116
-0.86318
0.97077
0.29252
-0.083248
0.78303
-0.60179
-0.80767
0.68589
-0.57876
-1.2669
0.80695
-0.087568
-0.015658
0.36741
0.53916
-0.77907
-0.11385
0.45529
0.14772
-0.35413
0.58389
-0.34584
-0.76102
0.48039
-0.58899
-0.5339
0.14599
-0.84889
-0.28278
-0.57318
0.47877
-0.76922
-1.0714
-0.926
-0.97672
0.33742
-0.96925
-0.067053
-0.084788
0.62255
-0.15381
-0.80578
-1.0122
-0.71555
-1.0213
-0.38992
0.2527
-0.75376
0.68386
-0.88405
0.89908
-0.58118
0.27893
0.079296
0.028743
-0.94012
-0.72475
-0.63564
0.17853
-0.65256
-1.0174
-0.53478
0.041419
-1.0089
-0.71481
0.5718
0.60736
1.0537
-1.0876
-0.89146
-0.95018
1.0945
0.86849
0.10383
-0.56924
-0.96448
-0.6294
0.66779
-0.8173
0.94303
0.81451
0.57873
0.10331
0.3775
0.83363
0.50879
-1.0262
-0.36055
-1.2601
0.85178
-0.42674
0.58777
-0.6227
0.9161
0.90007
-1.0073
0.22677
0.48936
0.30049
0.95915
0.35479
-0.068612
-0.78503
-0.93761
0.86208
0.82064
-0.93179
-0.11529
0.029469
-0.085192
-0.087913
-0.90637
-0.16616
0.90422
-0.64721
0.49423
-0.89161
0.56772
0.77701
-0.11729
0.98874
0.71259
0.77967
-1.0501
-1.029
-1.0857
0.22728
1.0249
1.0337
0.51489
-0.56956
-0.18323
1.0329
0.22146
0.43621
0.96348
-0.91562
1.0283
-0.5034
-0.41915
0.68429
-0.12175
-0.30311
1.0676
-0.78896
-0.54632
0.67136
-0.74784
0.015075
1.065
0.46392
-0.19491
0.20076
-1.1569
0.58167
0.97481
0.033802
-0.91621
0.52342
-0.66693
-0.86152
0.54298
0.55953
0.6282
-0.50018
0.85567
-0.97791
0.84761
0.82902
0.58778
0.91601
1.0756
0.40509
0.091827
-0.84636
-0.76081
0.47091
1.0138
1.0616
0.57852
0.61573
-0.92452
0.23252
0.48421
-0.73854
0.68279
0.86553
-0.78466
0.86324
-0.86918
0.51014
1.1459
0.85952
0.39104
0.93466
-0.41449
0.4567
0.14933
0.73137
-0.33654
-0.82824
0.84748
0.55855
0.87769
0.0094562
-0.85049
0.77444
0.38827
0.63635
0.050112
-0.72295
0.079147
0.20428
0.89579
0.8911
0.90019
1.0759
-0.40467
0.54976
0.11641
-0.93452
0.13707
1.1111
-0.8764
0.33785
-0.90937
-0.035374
0.30181
-0.15565
-0.8968
0.82519
0.92843
-0.77125
0.99919
-0.17803
0.68447
-0.49072
-1.0452
0.897
-0.25537
0.41977
-0.25327
0.1346
0.7119
1.0866
1.1149
0.044618
0.80922
0.64853
0.73334
0.62303
0.9535
1.0296
0.99966
-0.89267
0.12427
-0.50417
-0.88372
-0.54616
0.96867
0.96885
-0.4328
0.18892
0.89978
-0.15055
0.90918
0.62561
0.46939
-0.62257
0.60332
-0.87201
0.92982
-1.1204
-1.052
-0.82999
0.64066
0.94253
1.1002
0.26138
0.47058
-0.48627
0.65327
-0.37814
-0.39338
0.22437
-0.049459
-0.45718
0.12905
0.11178
-1.046
-0.66195
0.46654
0.13204
0.99206
-0.95072
0.15403
1.0929
-0.98321
0.90531
0.44717
-0.4535
0.017553
0.46723
-0.34378
0.86109
0.98972
-0.89348
0.99688
0.6271
0.54848
0.53127
0.4428
-0.66422
0.77236
-0.66924
1.0439
1.0796
-1.0873
1.0628
-0.74148
-0.51156
-1.0043
-0.79672
0.54952
0.88096
0.21968
-1.1543
-0.5756
-0.66342
1.2022
-0.59613
0.71617
0.89134
0.0090614
1.068
-0.87117
-0.80727
-0.4658
-0.56837
0.20481
-0.35857
0.16384
-0.59776
0.49224
-0.84775
0.82221
0.055231
-0.56102
0.47824
0.99771
0.346
-0.66526
-0.45466
0.069904
0.14535
0.18159
0.47028
0.65692
0.60239
-0.24785
-0.43898
-0.78187
0.88778
0.75903
-0.89753
0.9996
0.86391
0.63215
-0.7751
-0.62193
-0.34061
-0.61123
-0.65663
0.38052
0.10585
-0.90363
-0.60973
0.61352
0.34422
0.9731
0.76935
-0.78733
-0.095704
0.82301
0.95883
0.36089
-0.87373
-0.48022
-0.73666
-0.7038
0.34517
0.29441
0.59698
0.82653
-0.0078168
0.23876
0.36897
-1.0252
-1.1121
-0.74538
0.036995
-0.48095
0.097468
-0.50944
0.33026
0.69672
0.21613
0.6732
-0.85074
0.90015
0.48001
0.54911
0.35061
0.89616
-0.55121
0.55248
-0.34411
0.95098
0.92987
0.94927
0.3433
1.0245
-0.77367
-0.12403
0.71572
-0.69937
-0.80496
0.78334
-0.97394
-0.09394
0.87153
-0.97562
-0.64311
-1.0367
0.17649
0.74391
0.83053
-0.15675
0.37812
0.62925
-0.95652
-0.88948
-0.17565
0.098787
0.7972
-0.84458
0.99824
-0.57607
0.584
0.22501
-0.14931
-0.36268
0.28225
-0.73986
-0.068352
-0.27158
-0.93987
-0.78744
0.0084807
0.25195
0.94391
-0.18477
0.10315
0.90325
0.76173
-0.82041
-0.58951
0.87854
0.97402
1.0054
0.60163
0.10258
0.064926
-0.85236
-0.34314
-0.39076
-0.8546
0.16511
1.0194
0.27919
1.0306
0.42393
-0.88947
1.0903
-0.090035
-0.80821
-0.96674
-0.95054
0.72631
-0.95062
-0.79895
0.9896
-0.80824
-0.59766
-0.80622
-0.69334
0.98355
0.85322
-0.74174
-0.83241
1.0649
-0.95135
-0.68899
0.24984
0.93977
0.22094
-0.88916
0.24825
0.88184
0.54113
-0.95062
-0.90599
-0.1356
-0.82593
0.20781
0.013331
-0.66278
0.11992
-0.44884
0.32951
-0.40298
0.66265
-0.1044
-0.46588
0.8532
-0.25527
0.90227
-0.66813
1.0058
0.44622
-1.0868
0.9577
-1.0247
1.1455
0.65019
0.56453
0.59245
1.0408
-0.85675
-0.79848
0.86202
0.36437
-0.78392
-0.96611
-0.90567
-0.00427
0.40845
0.059527
-0.7764
-0.97031
1.037
-0.92944
0.50012
-0.95629
0.85948
-0.67627
-0.86866
1.0852
-0.70737
-0.36206
0.23632
0.50907
-0.48504
0.46336
0.47608
0.21461
0.94914
-0.038597
-0.94791
-0.73265
-0.053511
-0.49524
0.085525
1.0281
1.0987
0.64107
-1.0265
-0.024913
-0.95582
1.1397
-0.78517
-0.022399
-0.84311
0.96172
1.0209
0.074583
0.85638
0.66667
-0.59341
1.0907
-0.99773
0.32115
0.48993
0.16607
-0.89994
-0.65675
-1.0098
-0.76113
-1.0335
-0.4302
-0.48968
-0.69223
0.90812
0.96915
0.027205
-1.026
0.96254
0.16613
-0.0888
-0.31168
-0.62262
-0.65669
0.22238
-0.53386
0.11184
0.33876
0.72946
-0.70798
-0.46161
-0.40093
0.69927
-0.23804
0.91858
0.55102
-1.0138
-0.95264
0.1234
-0.42743
0.47075
0.91716
0.21668
0.99514
0.82482
0.65064
-0.32293
-0.28119
-0.42796
1.1569
-0.77505
-1.1445
-0.05209
0.10915
-1.1215
-0.30271
0.70699
-1.0064
-0.87664
-0.78241
0.72389
0.025139
-0.95708
0.65473
0.78222
0.77207
-1.1105
0.99823
-0.62325
-0.46275
-0.83052
-0.11593
0.16891
-1.0716
-0.49379
-0.33906
0.79065
0.75197
-0.82654
0.98253
0.14497
-0.61906
0.89727
0.67294
0.21239
-1.0644
0.29961
0.61925
0.90318
-0.98981
0.26366
0.11667
0.54912
0.35862
0.50988
0.89589
-0.87206
0.34629
-0.34185
-0.21535
-1.1594
-0.32972
-0.45711
0.45626
0.18946
-0.75519
0.5199
-0.54957
0.96996
0.89517
-0.97621
0.86127
0.40313
-0.37516
0.26894
-0.52305
-0.95152
0.3119
-0.79895
0.86505
-0.0049036
0.83154
1.1288
0.74051
-0.82693
0.83374
-0.53641
0.033288
-0.35678
-0.73702
0.77626
0.7431
1.0053
-0.086169
0.8772
-1.1333
0.59026
-0.59506
0.79737
0.99867
-1.0387
1.1589
0.026186
-0.78404
0.99121
-0.099639
0.99382
-0.18627
0.65514
0.91127
1.0107
-0.41944
-0.19041
0.77285
0.30153
0.81226
-0.57055
1.042
0.67763
0.98822
-0.8174
1.0064
0.86889
-0.36657
-0.48145
0.936
-0.047836
0.55691
0.4498
-0.93009
-0.41884
-0.39598
0.97335
-0.89403
-1.0249
-0.081915
0.65921
1.0687
-0.26507
-1.0159
0.89605
0.258
-0.56044
-0.13732
-0.95504
0.73165
-0.57381
-0.31527
-0.36254
0.58012
-0.91945
0.40193
0.91088
0.79638
0.13604
-0.99035
-1.0951
-0.17576
0.033573
-0.61284
-0.45727
-0.057775
-0.89241
0.9811
-0.75475
-0.89745
0.86923
0.27419
0.90404
-0.15629
-0.90726
1.0697
-0.46324
0.83641
0.86532
0.1203
-1.0085
0.42022
0.59753
0.64628
-0.3325
1.0124
-0.89766
-1.0942
0.14404
0.25683
0.92762
0.6905
-0.23682
0.63118
0.9456
0.90363
-0.338
0.83508
-1.052
0.84186
0.10979
0.87737
0.70479
-0.46405
-0.19008
0.84806
0.83815
-0.12899
0.42496
-0.53883
-0.79075
1.0299
-0.15138
1.022
-0.21088
-0.17644
-0.37157
-0.41029
1.1373
1.1397
0.063997
-0.97248
1.0207
0.36048
0.48756
-0.89618
-0.92143
-0.62703
0.90508
0.47725
0.67088
-1.0446
0.97538
0.38023
0.98886
-1.1116
-0.54013
-0.93701
-0.5527
-0.42749
-0.88307
0.91781
-0.47382
-0.28746
-0.87647
-1.0044
-0.4103
0.60238
-0.21835
-0.60557
0.19812
0.0339
0.049436
1.0928
-0.37063
-0.1815
0.19666
0.27101
0.65541
-0.12304
1.1964
0.25464
0.59063
-0.99388
1.0022
-0.60186
0.49149
0.13968
-1.3359
-1.0429
-0.52752
-0.37953
-0.78431
0.86216
-0.84384
0.68913
-0.15614
0.75411
-0.52877
-0.46378
0.88047
-0.2088
0.49028
0.87551
1.1208
-0.93055
0.49024
-1.0529
-1.1013
0.89094
-1.0501
0.917
-0.90929
0.48522
0.74449
-0.8637
-0.29692
-0.27054
0.066359
0.74147
-0.88243
0.54227
-0.25151
-0.73525
-0.28634
0.65073
0.36844
-0.37785
0.75779
1.0209
0.48993
0.069963
0.92406
0.31801
0.98603
0.74396
-0.79233
0.42329
0.25846
0.44632
0.88968
0.075673
-0.13187
0.61734
-1.1111
0.81639
-0.41945
0.93704
-0.16481
-0.69999
1.1341
-0.99554
-1.0164
-0.96109
0.58365
0.92088
1.0272
-0.66863
0.8402
-0.19074
-0.20075
0.90193
-0.75165
0.90176
-0.46377
-1.0998
-0.32167
0.027193
1.0873
1.0402
1.0829
0.43187
-0.91929
1.0653
-0.045428
0.027073
-0.81294
0.2325
0.77597
-0.79403
-0.64456
-0.47634
0.85007
-0.81191
0.91342
-0.055363
0.86357
1.0658
-1.1243
-0.926
-0.45524
-0.066608
0.01296
0.35136
-0.49553
0.35534
0.042163
-0.2087
-0.98472
0.98099
0.88709
-0.42247
0.052389
0.52456
-0.84022
0.75593
1.1678
-0.92983
0.32854
0.95996
0.92745
0.55342
-0.17058
-1.0212
-0.43668
0.6464
1.0355
0.93984
-1.1526
-0.3195
-0.29093
-0.97848
0.86562
0.48402
0.068059
-0.13807
0.49612
0.094842
-0.074934
1.0431
0.17298
0.61881
0.46256
-0.83763
-0.49096
0.035311
0.4343
1.1961
-0.33275
0.52647
-0.66659
0.71051
-1.0082
-0.80799
1.089
0.33563
-0.85742
-0.73558
-0.13055
0.7725
-1.0512
0.52573
-1.1145
-0.68331
0.87864
1.0459
0.85044
-0.93955
0.21912
0.78084
0.078484
-0.79159
0.92368
0.76098
-0.88769
0.038773
0.83733
0.61292
-0.19355
-0.68072
-0.37174
-0.51417
-0.65767
0.46532
0.97015
0.93675
0.58916
-0.52899
-0.88945
0.0030534
-0.57406
-0.88053
0.93597
0.48597
-0.24727
0.44244
0.6978
0.80695
-0.55944
0.11224
-0.98502
1.0275
1.0367
-0.78494
0.54707
0.77092
-1.1224
0.42627
0.1758
-0.8047
-0.74177
0.37689
0.96785
0.28116
-0.92633
0.62235
0.2792
-0.42424
1.0005
-0.19355
-1.0103
0.9301
1.0649
0.85945
-0.88043
-0.94571
0.84072
-0.95642
0.65736
-0.4456
0.067716
-0.67683
0.90899
0.95222
-0.51057
-1.0208
1.1429
-0.26193
-0.59561
-0.38381
0.18795
1.0456
0.71515
-0.83845
1.0412
-0.94966
0.030122
0.94325
-0.67522
0.87035
-0.67349
0.068
0.85857
0.8356
0.68208
-0.52199
0.33258
0.2664
0.10028
1.0738
0.84977
0.28824
-0.34846
-1.0482
-0.34894
-0.1327
1.0547
0.68121
-0.91634
0.14148
0.15877
-0.86421
-0.92186
-0.2185
-0.53549
-0.019467
-0.34174
-0.091197
-0.019437
-0.67734
-0.79173
-1.0212
0.20831
-0.92142
-0.69328
1.1853
0.60483
