0.63086
0.52386
-0.657
0.065432
-0.27969
0.64478
-0.29052
-1.0895
-1.0205
0.28198
0.99036
-0.076782
-1.0155
-1.1921
0.76449
-0.53531
0.18237
1.1734
1.0155
0.60738
1.0092
1.0074
-0.9555
0.59894
-0.84544
-0.99543
-0.92076
0.97391
0.66848
0.83242
0.56198
-0.59356
-0.59431
0.88273
-0.56463
-0.63285
0.083973
0.31056
-1.0741
0.33117
-0.31394
0.90878
0.0074353
-0.28733
0.48217
-1.0925
0.049082
-0.84472
-0.43075
-0.70253
0.11898
-0.14636
-0.52785
0.31108
-0.70766
0.83456
0.78973
0.37165
-0.94991
-0.68935
-0.28379
-0.81574
0.58041
0.18267
-0.5279
-0.91822
-0.75881
-0.48771
0.9374
-0.76721
0.88384
-0.75269
1.1063
0.47788
0.10316
-0.79177
-0.026405
-0.0093944
0.067015
-0.77126
0.038914
-0.50914
-0.40171
0.85907
-0.25816
0.51217
-0.10931
-0.68214
0.75079
0.4813
0.81375
0.93425
0.66465
0.94922
0.8857
0.47558
0.67456
0.25143
-0.89164
0.27321
-0.68976
-0.81622
0.84667
0.69501
-0.94804
-1.0059
-0.029777
0.52498
-0.8643
0.40133
-1.0149
-0.3707
-0.55599
0.78021
0.91502
-0.84986
-0.74447
0.23214
0.8335
0.90518
-0.95551
0.025745
0.27259
-0.17493
-0.84014
-0.17435
-0.66739
0.69886
0.99763
0.6605
-0.60885
-1.2176
-0.39556
-0.51055
-0.36111
0.11178
-0.9052
0.2435
-0.34541
0.77334
-1.1895
0.044565
-0.7114
0.8565
-0.27405
-0.83806
-0.97965
-1.145
0.06553
0.52378
0.66474
-0.82647
-0.99547
-0.3602
0.10827
0.99364
-0.92945
0.25705
-0.43911
-0.62018
0.72804
0.97059
-1.0206
-0.53109
1.0744
-0.85342
0.52957
-1.0497
-0.92469
0.20914
-1.1014
0.45294
0.97858
0.1257
0.98361
0.82675
-0.67931
-0.40019
0.96923
0.85521
0.60826
0.74452
-0.43438
-0.075039
-0.98037
0.33444
0.68206
0.88977
-0.77961
-0.88568
0.77568
0.53911
-0.74909
-0.45166
-0.37432
-0.40222
0.75099
-1.0593
-0.97803
-1.1158
-1.0144
-0.19741
0.39477
-1.0147
0.91351
-0.30054
0.56178
0.81429
0.55945
1.043
-0.86259
0.013711
-0.56442
-0.99542
-0.75346
-0.17512
-0.61643
0.92879
0.40046
0.91982
-0.87552
0.14457
0.078756
0.26823
-0.37216
0.52332
0.96737
0.97329
0.80085
0.71812
0.12501
0.16249
1.1265
-0.033714
1.1713
0.89662
-0.15784
0.76643
-0.58593
0.92607
0.81006
1.0251
0.98328
-1.0421
0.55924
-0.66987
-0.16089
0.77783
-0.16814
0.41096
0.44888
0.95992
0.3093
0.89577
0.9042
-0.8604
1.1414
0.29923
-0.82479
-0.92372
0.65099
-0.70158
-0.38755
-0.86937
0.51394
0.91535
-0.72608
0.67366
1.2181
0.94949
0.5964
-0.66374
-0.94707
0.92356
-0.10861
-0.97366
-1.0875
0.65145
-0.40336
0.84549
0.96823
0.28058
1.0974
-0.92025
-0.21308
-0.42
-1.0007
0.1499
1.2001
0.78318
-0.11102
-0.43867
1.0881
-0.16373
1.1019
0.8463
1.0286
-0.97328
0.73651
0.091596
-0.98545
0.45657
0.95542
-1.0071
-0.4905
0.77643
-1.017
0.5255
0.97488
0.81949
1.005
0.83352
0.901
0.83577
-0.8964
-0.67778
-0.74924
0.78174
1.0336
0.82569
-0.80782
0.45787
-0.84443
-0.80491
-0.95738
0.81134
1.0523
-0.84465
-0.037257
-0.54262
0.17279
0.4044
0.92858
0.97174
0.46654
1.0068
0.38785
-0.15436
-0.54283
0.30908
-0.3593
0.17956
1.0498
0.82794
0.92494
-0.5939
0.99822
1.0571
-0.35768
-1.0609
-0.87695
-0.36049
-1.2031
-0.90926
-0.82111
1.0681
-0.050655
-1.0252
-0.98397
-0.83227
0.029718
-0.094366
-0.74609
0.72249
-0.9106
-0.29739
0.98663
0.17051
0.81876
-0.99366
0.9168
-0.34841
1.0423
0.021271
-0.87257
-0.033544
0.91493
0.58483
-0.51343
0.19861
0.1847
0.9619
0.15904
0.2865
-0.19052
-1.0477
0.089205
-0.59384
-0.72444
0.99078
-0.85752
-0.43559
-0.55344
-1.0394
-0.45477
0.91408
-1.1171
-0.14495
-1.0471
-0.59624
0.35548
0.58887
-0.20056
0.70315
1.0094
-0.22765
0.83049
-0.30333
0.95997
-0.94227
1.0336
0.050018
0.88701
-0.77076
-0.87751
-0.73221
0.56813
0.84237
1.0725
0.89284
-0.20118
-0.75684
-0.49121
-0.29129
-1.0243
-0.86286
1.1207
1.2085
0.93337
-0.57895
-0.82651
-0.89433
-0.73308
-0.63392
-0.072763
0.63693
0.6663
-0.012538
-0.68995
-0.72579
1.0407
0.33204
-0.66529
0.65694
0.34249
-0.37962
-0.22658
-0.74752
0.91611
0.83887
-0.045147
0.68346
-0.71473
0.43906
-0.5565
0.56744
-0.20392
-0.45887
0.26071
0.83143
0.45264
-0.84865
0.59233
0.87522
0.15336
0.020827
1.0477
1.0117
0.6801
-0.59729
0.88783
-0.085871
-1.0062
0.76558
-0.44685
0.79217
0.91883
0.1367
-0.12422
0.43859
0.93286
-0.82956
0.9212
-0.84437
-0.97148
-0.14045
-0.18477
-0.84697
-0.99695
0.98054
-0.81271
-0.7027
-0.90876
-0.41423
-0.78623
-0.56873
0.70642
0.97913
0.8227
0.59633
0.99995
0.29988
0.23838
1.0356
0.58633
0.92911
0.16453
0.02992
-0.83574
0.92858
0.90564
-0.53997
1.1423
-0.078767
0.0027848
-0.91843
-0.2557
-1.0258
-0.18607
1.1877
0.74796
-0.07258
0.057224
-0.5998
0.04221
0.26348
-1.0597
-0.19453
-0.082451
-0.33411
0.55091
0.99285
-0.16298
0.021446
0.83933
0.13336
-0.36939
0.63675
-0.3067
0.92444
0.17311
0.35061
0.72447
0.21123
-0.89029
-1.0838
-0.30702
0.79298
0.070946
-0.96116
0.87281
1.271
-0.95758
0.69453
-0.76181
-1.0572
0.65176
0.32495
0.65373
0.90762
-0.94216
0.48165
0.79784
0.6785
-0.97758
0.20846
0.34611
-0.090097
0.26337
0.82758
-0.8496
0.83806
-0.40412
-0.2596
0.97609
-0.76946
-0.27747
0.68878
0.39769
0.77476
0.75172
-0.64971
0.87063
-0.27779
0.81186
0.020809
0.4209
-0.8405
0.40294
-0.16313
-0.77693
0.76787
0.16299
0.66921
1.0072
1.106
-0.42569
-0.50183
0.98693
-0.95277
0.12371
0.34961
0.60578
-0.97887
-1.0001
0.76967
-0.38745
0.92892
-0.97564
0.69708
0.84329
0.13019
-0.39924
0.42998
1.1082
0.91728
0.41873
-0.82644
0.10401
0.12466
-1.0703
0.98948
-0.22457
-0.74443
0.96505
0.71653
-0.19818
-0.80429
0.82412
0.54535
0.65995
-0.67515
-0.90969
0.82426
-0.55678
0.87897
-0.2018
-1.0676
-0.46243
-0.7188
0.37073
-1.1353
-0.32627
-0.072812
-0.71496
-0.037412
-0.96955
-0.54514
0.83575
-0.52522
-1.0499
0.036585
1.0363
-0.60557
-0.28568
0.39596
0.038483
-0.97082
0.24839
-1.0549
1.1519
0.27674
1.2259
0.96182
0.76442
0.74767
-0.059596
0.36817
0.65593
0.8297
0.99848
0.37469
0.86731
-0.42856
0.17624
0.95601
0.76922
0.90454
-0.72567
0.79065
-0.23155
-0.79767
-0.89877
0.3125
0.69763
-0.73867
0.074349
0.88808
0.98685
0.86041
0.73752
-0.77797
0.72134
-0.41024
0.096597
0.13208
0.42383
-0.94228
-0.65681
0.27768
1.0348
-0.4987
0.62625
0.91337
0.49878
-0.54482
0.99384
-0.34542
-0.6415
0.20641
-0.97385
-0.14669
-0.55979
0.69846
-0.949
-0.46606
0.99109
0.021829
0.88741
-0.90837
-0.099644
-0.95139
0.6865
1.0485
-1.1596
0.87089
-0.031945
-0.11003
-0.73455
-1.1447
1.0065
0.80554
-0.78158
-0.79592
-0.60305
-1.0616
-0.75629
-0.36635
-0.84799
0.62188
0.096258
0.85384
0.36172
1.0035
0.055921
0.98827
-0.678
-0.88202
0.64532
-0.81221
0.76634
0.30878
0.13761
-0.78947
-0.25596
-0.4492
-0.68155
-0.98699
0.37959
0.56175
0.93461
-0.49265
-0.82974
-1.0259
-1.0915
-0.5158
0.78832
0.10839
-0.62475
0.61102
0.1271
0.82977
-0.088238
-0.3608
0.43412
-0.22191
0.26639
-0.10737
-0.6314
-0.76021
-0.71497
0.88938
1.0815
0.62386
0.45759
-1.0156
-0.32146
-0.4692
0.55393
-0.79471
-0.17773
0.65643
-0.32228
0.0072017
0.65558
0.45271
-0.3239
0.89115
-0.34388
-0.55628
-0.93291
1.0623
0.41888
1.1326
0.5987
-0.15331
-1.0148
-0.38573
0.86759
0.99949
-0.084232
-0.70348
0.48798
-0.39565
0.26738
-0.1455
1.0827
-1.0115
0.26374
0.79619
0.96643
-0.96283
0.60338
0.43167
-0.51563
-0.19515
0.47752
0.56224
0.40349
-0.076028
-0.93472
-0.78219
-0.16529
-0.92129
-0.27422
-0.72201
0.76123
-0.87647
-0.82436
-0.0793
-0.31116
-1.0712
-0.40398
0.57263
1.1244
0.46581
-0.77048
0.35583
-0.4162
0.87321
-0.54085
0.56158
1.0378
-0.44803
0.85444
0.48361
-0.14894
-0.045981
-0.7882
-1.073
-0.16435
1.0432
-0.98516
-0.47369
-0.90036
-0.28058
0.91123
-0.087592
0.079258
-0.81879
0.9518
0.59396
0.80552
-0.62283
0.13342
-0.02542
-0.26822
-0.1454
-0.55165
-0.92619
0.84767
-0.91094
-0.90629
-0.89653
-0.42275
0.37025
-1.0055
1.0503
0.24155
0.749
-0.13902
0.78266
0.1305
0.35336
-0.024698
-0.099113
0.86451
-0.66123
0.57941
0.19055
-0.25644
0.79065
-0.31832
0.085645
-0.86784
0.92649
-0.60472
0.18338
0.68951
-0.87626
0.33103
-0.40801
-0.04936
0.51209
-0.15794
0.44952
0.91426
-0.87241
0.59796
-0.16524
-1.134
-0.052381
-0.52712
0.44856
-0.9462
0.88999
-0.72311
-0.24669
-0.76099
0.17663
0.96809
0.41365
0.99312
-0.21399
-0.072393
1.1237
0.92004
-0.97016
-0.60841
-0.2935
0.96731
0.28158
0.74681
-0.80272
-0.095184
-1.1014
-1.0552
0.26211
-0.13467
0.077134
0.80841
-0.071175
-0.89474
0.6504
0.75426
0.35731
0.4131
-0.22633
0.72337
0.15189
-0.77392
0.54531
-0.53108
0.075341
-0.83704
0.7446
-0.077186
0.85241
0.69513
-0.085468
-0.34565
0.22895
-0.7614
0.44765
-0.5435
0.39992
0.30201
-0.00044935
-0.88192
0.35733
-0.23425
-0.39791
-0.58765
-0.71808
0.8476
-0.67133
-0.76337
0.9089
-0.87445
-0.62004
-1.0463
0.74566
-0.43847
0.88554
0.47135
0.65579
0.67036
0.43221
-0.83944
0.47549
0.83897
0.45108
-0.864
-0.98746
-0.74018
0.51778
0.734
-1.0141
0.043408
0.58949
0.53461
-0.093589
0.38368
-0.99457
-0.11697
0.30816
0.85212
-0.31247
0.55083
0.92582
0.96593
-0.97011
0.39539
-1.0503
0.16154
0.41494
0.31891
0.06201
-0.8427
0.56095
-1.0144
-0.56658
0.51433
-0.32465
-0.098361
-0.94495
0.9305
-1.1796
0.052236
-0.44205
0.49002
-0.8063
0.42585
0.033152
0.43581
0.93346
-0.80833
-0.94904
0.1496
-0.11462
-0.42697
-1.0694
-0.41757
-0.50217
0.77512
0.94443
0.5019
0.70572
0.5002
0.30011
-0.64644
-1.0074
-0.22454
-0.78351
0.9063
-0.35648
-0.98009
0.99195
-0.89478
0.32936
0.38743
-0.16117
0.67248
0.93863
-0.15651
-0.94733
-0.66663
1.1679
0.65692
1.1105
-0.96944
-0.17277
0.39616
-0.49025
1.0069
-0.26006
0.7764
-0.082397
0.35422
-0.71652
0.971
0.96598
0.22749
-0.72771
0.43264
0.46465
0.41546
0.96529
-0.090713
-0.81418
-0.34664
0.97206
-0.79557
-0.19071
0.87473
0.64686
0.81053
-0.91323
-0.73474
0.24457
0.75689
-0.17526
0.99103
-0.93794
-0.0033022
0.82138
-0.23934
-0.28984
0.96361
-0.96228
-0.85996
-0.83319
0.85582
0.83219
-0.18198
-1.0749
-0.38121
-0.88035
-0.019136
0.95277
0.51499
-0.66887
-0.085391
0.15233
-0.55051
0.83448
-0.061532
1.0545
0.26204
0.073859
-0.39476
-0.83721
-0.0079399
-0.08388
-0.96743
-0.69431
0.4529
-0.85351
-0.31226
0.86414
0.50593
0.88017
-0.29452
-0.61395
-0.18088
0.30147
-1.1479
0.5503
-0.70129
0.2302
-0.63718
0.27891
0.28999
0.70569
0.28417
-0.69606
-0.87707
0.12896
0.75444
0.98313
0.38044
0.47151
-0.47205
0.49646
-0.42572
-0.79068
0.98454
-1.1269
0.77243
0.39425
0.68456
0.82354
1.0043
0.56395
-0.76107
-0.81453
-0.67283
-0.84967
-0.78385
-0.82301
0.51473
-0.0085482
-1.0044
0.83067
-0.0041329
0.89619
-7.3176e-05
-0.4555
0.84132
0.5862
0.42172
-0.29728
-0.0092663
-0.61811
0.18206
0.94083
0.4749
0.02805
0.72636
-0.098901
1.081
-0.20456
0.88454
0.9462
-0.39083
-1.0055
0.085108
0.57281
-0.10769
-0.76227
0.356
-0.54173
-0.85706
-0.6798
-0.30627
0.33431
0.77124
1.044
-0.2478
0.28063
-0.84936
-0.86329
0.59236
0.56951
-0.70229
0.76869
0.55254
-0.65315
0.9213
-0.62101
-0.69142
0.23496
-0.91227
-0.38592
-0.18331
0.55947
0.24672
0.96467
1.0246
0.79093
-0.24028
-0.61009
0.83505
-0.7419
0.98386
-0.55167
-1.0639
0.070684
0.53395
0.84755
-0.44142
-0.91624
0.96423
-0.94707
0.38572
-0.84475
-0.65291
-0.98925
1.0063
0.82555
0.81448
0.51296
-0.88594
0.76982
-0.99508
-0.81116
-0.45097
-0.90473
0.85589
-1.0377
-0.58897
0.3444
-1.1405
0.8362
0.052913
0.67759
0.46927
-0.083569
0.15842
0.85457
0.8852
0.22452
0.5122
0.538
-0.30697
-0.61689
-0.43373
0.90332
0.66841
-0.39299
0.26472
0.65508
-0.89875
0.19136
-1.0616
-0.99359
-0.2826
0.70593
0.95727
1.1292
-0.43497
-0.73986
1.028
0.19697
-0.17641
-0.88018
-0.62824
-0.68443
0.97219
-0.74345
-0.95982
-1.0536
0.70041
-1.02
1.0088
0.97835
-0.93458
0.56787
-0.30683
-0.17226
0.11178
0.27071
0.59714
-0.78782
-0.68018
-0.41343
0.71233
-0.57512
0.44921
-0.7697
0.97954
0.74718
0.51284
-0.16656
0.4431
-0.26641
-0.53551
0.88825
-0.70442
-0.10131
-1.0271
-0.16161
0.73396
-0.20568
-0.1952
0.84159
-0.93059
0.77015
-0.71457
0.95531
0.61775
0.57877
-0.7724
0.94361
-0.75925
-0.0080486
-0.96321
-0.19725
1.0086
-0.76794
0.056526
0.95357
-0.94928
0.8503
0.91711
-0.26859
-0.90959
-0.49394
-0.95502
-0.68135
1.0117
0.62739
-1.0573
0.8255
-0.31141
0.97598
-0.68267
-0.75549
-1.0419
-1.0991
-1.0229
0.36274
0.22477
0.43621
1.0377
0.411
-0.24746
0.23959
0.14137
0.68737
-0.36583
0.22164
0.73701
1.1272
-0.83971
0.24644
-0.27954
-0.21514
0.76147
-0.6889
-0.57609
0.43698
-1.0057
1.0058
-0.70538
-0.21859
0.61612
0.83274
1.1172
-0.79685
-0.95668
-0.29728
1.0442
-1.0224
-0.4639
0.19156
-1.0655
0.40127
0.28283
0.11108
-0.16129
-0.74257
-0.42157
-0.24507
-0.92969
0.1321
-0.70236
-0.90333
0.86107
0.73859
-0.7375
-1.0675
-0.78559
-0.10996
-0.27513
1.1451
-0.48321
0.41602
-0.50147
0.60685
-0.86933
-0.86473
1.0291
-0.81846
0.030441
0.6704
0.95374
-0.43119
-1.1073
-1.0459
0.095927
-0.010476
-0.27498
-0.47322
0.11702
0.50306
-0.33281
-0.17112
-0.72381
-0.34416
-0.99508
-1.2044
0.99297
0.84858
0.20856
0.78937
-0.27266
-0.18727
0.45809
0.56816
0.53718
-0.55289
0.46431
-0.51954
-0.98077
0.026515
-1.113
-0.97858
0.7975
-0.75133
0.8991
-0.35602
0.050704
0.78038
0.68796
0.89198
-0.64684
0.12781
-0.06592
-0.80732
