0.83696
1.2483
-0.56474
-0.85687
-0.32723
0.035337
-0.83489
0.70042
0.96403
1.034
-1.0762
-0.61018
1.0052
0.57492
1.0074
-0.68605
-0.52748
0.65318
0.41744
1.1252
0.46734
-0.6093
-0.13746
-0.9203
-0.43965
-0.069789
0.61041
0.76558
-0.76559
0.25012
-0.15061
-0.66349
-0.85232
-0.02225
0.33577
0.89601
-0.27501
0.78416
-0.14277
0.21755
-0.014859
-0.9368
0.99407
0.80864
-0.044905
-1.1334
-0.80589
0.92294
-0.9543
-0.57253
0.90174
-0.8976
1.0547
0.47272
0.86356
-0.7682
0.81977
0.082301
-0.85569
0.5508
-1.2351
-0.62654
0.89031
-0.96057
0.781
0.6766
0.91876
-0.42169
-0.9651
-0.0066659
-0.499
0.83158
-0.91058
-0.74412
0.84988
0.76341
0.5746
-0.4242
0.39591
0.76324
0.56678
0.84318
-0.11729
-0.90574
0.79857
1.058
-0.77435
-1.0472
0.18152
0.17056
0.55201
-0.25495
1.0539
-1.0496
0.71017
0.1628
-0.99093
-1.007
-0.60034
1.0403
-0.84235
0.67142
-0.8125
-0.59511
-0.40945
0.38564
-0.60155
0.48769
0.51688
0.96149
-0.55545
0.55295
0.49379
-0.88925
0.9632
0.47594
-0.57809
0.63853
-1.1324
0.93699
-1.1104
0.69835
0.45981
-0.9886
0.4756
-0.63344
0.66532
0.2615
-0.47663
0.93755
-0.98676
-0.64239
0.75225
0.099887
-0.95797
-1.068
1.0647
0.55664
-0.67081
-0.53008
0.20833
-0.48428
0.82795
-0.63157
-0.013792
-0.99945
0.20115
-0.68823
-0.81323
-0.57737
-0.12273
-0.67133
0.61453
0.83416
-0.7134
-0.80756
0.27018
0.23374
-0.31659
0.041878
-0.86079
0.85607
-0.46743
-0.70434
0.6138
0.24704
0.012465
1.074
-0.77629
-0.95077
0.73612
-0.58113
-0.4939
0.70858
-0.98315
0.15439
-1.1713
1.189
0.51634
0.95742
0.36605
1.0026
-0.5005
-1.0113
-0.38593
0.84411
1.0451
-0.67238
0.38569
-0.47778
-0.5536
-0.17547
0.76813
0.97457
-0.17488
-0.6849
1.1119
0.5851
0.89085
-0.21134
0.97321
-0.82254
0.84329
0.019545
-0.93945
0.19226
0.92235
-0.71906
-0.2898
0.26306
1.1355
-0.66894
0.89256
0.54233
-0.39917
0.32259
0.4016
0.5168
-0.95242
-0.87189
0.97586
0.51719
0.80797
-0.81041
0.59595
0.18541
-0.49569
0.27715
1.0618
0.74053
-0.10821
-0.083953
1.0876
1.047
1.0098
0.16847
-0.026627
-0.46291
0.63211
-0.89473
-1.0675
0.79859
0.42887
-0.53105
-0.80206
-0.076793
-0.13111
0.3238
0.48812
0.9123
0.63514
-0.00085675
-0.44217
-0.57015
-1.0139
-1.0106
0.53104
-0.69606
0.57013
0.29565
-0.83101
0.49802
-1.1083
0.28658
0.020442
0.46397
0.29901
-0.4209
-0.89951
0.17759
-0.29038
0.86789
-0.033189
0.47907
-0.41529
-0.47359
-0.79299
0.76539
-0.88867
-0.94032
1.0027
-0.56975
0.39249
0.61269
0.61199
-0.93066
0.1642
0.43656
0.26584
0.27961
0.14617
0.10279
-1.0846
-0.095653
-0.35932
-0.78261
1.0371
-0.019325
-1.1825
0.70958
0.93841
-1.0068
0.55513
-0.6237
-0.66794
-0.21815
-0.81316
-0.59537
-0.81039
-0.8635
-0.84201
-0.7567
0.68931
0.99476
0.6614
0.42558
0.847
0.65304
0.45318
1.0917
-0.45409
-0.61924
-0.95223
0.34326
0.59125
0.83153
-0.566
-0.025298
-0.80323
0.83311
0.63292
-0.86567
0.12131
-0.94887
0.83857
-0.49852
-0.23488
-0.03663
-0.21364
-0.59186
-0.30447
0.89707
-0.65548
0.82735
0.60349
-0.90097
0.4859
0.88535
0.99044
0.44445
0.95693
-0.47802
-0.50383
-0.10971
-1.0461
-0.60234
-1.023
0.97504
0.85496
-0.31459
-0.91704
-0.73012
-0.68156
1.0153
-0.74718
1.0232
0.83426
0.45132
-0.9724
-0.87138
0.095013
-0.83695
-0.88305
-0.18927
-0.80214
0.39852
0.71946
-0.50229
-0.77639
-0.0030591
0.87637
-0.4502
0.0047349
-0.29516
0.80371
0.85926
-1.0259
0.89354
-0.74496
0.10765
-0.85653
0.56161
0.54745
-0.59281
-0.98407
1.115
-1.0242
-0.54548
0.1507
0.036891
-0.94675
0.76993
-0.78922
0.05139
0.02622
-1.0645
-0.54328
-0.77229
1.0548
0.49978
0.16105
0.25925
0.79939
-0.24312
0.8636
0.42324
0.65214
-0.26247
-0.97226
-0.90252
-0.94602
-0.72631
0.52253
-0.59421
1.023
0.73351
0.81828
-0.22246
-0.53518
-0.84087
-0.13184
-0.79897
-0.97222
-0.19178
-0.85076
-0.80201
0.39997
0.65585
0.80756
1.03
0.8064
0.55178
-0.11421
0.41876
0.65838
-1.0611
0.85944
-0.57954
0.553
0.3053
-0.0083896
0.71026
0.32406
0.86787
0.42435
-0.43303
0.51695
0.93735
-0.20905
-0.41472
-0.25462
0.50738
0.37722
-0.019491
1.0778
0.18804
0.43918
-0.44528
0.91073
0.21276
1.0885
0.25836
0.92699
-0.62964
-0.91879
-1.0978
-0.36519
-0.24635
-1.0275
0.21137
-0.81265
-0.37318
-0.43627
0.41286
0.54882
0.37329
0.16919
-1.0603
0.46778
0.68844
0.91131
0.67201
0.37822
-0.89147
-0.057281
-0.70896
0.52768
-1.1122
1.1233
-0.79299
-0.81833
0.81608
-0.60754
0.70857
0.99195
0.57887
-0.68019
0.21681
0.27182
-0.30544
-1.0552
0.50563
-0.083127
0.5914
0.92713
0.44068
-1.0818
0.79781
0.98279
-0.49242
0.53573
1.1308
-0.27509
0.26048
0.88388
-0.191
-1.1148
-0.079737
-0.0097682
-1.1347
-0.27501
-0.80661
0.96456
0.56558
0.52847
0.64779
-0.15325
-0.41016
0.45545
-0.66436
-0.15223
1.0295
-0.93396
-0.35252
-0.80811
0.81155
0.032783
0.96512
0.18513
-0.80664
0.2393
-0.82206
0.05794
-0.15769
-0.24318
-0.1428
0.063205
-0.88386
1.0006
-0.2931
0.52351
-0.89343
-0.5043
0.91105
-1.2019
1.0132
-0.92552
0.79196
0.96269
-0.74594
0.52751
-0.086221
-0.71486
0.65801
-0.98021
-0.85625
-0.25526
1.1096
-0.66152
0.34094
0.092616
0.61475
0.92003
-0.19134
0.044598
0.47411
0.92705
-0.48249
0.69442
0.96828
-0.98866
-0.35075
0.11491
0.94217
-1.0417
1.0124
-0.13567
0.48222
-0.96636
-0.89948
0.89612
0.5152
0.52865
-1.0214
-0.46815
0.46158
0.24299
0.55382
0.58824
0.45749
-0.50967
0.72904
-0.73163
0.60911
0.816
0.74435
0.97567
0.60906
0.30743
-0.64102
0.19784
0.5124
0.32059
0.68869
0.69879
-0.75226
-0.86691
-0.54533
-0.82135
-0.80853
-0.85895
-0.12628
0.91066
0.7667
0.80725
0.8263
-1.0042
-1.0449
0.95609
0.771
-0.65281
0.54705
0.18053
-0.90267
-0.92272
0.69013
-0.2484
-0.96938
-0.91051
0.67678
0.90488
-0.7784
0.56456
0.78673
0.082287
-0.5602
-0.054622
-0.61583
0.25264
0.29465
-0.74304
1.0585
0.51728
-1.0929
1.0001
0.94343
0.4551
0.094281
0.87862
1.0618
0.76503
0.98529
0.82388
1.0099
-0.20812
-0.91865
0.95131
0.90946
-0.39834
0.56857
0.10026
-0.40493
-0.65665
0.83106
0.42804
-0.89867
0.79443
0.80013
0.74232
-0.65794
0.99265
0.42429
-0.53198
-0.61111
0.84744
-0.92372
1.1244
1.0108
-0.74845
-0.063359
-0.98536
0.20908
-0.56833
0.95095
0.74443
-0.93114
0.97019
0.51633
0.44322
0.50917
-1.0862
-0.5972
-0.90398
0.51171
0.77353
0.16753
-1.0416
0.62227
0.43591
-0.54529
0.65975
0.5021
0.4565
-0.63332
0.87667
0.34124
0.48545
0.23507
0.85853
0.75888
-0.28465
0.88118
0.98181
-1.1068
-0.97898
0.56785
0.46084
-1.0228
0.84422
-0.93042
-0.48484
0.68467
-0.69651
0.39739
-0.9984
-0.32338
-0.45142
-0.83648
0.60896
0.53284
-0.52181
0.48203
0.2554
-0.85601
0.039875
0.50876
-0.815
0.031895
-0.83477
-0.61201
-0.90884
-0.42903
1.0012
0.99011
-0.96202
-1.0104
-0.79515
-0.89008
0.27123
-0.402
0.60209
-0.47133
0.61991
-0.39447
-0.97444
-0.54524
-0.76332
1.1139
0.80463
0.10339
0.72617
-0.46593
0.69934
0.8127
-0.3673
-0.8579
0.61652
0.67538
0.83852
-0.055078
-0.31489
-0.087365
-0.67766
-0.94286
0.2049
0.2656
-1.097
-0.073024
-0.58064
0.97773
0.87277
0.93554
0.97762
-0.37366
0.46871
0.028982
-0.84095
-0.59045
-0.4763
-0.24148
0.95138
0.46002
-0.041432
-1.0564
-0.40317
-1.0962
0.80751
0.53335
-0.23039
0.79809
0.13752
-1.1182
-0.47948
0.47949
-0.31577
0.92977
1.1439
-1.098
1.1176
0.01866
0.22431
-0.96343
-0.44169
1.0096
0.26951
-0.30705
0.70775
0.11282
-0.1959
0.61939
0.29675
0.10899
-1.0094
0.20946
-0.05222
0.21552
-0.3629
0.12695
-0.51272
0.77141
0.35249
-0.4471
-0.37046
-0.90527
0.54645
-0.84915
-0.89938
-1.0214
0.51955
-1.0071
0.16138
-0.121
0.94494
-0.50987
-1.0376
-0.13589
0.1813
-0.58263
-0.77503
0.51958
-0.45299
-0.41148
0.92143
-0.77617
0.81795
0.58587
-0.33157
1.0704
0.99936
-0.64604
1.0054
0.33688
-0.818
-0.71567
0.82898
0.50565
-0.50028
-0.9513
0.88767
0.67744
-0.84403
-0.36655
-0.64783
-0.668
-0.54139
0.89673
-0.91484
-0.7681
-1.0321
0.034423
0.84554
-0.93457
0.74007
-0.86334
-0.9681
-0.73771
-0.33322
-0.83
0.41509
0.76752
-0.054301
-0.84963
-0.50639
0.79587
-0.58835
-0.12289
-0.84175
0.69134
-0.0099348
1.0237
-0.88831
0.91249
0.7946
0.61503
-0.57685
-0.10253
-0.87393
0.78742
-0.16737
0.40016
0.80385
0.79668
-0.34315
0.60421
0.047509
-0.29571
-0.8357
-0.040352
1.0846
-1.1023
-0.84345
0.78051
0.30174
-0.37068
0.68184
1.0913
0.27239
-0.79758
0.87796
0.65038
-0.76607
0.24512
-0.83339
0.0048336
-0.25077
-0.83273
-1.0109
0.40793
-0.81839
0.59674
-0.86816
0.46578
0.97016
0.063817
0.32481
0.38619
0.23876
0.51508
-0.58833
0.30936
-0.29066
0.61548
-0.21939
0.11112
-0.79264
0.91638
0.14855
0.53616
-1.0064
1.02
0.53668
0.54812
0.32281
-0.1098
0.83833
-0.32206
-1.0578
0.43899
-0.81041
-1.0053
-0.97985
-0.8904
0.2416
-0.66194
1.1533
0.8177
-0.57491
0.67687
0.25293
0.63898
0.2937
-0.10323
0.83144
0.031787
-0.68936
-0.60612
0.16965
-0.70897
-0.99165
-0.5834
0.88265
0.97606
0.076955
0.84647
-0.023333
-0.37236
0.57834
1.0502
1.1314
-0.8923
-1.0127
0.36115
-0.66838
-0.25056
0.84287
-0.8476
-0.84052
-1.0538
0.050044
-0.94244
0.54187
0.89207
-0.28446
0.39635
-0.62336
-0.49225
-0.29066
-0.84331
-0.80233
-0.42461
0.1392
-0.46638
-0.050605
0.83914
0.77837
-0.41229
0.10855
0.41625
-0.1992
-0.25635
1.0834
0.39938
-0.82954
0.21944
-1.0291
-0.49273
-0.64012
0.87905
-0.45238
-0.1733
-0.36922
0.47308
0.89524
-0.95555
0.94613
-0.30582
0.028228
0.88841
-0.10495
-0.88083
-0.58516
0.0087979
1.0417
-1.0736
0.95048
1.2112
0.57482
0.68548
-0.56645
0.73965
0.33095
-0.27116
0.051266
0.020207
0.17945
1.1127
-0.89633
-0.091232
1.0973
-0.88127
-0.64631
0.7812
0.24743
-0.60801
0.82014
0.20108
-0.36269
-0.098001
0.98204
0.60597
0.83612
-0.6345
0.28013
0.40435
1.0964
0.80792
0.18983
-0.28625
0.62747
-1.0626
0.65134
-1.0177
-0.37719
-0.78627
0.91991
0.63897
0.92652
0.54918
0.62582
0.59075
-1.0446
-0.33833
-0.067995
-0.93368
-0.90556
-0.2111
-0.97014
-0.86633
0.29105
-0.23317
0.010494
0.43231
-0.77271
1.128
-0.38489
-0.071761
0.79307
0.87938
0.045443
-0.92949
0.77084
0.37761
-0.64569
0.30606
0.45418
1.0357
-0.35965
-0.58347
1.0516
-0.35645
-1.1412
0.016774
0.6633
-0.17988
-0.22327
0.80177
0.79431
-0.92725
-0.79516
0.29814
0.60487
-0.0013786
0.45559
-0.77991
-0.97255
-0.75024
-1.0883
1.0588
-1.1844
-0.3549
0.94717
0.26552
-1.0939
0.26778
-0.80978
-0.81523
-0.11735
-0.087856
-0.97113
-0.25318
-0.095891
-0.95471
0.4232
0.018323
-0.9021
1.147
0.8147
-0.93885
0.91874
0.52012
0.59906
-0.76903
0.27533
-1.1313
0.18346
-0.31752
-0.92034
0.24169
-0.64897
0.72003
0.82674
-0.85136
0.50371
0.72423
0.57943
-0.029766
0.27229
0.65805
0.5217
-0.24319
-1.0834
0.79096
-0.84816
0.69785
0.028168
-0.4537
-0.25303
-1.0991
0.56324
-1.0204
-1.0563
0.4299
-0.70319
0.41634
1.0329
0.16114
-0.31952
0.27124
-0.22913
1.0397
0.34174
-0.83701
0.76794
0.32744
-0.96537
-1.1143
1.0277
0.41771
-0.79884
0.55594
0.14074
0.74291
-0.85026
0.77125
-0.27208
-0.99678
-1.1726
0.66863
0.24908
-0.65919
0.55266
-0.98107
1.0136
-0.22731
-0.28129
-0.99117
0.65328
-0.07238
-0.38997
0.74352
-0.63474
-0.89944
0.89428
0.31695
0.79868
0.90682
0.83093
-0.86859
-0.98981
-0.9846
0.42745
0.65671
0.11795
-0.24794
0.061837
0.34862
0.0044333
-0.43988
0.064249
-0.23582
0.75484
0.66663
-0.98615
-0.77513
-0.26288
-0.90482
-1.0738
0.41175
0.80955
0.41613
-0.92285
-0.55377
0.17569
0.25686
-0.072957
0.33587
0.22429
0.027877
0.6758
-1.0649
-0.48844
-0.19766
0.12856
-0.9507
0.17499
1.0042
-0.59448
0.7323
0.98171
0.51502
-0.93611
0.54521
0.16814
0.16354
0.91356
-0.74679
0.59709
-0.13867
0.17506
-0.74345
0.58593
-1.1631
0.81146
0.29472
0.15085
-0.1408
0.12754
0.76663
0.94267
-0.14781
1.0007
-0.47648
-0.32135
0.13335
0.21471
-0.54839
-0.16005
1.1182
-0.7414
0.96201
0.15455
-0.25704
-0.48199
-0.58898
0.36476
0.97005
0.07132
0.28062
-0.78798
-0.93222
-1.1086
0.054258
-0.91447
-0.93677
0.68842
-0.20613
0.33651
0.2037
-0.54365
1.0077
0.82501
0.73224
0.12834
0.35804
-0.69013
0.17626
-0.83006
-0.79276
0.21938
-0.31461
-0.58054
-0.34903
-0.08231
-0.48918
-0.82801
0.95771
-1.0082
0.504
0.17104
-1.0202
-0.87629
-1.0157
-0.62426
-0.65794
0.27594
-0.1349
-0.14998
0.31533
0.84203
-0.88619
-0.67783
-0.20366
0.2292
0.90601
-1.0555
0.74588
0.91174
-0.0095783
-0.55735
0.24315
-0.90639
0.5246
-0.9969
0.52693
-0.78371
0.34512
-0.38268
0.44639
-0.203
0.44237
-0.2504
-0.87438
0.21224
-1.1455
0.10661
0.91554
0.72196
-0.92137
-0.30548
0.75773
0.72901
0.43769
0.77345
-1.2651
0.91951
0.87857
0.59325
0.51578
-0.32806
0.055686
-0.24077
0.15477
-0.9095
-0.79443
-0.73054
-0.27443
-0.829
-1.0011
0.63455
-0.97776
-1.1042
0.98773
0.47953
-1.1569
-0.55546
-0.61178
0.52482
-0.63209
-0.74558
1.0557
0.1631
0.9487
0.50369
0.38166
-1.0047
-0.84892
-0.74257
0.78585
-0.051824
1.1352
0.74653
-0.041556
0.60522
0.27665
-0.64505
1.0677
-0.026816
0.91458
0.35462
0.81751
1.0631
0.49681
0.89453
0.83029
-0.27349
-0.01487
0.61145
-0.21149
-0.87854
1.1239
0.85646
-0.7852
0.22267
0.5648
0.99697
-1.0003
-1.1731
-0.70021
-0.82951
0.2031
0.41804
0.68904
-0.95722
-0.83638
0.7145
0.65064
0.81039
0.9718
0.96079
1.0389
