-0.13344
-0.63829
-0.34035
-0.8554
-0.85834
0.75635
-0.6412
-0.65755
0.375
-0.95814
-0.69524
-0.088256
-0.68781
-0.98182
0.039246
1.1345
0.058657
1.0522
-0.077326
-0.30114
-0.61014
-0.15713
-0.95009
-0.46945
-0.83706
-0.021666
-0.025162
-0.91286
-0.88472
0.39697
-0.3426
-0.74216
-0.30068
-0.3734
-0.24845
0.85411
-0.82318
0.91247
-0.94958
0.87383
-0.78549
0.72273
-0.041484
0.070329
-0.035305
-0.91118
0.1719
0.69111
-0.80196
-0.021714
-0.9361
0.8899
0.61536
0.11698
1.1087
-0.085643
0.42346
0.12045
0.6162
0.83956
-1.039
-0.97901
0.27145
-0.77428
0.0059091
0.42845
0.10195
1.0274
-0.87795
-0.20649
-0.91666
-0.28388
0.036452
0.15109
1.0203
0.83304
-0.59233
0.8569
0.25779
-0.56103
0.040898
0.25963
0.4513
-0.25413
-0.90508
0.68434
-1.0227
1.0138
-0.65335
0.74494
0.17671
0.68032
-0.74442
-0.067406
0.44341
0.91194
0.88291
-0.42284
0.91831
-0.63975
0.37706
-0.55086
0.37634
-0.15478
-0.93312
0.69739
-0.28897
-0.17998
0.077054
-0.16618
0.99362
-0.23739
-1.0533
-1.061
1.1721
1.0436
-1.0206
-0.73324
-0.94687
0.28893
1.0215
0.77545
0.54662
0.51798
0.8909
-0.17855
-0.95876
-0.45712
-1.0715
0.70004
-0.23932
0.86244
-0.83264
0.93442
-0.40542
-0.88259
0.63769
0.90669
0.78326
-0.017172
1.1802
0.28047
0.33868
-0.47011
0.65121
-0.85038
-0.5059
0.92966
0.98688
-0.21289
-0.4105
-1.1039
-0.97964
-0.99127
-1.1062
0.047211
-0.14536
-0.76719
0.99337
-0.53023
0.94415
-0.39792
0.30073
-0.77867
-0.5637
-0.32158
0.30566
0.51483
0.80193
-0.85398
0.88461
-0.68861
-0.98326
-0.93623
0.8395
0.094079
-0.55516
-0.766
-0.060517
-1.2061
-0.90239
-1.0438
0.68973
0.8309
0.85167
-0.72303
-0.78854
0.39154
0.39742
-0.8288
-0.63873
-0.19999
0.21811
-0.39105
0.78239
-1.0276
-0.56439
-0.36672
-0.93269
0.72889
0.86099
0.22709
0.13767
-0.30257
1.1134
-0.95075
0.45948
-0.73495
0.60684
-0.45866
0.59835
0.50112
-0.37431
-0.41241
0.48585
0.38529
-0.66839
0.93719
-0.30251
-0.56982
-0.019294
1.0608
-0.67757
0.27435
-0.76107
0.94669
0.6371
-0.36602
0.53493
0.50113
0.88518
-0.45414
0.058687
0.61674
-0.52406
-0.94868
0.27624
0.82701
-1.0166
0.74248
0.87672
0.82132
-0.012285
0.86603
1.0891
-0.87934
-0.52811
0.79082
0.90213
1.0359
0.37663
0.20227
-0.85101
0.48424
-0.072546
-0.91697
0.79296
0.96206
0.19932
-1.0755
-0.81268
0.79279
0.70294
-0.64095
1.1488
0.89656
-0.46131
0.22761
0.82961
-0.21989
1.0105
0.97775
-0.94305
-1.0325
0.91723
0.11727
1.0831
0.79418
0.80722
-0.87038
-0.84148
-0.37803
0.51235
0.55659
-0.98882
-0.90172
1.0611
-0.14354
0.80376
-0.22455
0.022375
-0.93149
0.24096
-0.75646
-0.07446
-0.85136
-0.15013
1.124
0.38157
-0.42767
0.54032
0.10554
-0.81499
0.84771
-0.99484
0.53472
-0.26675
0.66775
0.4145
0.69729
-0.71438
0.37952
-0.90058
-0.87029
-0.31903
-0.66232
0.21421
-0.74314
-0.89304
0.45041
0.45825
0.34258
-0.035492
0.41515
0.65332
0.88587
0.85774
-1.0456
-0.86055
-0.24916
-0.29901
1.019
-0.88706
-0.39831
0.23634
0.88511
-0.98425
1.1155
0.14096
-0.62674
-0.1451
0.69325
0.97509
-0.96201
-0.9132
-0.93179
0.83309
-0.91956
0.92951
0.81606
0.99966
-0.62549
-0.13854
-0.63206
0.93361
0.9539
-0.91333
-0.66855
-0.69058
0.59965
0.81588
-0.95016
0.034033
0.52116
-0.75767
0.60269
0.4219
-0.56203
-0.90478
-0.81123
-1.1355
0.32387
-0.27757
-0.2203
-0.25653
0.60537
-0.87711
-0.2083
-0.81371
0.62751
-0.47447
-0.22249
0.60134
0.72592
0.084026
-0.97063
0.77972
0.893
0.93001
-1.019
0.13252
-0.89779
-0.51716
-0.95809
0.61248
-0.64838
-0.63899
0.69326
-0.095958
-0.52741
0.58479
0.94888
-0.7655
-0.65858
0.52793
0.10168
-0.014711
0.88614
-0.23681
-0.36966
-0.365
-0.93153
0.1782
0.0069737
-0.78565
-0.81407
-0.99181
-1.1181
1.0247
-1.0966
0.64683
-0.24941
-0.49869
-0.77672
-0.94366
0.46874
0.11237
0.31646
-0.63637
0.76576
0.11461
-0.50758
0.64496
-0.72164
0.68806
0.81952
-0.11834
0.20712
-0.53721
0.90669
0.089901
-0.10135
-1.0148
1.1424
0.87093
0.92271
-0.5387
-0.3633
0.76736
0.33364
0.23994
-1.0249
0.80177
-0.89588
-0.63728
0.91991
-0.044596
1.1249
-0.16792
-0.139
0.77754
0.97877
0.54658
-1.0696
0.52446
0.59478
-1.0529
0.20472
0.48004
-0.059313
1.0296
1.0491
0.72816
0.99978
0.54717
-1.077
-0.82894
-0.96829
-0.79602
1.0505
-0.47363
-0.5184
-0.80623
-0.11903
0.25259
-1.0601
0.60332
-0.96352
-0.6374
-0.2793
0.54382
-0.63111
0.89066
-0.57179
-0.80317
0.80884
0.39535
0.89173
0.19244
-1.0479
0.41263
0.88208
0.79936
-0.72858
-0.88459
-1.1028
0.39061
-0.098015
-0.79906
-0.14275
-0.90751
0.19945
0.87274
-0.98561
0.93379
-1.0789
1.0752
-0.82516
-0.28123
0.17188
-0.99072
0.76557
0.89575
-0.15543
0.87449
0.74059
0.016714
-0.13689
-0.87064
-0.91359
0.79146
0.034299
0.40787
1.1219
0.78815
0.40196
0.98603
1.0495
-0.20394
0.21906
0.72816
0.46441
-0.52222
-0.091441
0.19851
0.23409
0.57773
-0.045726
0.27387
-1.0073
-0.81765
-0.84309
0.91045
-0.84577
-0.15823
0.86368
0.88394
0.89597
0.41711
0.01429
-0.27229
0.42584
0.84891
0.55999
-0.50662
-0.39187
-0.23096
0.61968
-0.03335
0.87617
-0.79793
0.1948
-0.64278
-1.0214
1.1238
0.71491
-0.91715
-0.58325
-0.87061
0.74182
-0.085354
-0.89256
0.69192
0.96193
0.59898
-0.55672
0.98708
-0.91544
0.36651
1.035
-0.98463
-0.95249
-0.11609
-0.92315
0.77151
-0.38215
-0.38439
-1.0144
-0.097153
-0.27784
0.30361
-0.50248
0.57686
0.27182
0.51249
-0.85319
0.50983
0.42075
-1.0199
-0.79887
0.9136
0.091291
0.82108
0.78694
-0.90503
-0.93304
-0.64184
-0.504
-0.91885
-0.81828
-0.72693
-0.71406
-1.0127
-0.98434
1.0465
-0.15844
-0.70264
0.89745
0.98029
-0.12706
0.00562
-1.0884
-1.0997
-0.38119
0.87257
-0.93103
0.58154
0.85698
0.44442
-1.0465
-0.88275
-0.16752
-0.52763
0.96349
-0.036031
-0.47492
-1.1052
0.13301
-0.17258
-0.020237
-0.68245
-0.025449
1.1266
0.44206
0.82823
-0.41121
0.92115
0.70963
-0.98393
-0.98929
0.0035222
-0.072039
0.22641
0.24954
-0.46068
0.37581
-0.19331
-0.13478
-0.78698
0.63821
-0.060097
-0.70838
-0.61674
0.77068
-0.28182
-0.93091
-1.1107
-0.055088
-0.30121
0.34769
0.034649
-0.023526
-0.15144
0.53042
0.82653
-0.20968
1.0636
1.0779
-0.56105
-0.26055
-0.7344
-0.75429
-0.78292
0.64543
0.79041
0.72247
-0.71501
0.89871
-0.11781
-0.62096
-0.84544
0.11203
-0.68425
-0.19656
-0.12455
-0.13578
-0.80447
-1.1104
-0.84471
-0.51712
-0.75757
-0.52391
0.20381
0.41857
-0.29718
0.90256
-0.26408
-0.4992
0.75707
0.94831
0.20017
-0.79505
0.98715
-0.70846
0.094265
-0.15235
-0.91185
0.47185
0.21297
-0.32062
0.45854
-0.51086
0.86027
-0.77407
-0.78245
-0.35669
0.57779
0.37831
-0.70585
-0.52359
-0.9048
0.63425
-0.36876
0.40603
0.51237
-1.0131
1.0224
-0.87953
0.039239
-0.68808
-1.0441
1.0571
0.058124
-0.11441
0.54351
-1.0016
0.47526
-0.75844
0.26778
-0.41805
-0.96577
-0.54907
-0.82393
-0.072686
-0.81118
0.32861
0.94958
0.20161
0.76083
-0.031728
-0.56103
0.85671
-0.16854
0.53893
0.4925
-0.41276
0.82668
0.18067
-0.85396
-0.1986
1.0068
0.64947
0.82384
1.1096
-0.10068
-0.41843
0.77988
0.30447
0.81695
-0.90129
0.75033
-0.41394
0.55143
0.61344
-0.010301
-0.38692
-0.84704
-0.20593
0.84854
-1.0851
-0.023916
-0.094038
-0.69716
1.1026
0.2642
-1.1207
-0.10973
0.75871
-0.9376
-1.0669
0.63915
-1.0497
0.51157
0.92293
0.70672
-0.89836
0.88862
-0.47644
0.6212
0.89556
-0.18946
-0.6172
-0.88623
-0.67052
-0.47181
-0.68351
0.97965
0.35494
-0.34104
0.70156
0.01637
0.91902
-0.589
-1.0584
-0.48593
0.47989
0.37902
1.0633
0.092503
-0.99768
0.40254
0.13958
-0.86901
0.73436
-1.0927
0.32038
0.55065
0.57753
-0.78522
-0.57353
0.99978
-0.61874
-0.61651
-0.71325
-0.90827
0.6776
0.16089
0.89328
0.54459
-0.71519
0.16759
-0.103
1.2187
-0.0016362
0.99086
-0.86216
0.51741
0.69466
0.60846
-0.43201
-0.89279
-0.97577
-0.85379
0.46017
0.80774
-0.15005
-1.0524
-0.70298
0.017539
-0.44733
0.84388
0.49771
0.69215
-0.28841
0.78386
1.0068
0.57075
-0.30539
-0.74819
0.20247
0.60035
-0.92324
-0.59059
-0.68023
1.0491
-1.1184
-0.6327
0.40812
-0.46243
-0.89737
0.89941
0.94276
0.40008
0.76728
0.62834
-0.55003
-0.94876
0.74832
-1.0557
0.93895
0.015171
-0.30581
-0.51593
-0.89554
-0.40558
1.0084
-1.0083
-0.81173
0.73051
0.70362
-0.11539
0.85584
-1.0003
0.97637
-0.64248
0.0589
-0.19818
0.94842
-0.96737
-0.52318
-0.39941
1.1435
0.97421
-0.07966
-0.94942
0.89124
-0.8105
0.97062
-0.31896
-0.76354
1.214
-0.53899
-0.86817
-0.36206
-0.2846
-1.0396
0.93096
1.0912
0.32725
-0.5889
0.14019
1.0116
-0.77094
-0.60506
0.062036
-0.68181
-1.0364
-0.6933
0.87843
0.37242
0.79649
0.54984
0.56295
0.60506
-0.46102
-0.70362
0.25671
0.84611
-0.79467
0.75105
-0.88042
0.28402
0.1804
0.053638
-0.69929
1.037
0.16286
0.58598
-0.76726
0.38456
-0.30201
0.65717
0.56107
-0.94753
-0.56707
-1.0352
0.62182
-0.97214
0.45951
1.0004
-0.25398
1.0377
0.88424
1.0154
-1.0041
-0.64665
0.54899
0.73794
0.74294
0.60918
-0.59864
1.0339
0.62211
0.16406
-0.23681
-0.028441
-0.68105
0.62009
-1.1588
-0.66308
-0.2946
0.091214
0.32141
0.74081
-0.49436
0.94519
-0.87991
0.5907
0.81274
-0.3581
0.5108
-0.37246
0.88612
-0.59917
-0.97169
-0.44921
0.84159
-0.25899
0.3796
-0.98697
-0.87892
-1.0888
0.030773
-0.97241
-0.071395
0.63469
-0.025682
-0.42111
0.95066
-0.20223
-0.89645
-1.0016
-0.30759
-0.76906
-0.14154
-0.82502
-0.8598
0.645
1.0173
-0.90192
-0.98512
-0.84946
-0.78302
-0.1527
-0.13037
0.56194
-0.14783
0.90211
0.018768
0.21283
1.0095
-0.2589
-0.786
0.54976
-0.7482
0.51637
0.60516
-0.97699
-0.92639
-0.37175
-0.49319
-0.23319
0.46016
-0.43614
-0.70148
-0.014393
-0.78772
-0.72784
0.266
-0.2069
0.42982
1.0174
-0.38974
0.32786
-0.92737
0.44574
0.26995
0.53948
-0.94688
-0.1091
0.91865
-0.86382
-0.85396
0.10399
1.1531
0.71411
0.49148
-0.94796
0.40638
1.0249
0.96812
-0.77695
-0.838
-0.94851
-0.56577
0.97937
0.2083
-0.7443
-0.55605
-0.50956
-0.028693
0.94917
-1.1635
-0.27863
0.23608
-1.0585
0.39011
-0.29709
-0.28559
0.3026
-0.31535
-0.22748
-0.76288
0.010307
0.70997
-0.63703
-0.78164
0.84205
0.45259
-0.40129
0.062032
1.0047
0.33293
-0.72491
0.21685
0.92987
-0.87679
0.099799
0.80076
0.092516
-1.1532
-0.97363
-0.5488
0.94327
-0.30685
-0.90732
-0.54421
0.83186
-0.76366
0.059325
-0.60861
-0.12825
-0.74263
-0.016094
-0.48966
-0.86729
0.69251
-0.19685
0.63823
0.12462
-0.80058
-0.29865
0.83279
0.50046
0.44142
-0.12767
-0.78368
0.18304
0.17971
-0.57129
1.0454
0.34693
0.86535
-0.08729
0.88902
-0.7735
1.0319
-0.97919
-0.37681
-0.68503
0.21475
0.64267
-0.51245
0.25908
0.1252
0.85277
-0.49811
0.54643
0.24707
0.87139
0.78035
0.33546
0.67847
-0.80334
0.30526
-0.19429
-0.063114
0.95769
-0.67377
-0.98214
-0.025826
-0.25553
0.89642
-0.85907
-0.64303
0.23668
0.69824
-0.93317
0.044845
-0.8577
-0.11226
0.4381
-0.89502
0.82639
1.049
0.21994
0.54276
-0.30675
0.80565
0.0058917
-0.79579
0.61297
1.0265
-0.78845
0.10504
0.75034
0.37792
-0.37402
1.1196
-0.35936
1.0253
0.91798
-1.0153
-0.5826
0.057118
0.6273
0.16253
0.44748
1.0226
-0.76551
-0.93117
-1.0171
0.9217
-0.49381
-1.051
0.46629
0.80809
0.59967
-0.57646
-0.44643
-0.48729
1.0494
0.54658
0.61993
-0.77906
0.57835
-0.91276
1.0312
0.80358
0.88358
0.18215
-0.79349
0.74326
-0.25175
-0.038453
-0.75178
0.77423
-0.26542
-0.17175
0.94074
-0.85646
-0.54294
-0.56984
-0.44848
0.69137
-0.32047
0.12529
-0.79297
1.0764
-0.80795
-0.26391
1.0161
0.33299
-0.24796
-0.96902
0.25026
0.61854
-0.10057
-0.30883
-0.41367
-0.89352
-0.50928
0.71826
-0.76489
-0.87492
-0.12643
0.95243
-0.94626
-0.68251
1.0288
0.9343
0.12666
1.0262
-0.65995
1.1172
0.71816
0.13511
-0.681
1.0112
0.11516
-0.6436
-0.40335
0.18364
0.98588
-0.52151
0.10367
-0.067332
-0.61006
0.63206
-0.023245
0.80619
0.30176
-0.68246
-1.1199
0.41471
-0.91545
1.0213
0.94829
-0.11569
0.44907
-0.29332
1.0134
0.65152
0.27941
-0.8124
-0.88905
0.40232
0.77066
0.34689
-0.91245
0.58616
-0.19997
-0.4004
-1.1347
0.66933
-0.65002
-0.86895
-0.00040005
0.024297
0.64273
0.49885
-0.42481
0.17055
-0.50253
-0.21739
-1.0465
1.008
-0.60775
-1.0858
0.2683
-0.23603
-0.48182
-0.22744
0.6215
0.42265
-0.71423
-0.091198
0.2715
-0.57953
-1.0198
-0.72928
-0.42673
0.51947
0.86431
-0.47632
0.16046
-1.126
0.90091
0.80493
-0.63789
-0.86543
0.57743
-1.001
-0.78057
-0.95193
0.58098
0.71259
0.52642
-0.78595
0.84747
0.44881
0.81729
0.59091
-0.38474
0.042974
0.21635
-0.98231
0.1692
0.72693
1.0378
-0.25201
0.23763
-0.77403
-0.22586
0.97453
1.1546
-0.94594
0.099813
-0.84861
-0.027963
0.0097941
0.23987
-0.92698
0.12665
-0.038187
0.57163
-0.68527
0.54843
-0.41965
1.0535
0.95766
-0.88308
-0.96988
0.69048
-0.80994
-0.85212
0.99576
-0.20393
0.54766
-0.13353
-0.13824
0.34022
-0.70504
-0.092926
-0.79193
0.60392
-0.17868
-0.36828
0.9269
-0.82979
0.38285
-0.54268
0.75602
0.32825
-0.94565
0.36759
0.88114
0.039947
1.0816
-0.38025
-0.85673
0.84819
-0.11889
1.0946
0.27114
0.95488
-0.87972
-0.0056817
-0.678
0.15304
-0.094601
-1.1073
0.84122
-0.93489
-0.48553
0.05142
-0.25949
0.055078
-0.45889
-0.27798
0.65967
-0.5879
1.1186
0.26919
-0.84305
-0.42391
0.90705
0.88435
0.39421
-0.73298
0.10426
0.75688
-0.95094
-0.24869
0.020419
0.67144
-0.43566
-0.29965
0.41455
0.62419
-0.30336
-0.46113
-0.62471
-0.84734
-1.0893
-0.25496
0.6721
-0.54499
-1.1275
1.038
