0.64548
-0.74606
0.96773
-0.51508
-0.21152
-0.30104
1.0047
0.28218
-0.10189
0.58727
1.1609
0.40637
-0.90372
0.45261
-0.2437
0.15633
-0.077786
-0.82755
-0.50176
-0.96354
-0.091741
0.22583
-0.74246
1.1748
0.11927
0.89779
0.63693
-0.85595
0.043887
1.1282
0.96981
1.0165
0.93584
-0.64818
-0.26903
-0.80282
0.8149
-0.040663
-0.52943
-0.11374
-0.58656
0.9871
-0.86314
-0.67421
0.68494
-0.93903
0.13302
-0.10148
0.91617
-0.78182
-0.74508
-0.54723
-0.99954
-0.24487
-0.23284
-1.0013
0.036781
-0.69806
-0.78751
0.91589
-1.085
1.0356
0.6771
-0.66099
1.0174
0.98534
-0.77215
0.41086
-0.95929
-0.88563
-0.63105
0.45361
0.7422
0.0087273
0.57829
-0.5182
1.1616
1.1979
-0.65697
-0.85035
-0.13698
-0.97417
0.42299
0.84938
0.78157
-0.57719
0.36624
-0.61678
-0.68122
-0.59991
-0.6066
-1.0875
0.38728
-1.0109
0.22429
-0.75198
0.88669
1.1018
-0.5153
0.97397
0.69295
-0.41958
-0.17525
0.45241
0.24663
-0.77579
-0.29238
-0.6862
0.76804
-0.88645
0.9929
0.20393
0.43669
-0.42905
0.92033
0.14012
-0.2664
-0.44748
0.45358
0.79811
0.8997
0.92203
0.045539
0.31688
-0.81397
0.72807
-0.64779
-1.2034
0.7828
0.94134
-0.85053
0.31226
0.861
0.56213
-0.18499
-0.42949
1.1586
-1.0592
1.1664
0.123
-0.60139
-0.39088
-1.0145
-0.612
0.8723
0.5571
0.43198
-0.4968
-0.71226
-0.75144
0.63686
0.080312
0.57042
-0.84905
-0.41428
-0.68875
0.66765
0.81662
-0.2723
0.67123
-0.35457
0.52714
0.81173
0.91422
1.1198
-0.95183
-0.86647
0.99862
-1.0785
0.0084735
-0.86415
-0.36434
-0.92469
-0.63599
0.41429
-0.89896
-1.0611
0.455
0.27203
0.31734
-0.020366
-0.59741
0.86262
0.58885
0.77115
-0.939
-0.70761
-0.53491
0.51142
-0.13904
-0.0021082
-0.58194
0.42016
-0.85727
-0.98101
-0.52935
-0.50515
0.03301
-0.4166
0.36093
0.32868
1.0582
-0.74469
0.22603
-0.50294
-0.95341
-0.49466
0.06192
0.32876
1.1403
-1.0089
1.0922
-0.39684
-0.29095
-0.83682
-1.0458
-0.87803
0.87534
0.71029
0.97712
-0.71544
0.75611
-0.69895
-0.98885
-1.0716
-1.0473
-0.8467
0.93507
-0.34699
0.753
0.6885
0.66168
0.033933
0.71044
0.99258
0.51865
0.95722
-0.35419
0.54882
0.96538
0.56509
0.6309
0.33589
0.42982
-0.75794
0.75978
-0.76302
0.98906
0.16002
-0.78868
-0.54003
-0.82227
0.98431
-0.65141
0.86512
1.0013
0.87758
-0.68197
-0.95989
0.4907
1.0462
0.30297
-0.17241
-0.76406
-1.108
0.62673
-0.2342
-0.65437
-0.28515
-0.83876
0.22558
1.0402
-0.95365
-0.69047
-0.70122
-0.77217
0.25031
-0.9383
0.20924
1.0066
0.2258
0.99304
0.87522
0.51521
-0.02502
-0.25867
-0.45782
0.30924
0.07699
0.42668
0.031356
-0.88651
0.98712
0.2195
-0.19967
-0.8679
-0.80883
-0.92022
-0.44518
0.83964
-0.97223
-0.98716
-0.80615
0.57419
0.16343
-0.7073
0.71648
0.83743
0.91849
-0.26513
-0.18699
0.74817
0.54114
-0.16422
1.0123
0.38257
-0.16526
0.7123
1.0116
-0.86318
0.97077
0.29252
-0.083248
0.78303
-0.60179
-0.80767
0.68589
-0.57876
-1.2669
0.80695
-0.087568
-0.015658
0.36741
0.53916
-0.77907
-0.11385
0.45529
0.14772
-0.35413
0.58389
-0.34584
-0.76102
0.48039
-0.58899
-0.5339
0.14599
-0.84889
-0.28278
-0.57318
0.47877
-0.76922
-1.0714
-0.926
-0.97672
0.33742
-0.96925
-0.067053
-0.084788
0.62255
-0.15381
-0.80578
-1.0122
-0.71555
-1.0213
-0.38992
0.2527
-0.75376
0.68386
-0.88405
0.89908
-0.58118
0.27893
0.079296
0.028743
-0.94012
-0.72475
-0.63564
0.17853
-0.65256
-1.0174
-0.53478
0.041419
-1.0089
-0.71481
0.5718
0.60736
1.0537
-1.0876
-0.89146
-0.95018
1.0945
0.86849
0.10383
-0.56924
-0.96448
-0.6294
0.66779
-0.8173
0.94303
0.81451
0.57873
0.10331
0.3775
0.83363
0.50879
-1.0262
-0.36055
-1.2601
0.85178
-0.42674
0.58777
-0.6227
0.9161
0.90007
-1.0073
0.22677
0.48936
0.30049
0.95915
0.35479
-0.068612
-0.78503
-0.93761
0.86208
0.82064
-0.93179
-0.11529
0.029469
-0.085192
-0.087913
-0.90637
-0.16616
0.90422
-0.64721
0.49423
-0.89161
0.56772
0.77701
-0.11729
0.98874
0.71259
0.77967
-1.0501
-1.029
-1.0857
0.22728
1.0249
1.0337
0.51489
-0.56956
-0.18323
1.0329
0.22146
0.43621
0.96348
-0.91562
1.0283
-0.5034
-0.41915
0.68429
-0.12175
-0.30311
1.0676
-0.78896
-0.54632
0.67136
-0.74784
0.015075
1.065
0.46392
-0.19491
0.20076
-1.1569
0.58167
0.97481
0.033802
-0.91621
0.52342
-0.66693
-0.86152
0.54298
0.55953
0.6282
-0.50018
0.85567
-0.97791
0.84761
0.82902
0.58778
0.91601
1.0756
0.40509
0.091827
-0.84636
-0.76081
0.47091
1.0138
1.0616
0.57852
0.61573
-0.92452
0.23252
0.48421
-0.73854
0.68279
0.86553
-0.78466
0.86324
-0.86918
0.51014
1.1459
0.85952
0.39104
0.93466
-0.41449
0.4567
0.14933
0.73137
-0.33654
-0.82824
0.84748
0.55855
0.87769
0.0094562
-0.85049
0.77444
0.38827
0.63635
0.050112
-0.72295
0.079147
0.20428
0.89579
0.8911
0.90019
1.0759
-0.40467
0.54976
0.11641
-0.93452
0.13707
1.1111
-0.8764
0.33785
-0.90937
-0.035374
0.30181
-0.15565
-0.8968
0.82519
0.92843
-0.77125
0.99919
-0.17803
0.68447
-0.49072
-1.0452
0.897
-0.25537
0.41977
-0.25327
0.1346
0.7119
1.0866
1.1149
0.044618
0.80922
0.64853
0.73334
0.62303
0.9535
1.0296
0.99966
-0.89267
0.12427
-0.50417
-0.88372
-0.54616
0.96867
0.96885
-0.4328
0.18892
0.89978
-0.15055
0.90918
0.62561
0.46939
-0.62257
0.60332
-0.87201
0.92982
-1.1204
-1.052
-0.82999
0.64066
0.94253
1.1002
0.26138
0.47058
-0.48627
0.65327
-0.37814
-0.39338
0.22437
-0.049459
-0.45718
0.12905
0.11178
-1.046
-0.66195
0.46654
0.13204
0.99206
-0.95072
0.15403
1.0929
-0.98321
0.90531
0.44717
-0.4535
0.017553
0.46723
-0.34378
0.86109
0.98972
-0.89348
0.99688
0.6271
0.54848
0.53127
0.4428
-0.66422
0.77236
-0.66924
1.0439
1.0796
-1.0873
1.0628
-0.74148
-0.51156
-1.0043
-0.79672
0.54952
0.88096
0.21968
-1.1543
-0.5756
-0.66342
1.2022
-0.59613
0.71617
0.89134
0.0090614
1.068
-0.87117
-0.80727
-0.4658
-0.56837
0.20481
-0.35857
0.16384
-0.59776
0.49224
-0.84775
0.82221
0.055231
-0.56102
0.47824
0.99771
0.346
-0.66526
-0.45466
0.069904
0.14535
0.18159
0.47028
0.65692
0.60239
-0.24785
-0.43898
-0.78187
0.88778
0.75903
-0.89753
0.9996
0.86391
0.63215
-0.7751
-0.62193
-0.34061
-0.61123
-0.65663
0.38052
0.10585
-0.90363
-0.60973
0.61352
0.34422
0.9731
0.76935
-0.78733
-0.095704
0.82301
0.95883
0.36089
-0.87373
-0.48022
-0.73666
-0.7038
0.34517
0.29441
0.59698
0.82653
-0.0078168
0.23876
0.36897
-1.0252
-1.1121
-0.74538
0.036995
-0.48095
0.097468
-0.50944
0.33026
0.69672
0.21613
0.6732
-0.85074
0.90015
0.48001
0.54911
0.35061
0.89616
-0.55121
0.55248
-0.34411
0.95098
0.92987
0.94927
0.3433
1.0245
-0.77367
-0.12403
0.71572
-0.69937
-0.80496
0.78334
-0.97394
-0.09394
0.87153
-0.97562
-0.64311
-1.0367
0.17649
0.74391
0.83053
-0.15675
0.37812
0.62925
-0.95652
-0.88948
-0.17565
0.098787
0.7972
-0.84458
0.99824
-0.57607
0.584
0.22501
-0.14931
-0.36268
0.28225
-0.73986
-0.068352
-0.27158
-0.93987
-0.78744
0.0084807
0.25195
0.94391
-0.18477
0.10315
0.90325
0.76173
-0.82041
-0.58951
0.87854
0.97402
1.0054
0.60163
0.10258
0.064926
-0.85236
-0.34314
-0.39076
-0.8546
0.16511
1.0194
0.27919
1.0306
0.42393
-0.88947
1.0903
-0.090035
-0.80821
-0.96674
-0.95054
0.72631
-0.95062
-0.79895
0.9896
-0.80824
-0.59766
-0.80622
-0.69334
0.98355
0.85322
-0.74174
-0.83241
1.0649
-0.95135
-0.68899
0.24984
0.93977
0.22094
-0.88916
0.24825
0.88184
0.54113
-0.95062
-0.90599
-0.1356
-0.82593
0.20781
0.013331
-0.66278
0.11992
-0.44884
0.32951
-0.40298
0.66265
-0.1044
-0.46588
0.8532
-0.25527
0.90227
-0.66813
1.0058
0.44622
-1.0868
0.9577
-1.0247
1.1455
0.65019
0.56453
0.59245
1.0408
-0.85675
-0.79848
0.86202
0.36437
-0.78392
-0.96611
-0.90567
-0.00427
0.40845
0.059527
-0.7764
-0.97031
1.037
-0.92944
0.50012
-0.95629
0.85948
-0.67627
-0.86866
1.0852
-0.70737
-0.36206
0.23632
0.50907
-0.48504
0.46336
0.47608
0.21461
0.94914
-0.038597
-0.94791
-0.73265
-0.053511
-0.49524
0.085525
1.0281
1.0987
0.64107
-1.0265
-0.024913
-0.95582
1.1397
-0.78517
-0.022399
-0.84311
0.96172
1.0209
0.074583
0.85638
0.66667
-0.59341
1.0907
-0.99773
0.32115
0.48993
0.16607
-0.89994
-0.65675
-1.0098
-0.76113
-1.0335
-0.4302
-0.48968
-0.69223
0.90812
0.96915
0.027205
-1.026
0.96254
0.16613
-0.0888
-0.31168
-0.62262
-0.65669
0.22238
-0.53386
0.11184
0.33876
0.72946
-0.70798
-0.46161
-0.40093
0.69927
-0.23804
0.91858
0.55102
-1.0138
-0.95264
0.1234
-0.42743
0.47075
0.91716
0.21668
0.99514
0.82482
0.65064
-0.32293
-0.28119
-0.42796
1.1569
-0.77505
-1.1445
-0.05209
0.10915
-1.1215
-0.30271
0.70699
-1.0064
-0.87664
-0.78241
0.72389
0.025139
-0.95708
0.65473
0.78222
0.77207
-1.1105
0.99823
-0.62325
-0.46275
-0.83052
-0.11593
0.16891
-1.0716
-0.49379
-0.33906
0.79065
0.75197
-0.82654
0.98253
0.14497
-0.61906
0.89727
0.67294
0.21239
-1.0644
0.29961
0.61925
0.90318
-0.98981
0.26366
0.11667
0.54912
0.35862
0.50988
0.89589
-0.87206
0.34629
-0.34185
-0.21535
-1.1594
-0.32972
-0.45711
0.45626
0.18946
-0.75519
0.5199
-0.54957
0.96996
0.89517
-0.97621
0.86127
0.40313
-0.37516
0.26894
-0.52305
-0.95152
0.3119
-0.79895
0.86505
-0.0049036
0.83154
1.1288
0.74051
-0.82693
0.83374
-0.53641
0.033288
-0.35678
-0.73702
0.77626
0.7431
1.0053
-0.086169
0.8772
-1.1333
0.59026
-0.59506
0.79737
0.99867
-1.0387
1.1589
0.026186
-0.78404
0.99121
-0.099639
0.99382
-0.18627
0.65514
0.91127
1.0107
-0.41944
-0.19041
0.77285
0.30153
0.81226
-0.57055
1.042
0.67763
0.98822
-0.8174
1.0064
0.86889
-0.36657
-0.48145
0.936
-0.047836
0.55691
0.4498
-0.93009
-0.41884
-0.39598
0.97335
-0.89403
-1.0249
-0.081915
0.65921
1.0687
-0.26507
-1.0159
0.89605
0.258
-0.56044
-0.13732
-0.95504
0.73165
-0.57381
-0.31527
-0.36254
0.58012
-0.91945
0.40193
0.91088
0.79638
0.13604
-0.99035
-1.0951
-0.17576
0.033573
-0.61284
-0.45727
-0.057775
-0.89241
0.9811
-0.75475
-0.89745
0.86923
0.27419
0.90404
-0.15629
-0.90726
1.0697
-0.46324
0.83641
0.86532
0.1203
-1.0085
0.42022
0.59753
0.64628
-0.3325
1.0124
-0.89766
-1.0942
0.14404
0.25683
0.92762
0.6905
-0.23682
0.63118
0.9456
0.90363
-0.338
0.83508
-1.052
0.84186
0.10979
0.87737
0.70479
-0.46405
-0.19008
0.84806
0.83815
-0.12899
0.42496
-0.53883
-0.79075
1.0299
-0.15138
1.022
-0.21088
-0.17644
-0.37157
-0.41029
1.1373
1.1397
0.063997
-0.97248
1.0207
0.36048
0.48756
-0.89618
-0.92143
-0.62703
0.90508
0.47725
0.67088
-1.0446
0.97538
0.38023
0.98886
-1.1116
-0.54013
-0.93701
-0.5527
-0.42749
-0.88307
0.91781
-0.47382
-0.28746
-0.87647
-1.0044
-0.4103
0.60238
-0.21835
-0.60557
0.19812
0.0339
0.049436
1.0928
-0.37063
-0.1815
0.19666
0.27101
0.65541
-0.12304
1.1964
0.25464
0.59063
-0.99388
1.0022
-0.60186
0.49149
0.13968
-1.3359
-1.0429
-0.52752
-0.37953
-0.78431
0.86216
-0.84384
0.68913
-0.15614
0.75411
-0.52877
-0.46378
0.88047
-0.2088
0.49028
0.87551
1.1208
-0.93055
0.49024
-1.0529
-1.1013
0.89094
-1.0501
0.917
-0.90929
0.48522
0.74449
-0.8637
-0.29692
-0.27054
0.066359
0.74147
-0.88243
0.54227
-0.25151
-0.73525
-0.28634
0.65073
0.36844
-0.37785
0.75779
1.0209
0.48993
0.069963
0.92406
0.31801
0.98603
0.74396
-0.79233
0.42329
0.25846
0.44632
0.88968
0.075673
-0.13187
0.61734
-1.1111
0.81639
-0.41945
0.93704
-0.16481
-0.69999
1.1341
-0.99554
-1.0164
-0.96109
0.58365
0.92088
1.0272
-0.66863
0.8402
-0.19074
-0.20075
0.90193
-0.75165
0.90176
-0.46377
-1.0998
-0.32167
0.027193
1.0873
1.0402
1.0829
0.43187
-0.91929
1.0653
-0.045428
0.027073
-0.81294
0.2325
0.77597
-0.79403
-0.64456
-0.47634
0.85007
-0.81191
0.91342
-0.055363
0.86357
1.0658
-1.1243
-0.926
-0.45524
-0.066608
0.01296
0.35136
-0.49553
0.35534
0.042163
-0.2087
-0.98472
0.98099
0.88709
-0.42247
0.052389
0.52456
-0.84022
0.75593
1.1678
-0.92983
0.32854
0.95996
0.92745
0.55342
-0.17058
-1.0212
-0.43668
0.6464
1.0355
0.93984
-1.1526
-0.3195
-0.29093
-0.97848
0.86562
0.48402
0.068059
-0.13807
0.49612
0.094842
-0.074934
1.0431
0.17298
0.61881
0.46256
-0.83763
-0.49096
0.035311
0.4343
1.1961
-0.33275
0.52647
-0.66659
0.71051
-1.0082
-0.80799
1.089
0.33563
-0.85742
-0.73558
-0.13055
0.7725
-1.0512
0.52573
-1.1145
-0.68331
0.87864
1.0459
0.85044
-0.93955
0.21912
0.78084
0.078484
-0.79159
0.92368
0.76098
-0.88769
0.038773
0.83733
0.61292
-0.19355
-0.68072
-0.37174
-0.51417
-0.65767
0.46532
0.97015
0.93675
0.58916
-0.52899
-0.88945
0.0030534
-0.57406
-0.88053
0.93597
0.48597
-0.24727
0.44244
0.6978
0.80695
-0.55944
0.11224
-0.98502
1.0275
1.0367
-0.78494
0.54707
0.77092
-1.1224
0.42627
0.1758
-0.8047
-0.74177
0.37689
0.96785
0.28116
-0.92633
0.62235
0.2792
-0.42424
1.0005
-0.19355
-1.0103
0.9301
1.0649
0.85945
-0.88043
-0.94571
0.84072
-0.95642
0.65736
-0.4456
0.067716
-0.67683
0.90899
0.95222
-0.51057
-1.0208
1.1429
-0.26193
-0.59561
-0.38381
0.18795
1.0456
0.71515
-0.83845
1.0412
-0.94966
0.030122
0.94325
-0.67522
0.87035
-0.67349
0.068
0.85857
0.8356
0.68208
-0.52199
0.33258
0.2664
0.10028
1.0738
0.84977
0.28824
-0.34846
-1.0482
-0.34894
-0.1327
1.0547
0.68121
-0.91634
0.14148
0.15877
-0.86421
-0.92186
-0.2185
-0.53549
-0.019467
-0.34174
-0.091197
-0.019437
-0.67734
-0.79173
-1.0212
0.20831
-0.92142
-0.69328
1.1853
0.60483
-0.13344
-0.63829
-0.34035
-0.8554
-0.85834
0.75635
-0.6412
-0.65755
0.375
-0.95814
-0.69524
-0.088256
-0.68781
-0.98182
0.039246
1.1345
0.058657
1.0522
-0.077326
-0.30114
-0.61014
-0.15713
-0.95009
-0.46945
-0.83706
-0.021666
-0.025162
-0.91286
-0.88472
0.39697
-0.3426
-0.74216
-0.30068
-0.3734
-0.24845
0.85411
-0.82318
0.91247
-0.94958
0.87383
-0.78549
0.72273
-0.041484
0.070329
-0.035305
-0.91118
0.1719
0.69111
-0.80196
-0.021714
-0.9361
0.8899
0.61536
0.11698
1.1087
-0.085643
0.42346
0.12045
0.6162
0.83956
-1.039
-0.97901
0.27145
-0.77428
0.0059091
0.42845
0.10195
1.0274
-0.87795
-0.20649
-0.91666
-0.28388
0.036452
0.15109
1.0203
0.83304
-0.59233
0.8569
0.25779
-0.56103
0.040898
0.25963
0.4513
-0.25413
-0.90508
0.68434
-1.0227
1.0138
-0.65335
0.74494
0.17671
0.68032
-0.74442
-0.067406
0.44341
0.91194
0.88291
-0.42284
0.91831
-0.63975
0.37706
-0.55086
0.37634
-0.15478
-0.93312
0.69739
-0.28897
-0.17998
0.077054
-0.16618
0.99362
-0.23739
-1.0533
-1.061
1.1721
1.0436
-1.0206
-0.73324
-0.94687
0.28893
1.0215
0.77545
0.54662
0.51798
0.8909
-0.17855
-0.95876
-0.45712
-1.0715
0.70004
-0.23932
0.86244
-0.83264
0.93442
-0.40542
-0.88259
0.63769
0.90669
0.78326
-0.017172
1.1802
0.28047
0.33868
-0.47011
0.65121
-0.85038
-0.5059
0.92966
0.98688
-0.21289
-0.4105
-1.1039
-0.97964
-0.99127
-1.1062
0.047211
-0.14536
-0.76719
0.99337
-0.53023
0.94415
-0.39792
0.30073
-0.77867
-0.5637
-0.32158
0.30566
0.51483
0.80193
-0.85398
0.88461
-0.68861
-0.98326
-0.93623
0.8395
0.094079
-0.55516
-0.766
-0.060517
-1.2061
-0.90239
-1.0438
0.68973
0.8309
0.85167
-0.72303
-0.78854
0.39154
0.39742
-0.8288
-0.63873
-0.19999
0.21811
-0.39105
0.78239
-1.0276
-0.56439
-0.36672
-0.93269
0.72889
0.86099
0.22709
0.13767
-0.30257
1.1134
-0.95075
0.45948
-0.73495
0.60684
-0.45866
0.59835
0.50112
-0.37431
-0.41241
0.48585
0.38529
-0.66839
0.93719
-0.30251
-0.56982
-0.019294
1.0608
-0.67757
0.27435
-0.76107
0.94669
0.6371
-0.36602
0.53493
0.50113
0.88518
-0.45414
0.058687
0.61674
-0.52406
-0.94868
0.27624
0.82701
-1.0166
0.74248
0.87672
0.82132
-0.012285
0.86603
1.0891
-0.87934
-0.52811
0.79082
0.90213
1.0359
0.37663
0.20227
-0.85101
0.48424
-0.072546
-0.91697
0.79296
0.96206
0.19932
-1.0755
-0.81268
0.79279
0.70294
-0.64095
1.1488
0.89656
-0.46131
0.22761
0.82961
-0.21989
1.0105
0.97775
-0.94305
-1.0325
0.91723
0.11727
1.0831
0.79418
0.80722
-0.87038
-0.84148
-0.37803
0.51235
0.55659
-0.98882
-0.90172
1.0611
-0.14354
0.80376
-0.22455
0.022375
-0.93149
0.24096
-0.75646
-0.07446
-0.85136
-0.15013
1.124
0.38157
-0.42767
0.54032
0.10554
-0.81499
0.84771
-0.99484
0.53472
-0.26675
0.66775
0.4145
0.69729
-0.71438
0.37952
-0.90058
-0.87029
-0.31903
-0.66232
0.21421
-0.74314
-0.89304
0.45041
0.45825
0.34258
-0.035492
0.41515
0.65332
0.88587
0.85774
-1.0456
-0.86055
-0.24916
-0.29901
1.019
-0.88706
-0.39831
0.23634
0.88511
-0.98425
1.1155
0.14096
-0.62674
-0.1451
0.69325
0.97509
-0.96201
-0.9132
-0.93179
0.83309
-0.91956
0.92951
0.81606
0.99966
-0.62549
-0.13854
-0.63206
0.93361
0.9539
-0.91333
-0.66855
-0.69058
0.59965
0.81588
-0.95016
0.034033
0.52116
-0.75767
0.60269
0.4219
-0.56203
-0.90478
-0.81123
-1.1355
0.32387
-0.27757
-0.2203
-0.25653
0.60537
-0.87711
-0.2083
-0.81371
0.62751
-0.47447
-0.22249
0.60134
0.72592
0.084026
-0.97063
0.77972
0.893
0.93001
-1.019
0.13252
-0.89779
-0.51716
-0.95809
0.61248
-0.64838
-0.63899
0.69326
-0.095958
-0.52741
0.58479
0.94888
-0.7655
-0.65858
0.52793
0.10168
-0.014711
0.88614
-0.23681
-0.36966
-0.365
-0.93153
0.1782
0.0069737
-0.78565
-0.81407
-0.99181
-1.1181
1.0247
-1.0966
0.64683
-0.24941
-0.49869
-0.77672
-0.94366
0.46874
0.11237
0.31646
-0.63637
0.76576
0.11461
-0.50758
0.64496
-0.72164
0.68806
0.81952
-0.11834
0.20712
-0.53721
0.90669
0.089901
-0.10135
-1.0148
1.1424
0.87093
0.92271
-0.5387
-0.3633
0.76736
0.33364
0.23994
-1.0249
0.80177
-0.89588
-0.63728
0.91991
-0.044596
1.1249
-0.16792
-0.139
0.77754
0.97877
0.54658
-1.0696
0.52446
0.59478
-1.0529
0.20472
0.48004
-0.059313
1.0296
1.0491
0.72816
0.99978
0.54717
-1.077
-0.82894
-0.96829
-0.79602
1.0505
-0.47363
-0.5184
-0.80623
-0.11903
0.25259
-1.0601
0.60332
-0.96352
-0.6374
-0.2793
0.54382
-0.63111
0.89066
-0.57179
-0.80317
0.80884
0.39535
0.89173
0.19244
-1.0479
0.41263
0.88208
0.79936
-0.72858
-0.88459
-1.1028
0.39061
-0.098015
-0.79906
-0.14275
-0.90751
0.19945
0.87274
-0.98561
0.93379
-1.0789
1.0752
-0.82516
-0.28123
0.17188
-0.99072
0.76557
0.89575
-0.15543
0.87449
0.74059
0.016714
-0.13689
-0.87064
-0.91359
0.79146
0.034299
0.40787
1.1219
0.78815
0.40196
0.98603
1.0495
-0.20394
0.21906
0.72816
0.46441
-0.52222
-0.091441
0.19851
0.23409
0.57773
-0.045726
0.27387
-1.0073
-0.81765
-0.84309
0.91045
-0.84577
-0.15823
0.86368
0.88394
0.89597
0.41711
0.01429
-0.27229
0.42584
0.84891
0.55999
-0.50662
-0.39187
-0.23096
0.61968
-0.03335
0.87617
-0.79793
0.1948
-0.64278
-1.0214
1.1238
0.71491
-0.91715
-0.58325
-0.87061
0.74182
-0.085354
-0.89256
0.69192
0.96193
0.59898
-0.55672
0.98708
-0.91544
0.36651
1.035
-0.98463
-0.95249
-0.11609
-0.92315
0.77151
-0.38215
-0.38439
-1.0144
-0.097153
-0.27784
0.30361
-0.50248
0.57686
0.27182
0.51249
-0.85319
0.50983
0.42075
-1.0199
-0.79887
0.9136
0.091291
0.82108
0.78694
-0.90503
-0.93304
-0.64184
-0.504
-0.91885
-0.81828
-0.72693
-0.71406
-1.0127
-0.98434
1.0465
-0.15844
-0.70264
0.89745
0.98029
-0.12706
0.00562
-1.0884
-1.0997
-0.38119
0.87257
-0.93103
0.58154
0.85698
0.44442
-1.0465
-0.88275
-0.16752
-0.52763
0.96349
-0.036031
-0.47492
-1.1052
0.13301
-0.17258
-0.020237
-0.68245
-0.025449
1.1266
0.44206
0.82823
-0.41121
0.92115
0.70963
-0.98393
-0.98929
0.0035222
-0.072039
0.22641
0.24954
-0.46068
0.37581
-0.19331
-0.13478
-0.78698
0.63821
-0.060097
-0.70838
-0.61674
0.77068
-0.28182
-0.93091
-1.1107
-0.055088
-0.30121
0.34769
0.034649
-0.023526
-0.15144
0.53042
0.82653
-0.20968
1.0636
1.0779
-0.56105
-0.26055
-0.7344
-0.75429
-0.78292
0.64543
0.79041
0.72247
-0.71501
0.89871
-0.11781
-0.62096
-0.84544
0.11203
-0.68425
-0.19656
-0.12455
-0.13578
-0.80447
-1.1104
-0.84471
-0.51712
-0.75757
-0.52391
0.20381
0.41857
-0.29718
0.90256
-0.26408
-0.4992
0.75707
0.94831
0.20017
-0.79505
0.98715
-0.70846
0.094265
-0.15235
-0.91185
0.47185
0.21297
-0.32062
0.45854
-0.51086
0.86027
-0.77407
-0.78245
-0.35669
0.57779
0.37831
-0.70585
-0.52359
-0.9048
0.63425
-0.36876
0.40603
0.51237
-1.0131
1.0224
-0.87953
0.039239
-0.68808
-1.0441
1.0571
0.058124
-0.11441
0.54351
-1.0016
0.47526
-0.75844
0.26778
-0.41805
-0.96577
-0.54907
-0.82393
-0.072686
-0.81118
0.32861
0.94958
0.20161
0.76083
-0.031728
-0.56103
0.85671
-0.16854
0.53893
0.4925
-0.41276
0.82668
0.18067
-0.85396
-0.1986
1.0068
0.64947
0.82384
1.1096
-0.10068
-0.41843
0.77988
0.30447
0.81695
-0.90129
0.75033
-0.41394
0.55143
0.61344
-0.010301
-0.38692
-0.84704
-0.20593
0.84854
-1.0851
-0.023916
-0.094038
-0.69716
1.1026
0.2642
-1.1207
-0.10973
0.75871
-0.9376
-1.0669
0.63915
-1.0497
0.51157
0.92293
0.70672
-0.89836
0.88862
-0.47644
0.6212
0.89556
-0.18946
-0.6172
-0.88623
-0.67052
-0.47181
-0.68351
0.97965
0.35494
-0.34104
0.70156
0.01637
0.91902
-0.589
-1.0584
-0.48593
0.47989
0.37902
1.0633
0.092503
-0.99768
0.40254
0.13958
-0.86901
0.73436
-1.0927
0.32038
0.55065
0.57753
-0.78522
-0.57353
0.99978
-0.61874
-0.61651
-0.71325
-0.90827
0.6776
0.16089
0.89328
0.54459
-0.71519
0.16759
-0.103
1.2187
-0.0016362
0.99086
-0.86216
0.51741
0.69466
0.60846
-0.43201
-0.89279
-0.97577
-0.85379
0.46017
0.80774
-0.15005
-1.0524
-0.70298
0.017539
-0.44733
0.84388
0.49771
0.69215
-0.28841
0.78386
1.0068
0.57075
-0.30539
-0.74819
0.20247
0.60035
-0.92324
-0.59059
-0.68023
1.0491
-1.1184
-0.6327
0.40812
-0.46243
-0.89737
0.89941
0.94276
0.40008
0.76728
0.62834
-0.55003
-0.94876
0.74832
-1.0557
0.93895
0.015171
-0.30581
-0.51593
-0.89554
-0.40558
1.0084
-1.0083
-0.81173
0.73051
0.70362
-0.11539
0.85584
-1.0003
0.97637
-0.64248
0.0589
-0.19818
0.94842
-0.96737
-0.52318
-0.39941
1.1435
0.97421
-0.07966
-0.94942
0.89124
-0.8105
0.97062
-0.31896
-0.76354
1.214
-0.53899
-0.86817
-0.36206
-0.2846
-1.0396
0.93096
1.0912
0.32725
-0.5889
0.14019
1.0116
-0.77094
-0.60506
0.062036
-0.68181
-1.0364
-0.6933
0.87843
0.37242
0.79649
0.54984
0.56295
0.60506
-0.46102
-0.70362
0.25671
0.84611
-0.79467
0.75105
-0.88042
0.28402
0.1804
0.053638
-0.69929
1.037
0.16286
0.58598
-0.76726
0.38456
-0.30201
0.65717
0.56107
-0.94753
-0.56707
-1.0352
0.62182
-0.97214
0.45951
1.0004
-0.25398
1.0377
0.88424
1.0154
-1.0041
-0.64665
0.54899
0.73794
0.74294
0.60918
-0.59864
1.0339
0.62211
0.16406
-0.23681
-0.028441
-0.68105
0.62009
-1.1588
-0.66308
-0.2946
0.091214
0.32141
0.74081
-0.49436
0.94519
-0.87991
0.5907
0.81274
-0.3581
0.5108
-0.37246
0.88612
-0.59917
-0.97169
-0.44921
0.84159
-0.25899
0.3796
-0.98697
-0.87892
-1.0888
0.030773
-0.97241
-0.071395
0.63469
-0.025682
-0.42111
0.95066
-0.20223
-0.89645
-1.0016
-0.30759
-0.76906
-0.14154
-0.82502
-0.8598
0.645
1.0173
-0.90192
-0.98512
-0.84946
-0.78302
-0.1527
-0.13037
0.56194
-0.14783
0.90211
0.018768
0.21283
1.0095
-0.2589
-0.786
0.54976
-0.7482
0.51637
0.60516
-0.97699
-0.92639
-0.37175
-0.49319
-0.23319
0.46016
-0.43614
-0.70148
-0.014393
-0.78772
-0.72784
0.266
-0.2069
0.42982
1.0174
-0.38974
0.32786
-0.92737
0.44574
0.26995
0.53948
-0.94688
-0.1091
0.91865
-0.86382
-0.85396
0.10399
1.1531
0.71411
0.49148
-0.94796
0.40638
1.0249
0.96812
-0.77695
-0.838
-0.94851
-0.56577
0.97937
0.2083
-0.7443
-0.55605
-0.50956
-0.028693
0.94917
-1.1635
-0.27863
0.23608
-1.0585
0.39011
-0.29709
-0.28559
0.3026
-0.31535
-0.22748
-0.76288
0.010307
0.70997
-0.63703
-0.78164
0.84205
0.45259
-0.40129
0.062032
1.0047
0.33293
-0.72491
0.21685
0.92987
-0.87679
0.099799
0.80076
0.092516
-1.1532
-0.97363
-0.5488
0.94327
-0.30685
-0.90732
-0.54421
0.83186
-0.76366
0.059325
-0.60861
-0.12825
-0.74263
-0.016094
-0.48966
-0.86729
0.69251
-0.19685
0.63823
0.12462
-0.80058
-0.29865
0.83279
0.50046
0.44142
-0.12767
-0.78368
0.18304
0.17971
-0.57129
1.0454
0.34693
0.86535
-0.08729
0.88902
-0.7735
1.0319
-0.97919
-0.37681
-0.68503
0.21475
0.64267
-0.51245
0.25908
0.1252
0.85277
-0.49811
0.54643
0.24707
0.87139
0.78035
0.33546
0.67847
-0.80334
0.30526
-0.19429
-0.063114
0.95769
-0.67377
-0.98214
-0.025826
-0.25553
0.89642
-0.85907
-0.64303
0.23668
0.69824
-0.93317
0.044845
-0.8577
-0.11226
0.4381
-0.89502
0.82639
1.049
0.21994
0.54276
-0.30675
0.80565
0.0058917
-0.79579
0.61297
1.0265
-0.78845
0.10504
0.75034
0.37792
-0.37402
1.1196
-0.35936
1.0253
0.91798
-1.0153
-0.5826
0.057118
0.6273
0.16253
0.44748
1.0226
-0.76551
-0.93117
-1.0171
0.9217
-0.49381
-1.051
0.46629
0.80809
0.59967
-0.57646
-0.44643
-0.48729
1.0494
0.54658
0.61993
-0.77906
0.57835
-0.91276
1.0312
0.80358
0.88358
0.18215
-0.79349
0.74326
-0.25175
-0.038453
-0.75178
0.77423
-0.26542
-0.17175
0.94074
-0.85646
-0.54294
-0.56984
-0.44848
0.69137
-0.32047
0.12529
-0.79297
1.0764
-0.80795
-0.26391
1.0161
0.33299
-0.24796
-0.96902
0.25026
0.61854
-0.10057
-0.30883
-0.41367
-0.89352
-0.50928
0.71826
-0.76489
-0.87492
-0.12643
0.95243
-0.94626
-0.68251
1.0288
0.9343
0.12666
1.0262
-0.65995
1.1172
0.71816
0.13511
-0.681
1.0112
0.11516
-0.6436
-0.40335
0.18364
0.98588
-0.52151
0.10367
-0.067332
-0.61006
0.63206
-0.023245
0.80619
0.30176
-0.68246
-1.1199
0.41471
-0.91545
1.0213
0.94829
-0.11569
0.44907
-0.29332
1.0134
0.65152
0.27941
-0.8124
-0.88905
0.40232
0.77066
0.34689
-0.91245
0.58616
-0.19997
-0.4004
-1.1347
0.66933
-0.65002
-0.86895
-0.00040005
0.024297
0.64273
0.49885
-0.42481
0.17055
-0.50253
-0.21739
-1.0465
1.008
-0.60775
-1.0858
0.2683
-0.23603
-0.48182
-0.22744
0.6215
0.42265
-0.71423
-0.091198
0.2715
-0.57953
-1.0198
-0.72928
-0.42673
0.51947
0.86431
-0.47632
0.16046
-1.126
0.90091
0.80493
-0.63789
-0.86543
0.57743
-1.001
-0.78057
-0.95193
0.58098
0.71259
0.52642
-0.78595
0.84747
0.44881
0.81729
0.59091
-0.38474
0.042974
0.21635
-0.98231
0.1692
0.72693
1.0378
-0.25201
0.23763
-0.77403
-0.22586
0.97453
1.1546
-0.94594
0.099813
-0.84861
-0.027963
0.0097941
0.23987
-0.92698
0.12665
-0.038187
0.57163
-0.68527
0.54843
-0.41965
1.0535
0.95766
-0.88308
-0.96988
0.69048
-0.80994
-0.85212
0.99576
-0.20393
0.54766
-0.13353
-0.13824
0.34022
-0.70504
-0.092926
-0.79193
0.60392
-0.17868
-0.36828
0.9269
-0.82979
0.38285
-0.54268
0.75602
0.32825
-0.94565
0.36759
0.88114
0.039947
1.0816
-0.38025
-0.85673
0.84819
-0.11889
1.0946
0.27114
0.95488
-0.87972
-0.0056817
-0.678
0.15304
-0.094601
-1.1073
0.84122
-0.93489
-0.48553
0.05142
-0.25949
0.055078
-0.45889
-0.27798
0.65967
-0.5879
1.1186
0.26919
-0.84305
-0.42391
0.90705
0.88435
0.39421
-0.73298
0.10426
0.75688
-0.95094
-0.24869
0.020419
0.67144
-0.43566
-0.29965
0.41455
0.62419
-0.30336
-0.46113
-0.62471
-0.84734
-1.0893
-0.25496
0.6721
-0.54499
-1.1275
1.038
-0.91301
0.7938
0.44724
0.15361
-0.94596
0.97278
-0.8494
-1.1554
-0.38334
-0.76128
0.77388
-0.85536
0.87706
-1.0365
-0.87939
0.84104
0.3141
0.82026
-0.38074
1.0574
-0.21493
1.0124
-0.56507
0.075113
0.48916
-1.0239
1.2074
-0.49718
0.086481
-0.43808
0.045178
0.82684
0.58677
0.87893
-0.80071
0.82778
0.75809
-0.35949
0.16872
0.4845
0.81676
-0.5592
-0.69032
-0.91933
0.50234
0.66698
-0.37259
0.93981
-0.25639
-1.0571
0.60944
0.91973
0.91653
-0.53199
-0.6888
-0.62171
0.869
0.48991
0.48126
-0.55615
0.71144
0.8197
-0.39131
-0.46754
-0.15125
-0.97386
1.0167
-0.021495
-0.86173
0.94864
0.35105
-0.25326
-0.89458
0.63187
-0.75626
-0.50733
0.174
-0.11065
0.41731
0.70891
-0.029159
-0.0021991
-0.6331
-0.1929
-0.80502
0.91801
0.11748
0.51986
-1.0159
1.0355
0.49006
-0.37306
-0.57499
-0.66588
1.0649
0.84493
1.0962
0.87057
-0.75925
-0.6471
-0.40806
0.88071
0.60139
0.90079
0.083969
0.56865
0.82853
-0.82268
-0.48412
-0.10608
-0.84389
1.0022
0.59383
-0.47112
0.83198
0.90721
-1.0174
-0.70952
-0.72714
0.32031
-0.70944
-0.41884
0.050436
0.2617
-1.0051
0.54694
-0.34368
0.69683
0.84772
0.73984
0.83447
-0.97006
0.42877
0.15176
0.1366
0.4206
0.91743
0.22724
-0.042735
-0.63504
-0.98624
0.14268
0.47356
-0.85768
0.1963
-0.96967
-1.2126
-0.88243
-0.88617
0.24969
-0.47945
0.023041
-0.69505
0.062567
0.27312
-0.63822
-1.1137
0.24127
-0.00087909
-0.79847
0.073458
-0.29039
0.95083
0.92661
0.012627
0.53044
0.69585
0.50125
-0.35624
-0.91435
-0.48927
0.25344
0.43152
-1.0525
0.84436
0.95893
1.0086
-0.86903
-0.5442
-0.8086
-0.87767
0.55599
-0.75937
-0.6484
-0.97284
0.61799
-0.015621
0.60076
0.57815
0.65693
1.2183
-0.54702
0.95128
-1.0209
0.50674
0.3372
0.34222
-0.71255
-1.2261
0.93324
0.67549
-0.089194
-0.19103
-1.0905
0.57242
0.80904
0.4375
-0.037029
0.43736
-0.62201
0.56546
-1.0297
-0.38156
-0.581
-0.94896
-0.19052
-0.49505
-0.28317
0.30944
0.73812
-0.22815
-0.80232
0.86094
0.11825
-0.66356
0.12324
0.64901
0.67128
0.12346
0.039652
0.84807
-0.48331
-0.94347
-0.83913
-0.6137
0.55472
0.22532
-1.0453
-0.59425
0.35856
-0.12099
-0.36905
0.95683
0.4875
0.42782
0.20465
-0.8204
0.79324
-0.72996
1.002
-0.94063
0.076229
-0.991
0.95214
-0.06602
-0.032111
-0.6175
-0.80191
-0.64433
-0.53706
0.24076
-0.79894
1.0593
0.92199
-0.87308
-0.44091
0.025646
0.35482
1.0027
0.73852
-1.0359
-0.53805
0.17924
-0.064953
0.90436
-0.4295
0.76707
0.89965
-0.52712
-0.56836
-0.39993
0.54524
-0.98477
-0.43242
-0.8395
0.37271
0.71875
0.36921
0.25711
0.89903
-0.67628
0.51009
0.72228
-0.69683
0.49003
0.4638
0.65014
1.0379
-0.60524
0.51855
-0.83773
0.21083
0.070011
0.88342
-0.70473
-0.79302
0.60422
0.72988
0.52334
0.03855
0.92889
0.65325
-1.0233
-0.58156
-0.52838
-0.024708
-0.88675
0.83399
0.97576
-1.0763
0.93749
0.89011
-1.1883
-0.46322
-0.87082
0.35482
-0.63437
0.96353
-0.90913
-0.96659
0.83082
-0.86025
1.0435
-0.43998
0.1121
-0.4133
-0.75738
-0.33193
-0.046295
-0.12097
0.95962
-0.31626
-0.12256
-0.56628
0.85152
0.7245
1.0767
-0.51442
0.4203
1.0578
0.41858
0.11559
-0.23725
0.71572
0.22119
-0.58733
-0.82008
0.28403
0.022779
0.80086
-0.20747
-0.21502
0.15803
-0.79908
0.1356
-0.25974
0.052359
-1.1054
0.035781
-0.011993
0.2074
0.60469
0.73421
-0.76864
0.88832
0.65145
0.49539
-1.0909
-0.25566
0.78357
-1.1783
-0.98045
-0.95565
-0.48278
-0.24273
0.3234
-0.32655
-0.5776
-0.33015
-0.074399
0.96484
0.9036
-1.0004
-0.66865
0.80932
0.81704
-0.81519
-0.9238
0.76418
-0.3286
0.92691
0.46352
-0.98458
0.78713
0.82393
-0.91925
-0.9361
-0.34505
0.56934
-0.35982
0.086881
0.22497
-0.6864
-1.0243
-0.60695
0.16431
-0.3973
-0.36162
-0.030233
-0.96758
0.78207
-0.64631
0.17102
-0.8513
0.86695
1.0303
-0.13936
0.89456
-0.97646
0.35642
0.48983
-0.57098
-0.89115
0.99688
0.17554
-1.0195
-0.87931
0.84627
-0.78519
-0.93674
0.11962
0.69831
-0.97142
-0.39989
0.91981
-0.62522
-0.949
-0.82682
0.59015
0.96181
0.50018
0.22536
0.47393
-0.86241
-0.16258
-0.19333
-0.26531
-0.41602
0.42195
0.04109
-0.83124
-0.94879
-0.91831
0.68816
0.69346
0.94385
0.048898
-0.75967
-0.097106
-0.91051
-0.87525
1.0921
0.91494
-0.067641
-0.3235
0.82042
-0.69402
0.73635
0.2625
-0.5318
1.0302
-0.49273
-0.85256
0.41445
0.073741
-0.17871
0.10259
-0.79222
0.49927
-0.60703
-0.38741
0.88378
-0.24641
-0.38805
-0.26348
-0.28113
-0.47798
-0.72
0.87508
-0.00076722
-0.9649
-0.51872
-0.080906
-0.70998
-0.63718
-0.1019
0.075206
-1.0417
0.37996
0.20999
0.39245
0.014884
0.7879
-0.16209
0.63489
1.0295
-0.85857
0.33809
-0.39463
0.49419
0.40642
-0.081942
-1.1078
0.21357
-0.65582
-0.84155
0.42723
0.84047
0.38767
0.60209
0.2346
-0.14123
0.96213
-0.67699
-1.0389
-0.23456
-1.0356
0.68203
-0.58799
0.77476
-0.52906
-0.23197
-0.2072
0.90014
0.57292
-0.9395
-0.96502
0.96752
-0.012573
-0.24337
0.44919
1.0745
0.2817
-0.72225
-0.69119
-0.97283
-0.88286
-0.99079
-0.90303
-0.46484
-0.4029
1.0493
-0.9258
0.37021
-0.60689
0.85225
-0.20706
-0.62994
-0.88425
-0.62365
0.3251
0.72973
1.0601
-0.88066
-0.51261
0.21465
-0.83824
-0.89861
0.26804
0.12134
-0.54059
0.6573
-0.85489
-0.24496
-0.87835
0.80994
0.9182
-0.64057
-0.94057
0.58664
-0.83894
-0.83801
0.88679
-0.44155
-0.82942
-0.97472
-0.90358
0.86982
0.084078
0.45784
-0.34223
-0.88812
-0.15146
0.81575
-0.39999
0.040721
-0.72843
0.45991
0.10497
-0.9626
0.69196
-0.60875
-0.35722
0.68805
-0.95707
0.61632
-0.0779
0.60062
-0.72252
0.38818
0.58628
0.27098
0.5871
-0.035579
0.50664
-0.14779
0.86037
-0.49328
0.85813
0.85722
0.10603
-0.78096
-0.39289
0.59566
-0.9901
0.31992
0.51279
-0.84396
0.44151
-0.97019
-0.92043
0.51821
1.1162
0.90585
0.29406
0.94908
0.24536
-0.51907
1.093
-0.091164
0.84472
-0.3435
0.901
0.22918
-0.94278
-0.59751
0.0070383
-0.7983
-0.42006
1.0102
0.49128
0.53641
-0.88265
-1.025
0.77406
0.14751
0.86333
0.27955
-0.94277
0.17597
1.0187
-0.87066
-0.020188
0.36627
-0.57582
0.85601
0.047409
-0.44981
-0.71366
0.13543
-0.32272
0.94541
0.65728
-1.0662
0.33754
0.84227
-0.71791
0.16809
-0.003306
-0.099676
0.97541
-0.026975
0.093209
-0.012593
0.48147
-1.079
0.17565
0.96197
-0.39187
-0.79171
-0.8094
0.86598
1.0961
0.99432
0.7401
0.29956
-0.0079756
-0.91723
0.86065
-0.32305
0.94045
-0.17429
0.39535
-0.45926
-0.97897
0.88099
-0.14143
-0.71872
0.1398
0.72504
0.23523
-1.0912
0.0090769
-0.66463
1.1327
-0.50104
0.61436
-0.98727
-0.39807
-0.6792
1.0078
-0.25585
-0.91158
-0.7878
-0.82495
-0.26686
-0.063575
0.82028
-0.15312
-0.58815
-0.98478
-0.89134
-1.0272
0.56297
-0.84627
0.43513
0.77379
-0.8367
0.91906
-0.89753
0.94667
0.90158
0.65375
0.78684
-0.43214
0.041737
-0.95108
0.36892
-0.71933
-0.72853
-0.91934
0.3533
-0.095352
1.0464
-0.021996
0.73033
-1.0127
1.0312
0.72903
-0.62555
0.6622
0.57936
-0.77412
0.65904
0.27103
0.72866
0.65412
-0.99912
-0.40227
0.96634
0.91607
-0.2729
0.86684
0.47858
-0.81673
0.91937
-1.1377
0.87443
0.67329
0.90087
0.47119
-0.91956
-0.66612
-0.89984
-0.99271
0.62649
-0.37512
-0.52897
0.45294
-0.75386
0.53024
0.72901
-0.86621
-0.92251
0.44473
-0.74959
0.23378
-0.77011
1.1092
-1.0375
0.55475
-0.024086
0.88034
1.1638
-0.94848
1.1742
0.97778
-0.70416
-0.87993
0.7729
-0.64777
-0.29043
0.64332
-1.0466
-0.16781
-0.024314
0.89215
-0.56128
-0.4821
-0.53442
0.87829
-0.74592
0.93297
0.90635
-0.15378
-0.81762
-0.21844
0.66114
0.42744
-0.53086
0.21671
0.14324
0.6521
0.065267
-0.4285
0.7293
-0.35251
1.0656
-0.99297
0.27857
0.5535
-0.27482
1.0492
-0.3374
1.0577
0.73902
-0.5274
0.34327
0.29063
0.5868
-0.3799
-0.90449
-0.12533
-1.1196
-0.99844
-0.79713
-0.045935
-0.9246
-0.33474
-0.11847
-0.85113
0.51932
0.39083
-0.084183
-0.76547
-0.39992
-0.92347
-0.32666
0.57197
0.93526
-1.1438
0.12926
0.60148
-0.54713
-0.96573
0.51552
-0.43562
-0.045808
-0.2015
-0.44775
0.097763
-0.46229
0.72672
0.76628
0.85
-0.58901
0.60031
-0.59703
1.1514
0.84105
-0.6339
0.22118
-0.21917
-1.0181
-0.76061
-0.98533
-0.44744
-0.90966
0.28463
1.0434
0.92643
-1.0154
0.40054
-0.29829
-1.0172
0.96707
0.48735
0.21369
0.2665
0.97675
-0.66722
0.018618
-0.5514
0.88795
0.18909
-0.02289
0.98381
-1.2917
0.84456
-0.82725
0.44504
0.034682
1.0526
-0.35303
0.26025
-0.95006
0.17858
0.53275
0.81421
0.30778
1.0534
0.94453
-0.27292
-0.56137
0.42836
-0.75748
-0.16035
0.87889
-0.99245
-0.75828
0.64118
-0.89609
1.113
0.94641
-0.84522
0.072441
-0.82735
0.14166
-0.91939
0.57106
-0.72197
1.0396
0.1289
0.52488
1.082
0.79524
-0.78144
0.97427
-0.63232
-0.001163
-0.019115
0.13069
-0.7494
0.85154
1.0107
-0.40002
-0.52944
-1.0325
0.079429
-1.1005
-0.99665
-0.9289
0.88483
-0.74247
0.56975
-0.80658
-0.35025
0.11097
-1.1777
-0.58737
-0.85392
-0.95747
0.9963
0.21076
-0.99391
0.075263
-1.0057
-0.99869
-0.94448
-0.11738
-0.38538
0.14239
-0.89973
-0.17037
0.53958
-0.84877
0.36155
-0.052244
-0.65104
-0.092897
-0.3017
0.55602
0.70285
-0.27638
0.88093
-0.73024
0.28192
-0.30335
-0.91154
-0.67193
-0.44959
-0.57067
0.90915
0.69402
1.0711
0.68202
0.79078
0.90504
-0.16257
0.048481
0.29929
0.62635
-0.65378
0.82942
0.2724
-0.32606
-0.53545
0.76307
-0.88402
-0.94573
-0.51365
0.97084
-0.75912
0.55063
0.4463
-0.89295
0.48007
-0.084463
0.75392
-0.064188
-0.36815
0.73517
0.92903
0.50943
-0.70994
-1.3365
0.93362
-0.36431
-1.0398
-0.092875
-0.60543
0.9259
0.13772
0.78222
-0.61975
-0.69462
-0.13296
-0.86029
0.31467
-0.95866
-0.79539
-0.75785
0.46935
0.47993
-0.75421
-0.99851
-0.43212
-0.73526
0.63726
-1.0334
-0.98199
-0.97356
0.35265
-0.29215
-0.53304
0.87186
-0.5119
-1.0425
0.49575
-0.80971
-1.041
-0.27906
-0.57546
0.082239
-0.81807
-0.91583
-0.60036
0.41921
-0.92959
-0.011018
-0.78842
-0.73911
1.1878
-0.29758
0.94725
0.81089
0.85935
-0.2632
0.78211
-0.92853
-0.14971
1.0102
-0.25407
0.704
-0.12175
-0.47431
-0.46679
-0.47639
-1.1155
0.25579
0.012487
1.1752
0.95088
0.68213
0.58544
1.0931
-0.75496
0.87412
0.53908
0.62181
-0.77219
-1.154
-0.31397
0.4837
-0.49312
-0.49871
0.89707
-0.58854
-0.50865
0.36186
0.15663
-0.26182
-0.94917
-0.31164
-0.061081
-0.61162
0.80281
0.88595
0.9932
-1.0386
0.89769
-0.095543
0.88544
-0.52595
-0.88714
0.96631
0.086346
-0.25908
0.66886
0.43333
-0.57535
-0.25176
-0.65227
0.42229
-0.36281
0.13014
0.92248
0.71924
0.63533
0.88243
0.28545
0.020728
-0.33595
0.76554
0.084828
-0.93334
-0.46934
0.52694
-0.47737
-0.54916
-0.3598
-0.98139
-0.58938
-0.71627
-0.088742
0.80988
0.85801
0.79123
0.80895
-0.42443
-0.67255
1.1148
0.063014
0.74044
-0.46507
-0.91742
0.66475
-0.4115
0.85313
-0.025183
-1.1088
-1.0614
0.43815
0.42307
-0.49683
-0.99651
-0.90099
-0.20385
-0.31477
-0.9957
0.56605
-0.47885
-0.29447
0.98697
-0.3977
-0.082113
-0.74942
-0.9316
0.61475
-0.35762
-0.38449
-0.011513
-0.45209
1.0596
0.70839
0.80802
0.88129
0.36388
0.92431
-0.47861
-1.063
0.069315
0.33788
-0.40432
-0.17071
0.77254
0.37304
-0.58346
-0.38747
0.7561
-0.86546
0.36201
-0.82055
-0.78607
0.86743
-1.0353
-0.69598
-0.74894
-0.030981
0.77634
-0.41034
-0.26768
0.6178
-0.82617
0.68372
0.21956
-0.52369
0.77416
-0.6365
-0.95648
-0.1947
-0.76387
1.091
0.67425
-0.64363
1.0172
0.64619
0.78118
0.96629
-0.23753
-0.75559
-0.87114
1.0903
-0.7119
0.91932
-0.89956
0.039197
-0.71974
0.80011
-0.52628
-0.89664
-0.59304
-0.47124
-0.62366
0.31494
-0.93339
0.30487
0.88354
0.71384
1.1066
0.22723
0.5903
1.0586
-0.59397
-1.0349
-0.59953
0.29365
-0.8548
0.51963
0.31326
0.82102
-0.78344
0.17213
-0.19753
-0.12412
-0.82767
0.99167
-0.89829
0.70487
0.68218
-0.45448
-0.64067
-0.67454
0.92257
-0.93267
0.66842
0.35141
0.26375
-0.092942
-0.069923
-1.104
0.21131
0.5366
0.87247
-0.51386
-0.93374
0.59901
0.92697
0.57376
-0.015146
-0.82464
-0.29421
0.24964
-0.35486
-0.71873
-0.41424
0.32968
1.132
-0.9058
-0.612
0.98043
0.55573
0.57167
0.62743
-0.34486
1.0544
-0.10254
-0.87066
0.23763
0.82141
0.07622
0.98178
-0.86231
0.99415
-0.74685
0.37931
-0.26047
0.62744
0.03144
-0.48465
-0.4333
0.54841
-0.21981
0.64405
-0.2062
-0.25594
0.08534
0.17441
0.90843
0.13468
-0.12267
0.42337
-1.0576
0.53763
0.0037406
0.54143
1.1366
0.92535
-0.42813
-0.35857
-0.65549
0.71005
-0.74448
-0.63438
0.78414
-0.62898
-0.42819
0.58336
0.023182
0.38639
0.019271
0.25078
0.13472
0.67202
0.014761
0.55282
-0.17392
0.74416
-0.77296
-0.14512
-0.18649
-0.83685
0.48689
-0.29993
-0.73893
-0.78358
-0.06635
-0.46915
0.54753
-0.78732
-0.91347
-0.1822
-0.66605
-0.49006
-0.93079
1.0684
-1.0536
0.85921
0.0015409
0.44627
0.41718
0.9445
-0.9798
0.17712
-0.98041
0.63846
0.48953
-0.38995
-0.40682
0.82886
0.69883
0.96448
-0.85734
-0.82904
-0.89245
0.18559
-0.71826
-0.59854
-0.45975
0.24238
0.21581
-0.77964
-1.1305
-0.80606
0.64676
-1.0116
0.39796
-1.0999
0.85252
0.8004
-1.1377
0.59884
0.65869
-0.94271
0.051447
0.75075
0.85947
0.81028
-0.40589
-0.91892
-0.3382
0.98537
-1.1012
0.38162
0.63994
0.62882
0.87875
-0.81855
-0.71925
-0.41101
-0.86608
-0.63694
0.75089
0.16167
0.79151
-0.73067
-0.22381
-0.57499
0.6158
0.2538
0.9055
0.72139
-0.39687
0.041716
0.82261
-0.023244
0.16457
0.35783
-0.79585
-0.94703
-0.52238
1.0226
0.92313
0.31108
0.91506
-0.061561
0.86875
-0.2214
0.93167
0.6936
-0.54671
0.67861
0.33741
0.98873
0.96822
-0.73463
1.1154
-0.030529
0.97124
1.0725
-0.40264
0.79626
-0.43774
-0.91118
0.043663
-0.76511
0.82162
0.09843
1.0178
0.57979
-0.71564
0.72808
-0.94414
-0.0092468
0.78311
-0.91165
-0.35095
-0.83312
-0.67419
-0.90603
0.55738
-0.1311
1.2145
0.83371
0.64714
-0.45141
0.86107
0.53059
-0.96736
-0.11732
-0.017958
0.2029
0.85896
-0.25467
-0.61182
-0.29763
0.60826
-0.97124
-1.0373
-0.98645
1.0237
-0.16983
0.042002
-1.1359
-0.38427
0.93164
-0.10839
-0.65198
-0.3838
-0.013475
0.18911
-0.29819
-0.11561
0.91953
-0.83667
0.93471
-0.65711
0.42165
-0.39845
-0.60939
-0.90458
-1.0865
0.18206
-0.34584
0.064732
-0.1467
-0.71324
0.24688
0.36515
0.16715
0.9779
-0.88039
-0.99457
-0.28091
0.50857
-0.87288
-0.020078
-0.60986
0.092119
0.30506
0.61861
0.12891
-0.45455
0.082894
0.39152
-0.87352
0.45607
0.51219
0.34954
-0.75523
-1.082
-0.96241
0.12272
-0.84085
-0.011872
0.84007
0.17823
0.88203
0.60756
-0.52371
-0.68618
-0.13229
-0.49744
0.77964
0.7555
0.48112
0.54796
0.50489
0.6409
-0.14757
0.95242
-0.78528
0.97548
0.48858
-0.11506
0.05378
-0.10574
0.57537
0.64715
0.71092
1.0604
0.5523
1.0085
0.56439
0.47911
0.79572
-0.048869
0.14497
0.73703
-0.49377
0.28818
0.24392
-0.94799
0.73739
-0.67965
0.40157
-1.1587
0.20245
-0.38725
0.78798
-0.88642
0.19399
0.76444
-0.90897
-0.83124
0.99583
-0.67943
-0.8957
-0.64766
0.21361
0.70561
-0.9116
0.28048
-0.35498
1.0258
-0.65983
-0.90773
-0.1746
0.70056
-0.48079
-1.0299
-0.99006
0.56958
0.010174
0.04919
0.27161
-0.70022
-0.61778
-1.1262
0.84118
-0.44162
-0.023868
-0.34663
0.13521
-1.0619
-0.23052
-0.49087
0.0895
-0.95008
0.75524
0.23594
-0.7064
-1.1387
0.67167
-0.19957
-0.87191
0.85303
0.39867
0.96545
0.49898
-0.27947
-0.12236
-0.24181
-0.66487
0.7191
-0.1178
-1.1463
-0.18542
1.0057
1.0536
-0.99658
-0.97289
0.26656
0.84658
-0.77233
-0.95288
0.33574
-0.65974
-0.81097
0.76285
0.86785
1.0605
-0.35305
-0.12207
0.80659
0.21391
-0.96708
-0.34275
0.28706
-0.77328
-1.1313
-0.03114
-0.23739
-0.4294
1.0004
0.59612
0.85461
0.87756
0.027065
0.90966
-1.1442
-0.59461
-0.9958
-0.81528
-0.14765
-0.61333
0.94404
-0.94941
0.070518
-0.78046
0.79528
0.31987
0.44948
0.93711
-1.0552
-0.36327
-0.11652
0.38033
-1.0352
-0.42525
1.074
0.046085
0.095324
0.45012
0.038312
-0.74393
-0.40097
0.9587
0.80969
0.91956
0.57887
0.93202
0.83045
0.32061
0.57434
0.84289
1.0072
0.055372
-0.90349
0.22094
0.32983
-0.79414
0.95738
-0.75954
-0.75864
0.74146
0.68304
0.39174
-0.34442
0.9497
0.86334
-0.97914
0.72143
0.45104
0.54489
0.28886
0.59791
0.81918
0.093234
-1.1521
0.7428
-0.65197
-0.69386
1.0647
-0.10544
-0.84144
-0.60721
0.45371
1.0199
-0.99929
0.98959
0.2757
0.53197
-0.53349
-0.49204
-1.0082
0.79732
-0.82288
-0.91972
-1.1237
0.097004
0.45645
-0.8244
0.72536
-1.2381
-0.38184
0.36956
-1.0396
0.063487
-0.95363
0.7482
-0.27022
-0.9078
-0.15897
0.045404
-0.90019
-0.88668
-0.27427
0.70858
-0.92542
-0.6535
0.72123
0.78099
0.78216
0.97677
0.32197
-0.24953
-0.55385
-0.95759
-0.61726
-0.26169
-0.53686
-0.94126
0.82197
-0.56844
-0.15556
0.82629
-0.24499
0.98462
-0.0021721
0.6567
-1.0009
0.20464
0.66576
0.016217
0.68706
0.97921
-0.14677
-0.87981
-0.49362
0.85378
-0.15589
-0.81575
0.77659
-0.52574
-0.57067
-0.40619
-0.64878
-0.38378
-1.1527
-0.56786
0.43452
0.50267
-0.27333
-0.22274
-0.93937
1.1
0.75318
-0.53349
0.7391
-0.67324
-0.6812
-0.74323
-0.70823
-0.34003
-0.9059
-0.51471
-0.094827
1.1203
-0.86923
0.76419
-0.86726
0.9056
-0.90287
-0.95432
1.1311
-0.73485
-0.017779
-0.64691
0.8774
-0.11606
-0.99682
-0.91088
-0.32507
-1.014
0.69538
-0.37701
0.63589
0.89548
0.78513
-0.72554
-0.23834
-0.66427
0.90827
-0.92414
-0.45263
-0.30266
-0.71137
0.026445
0.30325
-0.76386
-0.17633
0.087851
-1.0415
-0.15095
-0.45588
0.50786
0.20287
1.0378
0.08891
0.11656
-0.55603
0.66667
0.94386
-0.5496
-0.98239
0.21683
0.98322
-0.83725
0.1952
0.46234
-0.54188
0.5248
0.88444
1.0498
-0.20761
0.1618
0.99832
-1.0414
0.8255
-0.16987
-0.85387
1.0365
-0.045781
-0.7873
-0.23468
0.86768
0.93466
0.20919
-0.21276
0.98298
0.97581
-0.85793
-0.27956
0.79769
-0.43372
0.38409
0.93903
0.6415
0.83698
-0.39377
-0.2516
0.34157
-0.891
0.40302
0.090701
-0.083238
1.0797
0.81793
0.59913
0.41475
0.68404
-0.055715
-0.5311
0.038261
-0.55545
-1.0286
0.039655
0.21656
-0.017696
0.06175
0.56496
0.40979
0.97379
1.1401
-0.58382
-0.95784
0.86632
0.3241
-0.1438
0.81436
-0.51993
0.53735
0.63065
0.96189
-0.55672
-0.086886
-0.42781
-0.090309
-0.31065
0.92008
-0.26801
-0.90273
0.84661
0.08193
0.25429
-0.59049
-0.11549
-0.74841
-0.46786
-0.10504
-0.23734
0.34972
0.74962
0.70218
0.11461
0.066772
0.63297
1.0138
1.0788
0.25867
0.2481
0.27186
1.2389
-0.64133
0.78395
0.81313
-0.39085
0.77921
-0.058242
-0.46695
-0.84089
1.0452
0.65473
0.29267
-0.97177
-0.071544
-0.39544
-0.70288
0.92218
-0.70006
0.54927
0.38129
-0.39801
-1.0082
-0.32538
-0.27662
0.89041
0.848
0.10255
-0.628
-1.0151
-0.90441
0.15693
0.67291
-0.38643
0.80063
0.89607
0.70103
1.0349
-0.98738
-0.59465
-1.0911
0.074733
-0.54649
-0.97503
-0.77587
0.0040507
0.82477
0.56326
-0.91876
0.84415
0.59572
0.82226
0.74188
0.25538
0.14642
-0.86512
-0.53279
-0.62216
0.84006
-0.2211
-0.15011
0.14697
0.37337
1.0047
-1.057
0.74629
1.0787
1.0012
-0.76634
0.63198
-0.102
-0.42068
-0.30304
-0.041499
-0.040741
-0.61981
-0.42959
0.8974
0.79252
0.33398
-0.48887
0.9842
-0.73074
-0.76712
-0.77696
-0.30927
0.90765
-0.83945
0.14315
0.89745
0.11499
-0.8747
0.32154
0.56802
-0.79901
-0.99143
-0.33241
0.70916
-0.95599
0.82099
-1.1582
-0.57171
-0.123
0.00031696
0.3585
0.28642
-1.184
0.018913
-0.22374
-0.84635
0.44189
-0.12362
1.015
0.79816
-0.50769
1.0261
-0.31687
0.2804
-0.62817
-0.82562
0.55686
0.90271
-0.46224
0.83874
-0.50879
0.077191
1.0372
1.0521
0.18454
1.0167
0.13304
-0.23242
-0.11333
0.31533
0.81486
0.79432
-0.97843
-0.23646
1.037
-0.94234
0.9094
-0.86553
-0.61736
-0.75049
0.9514
-0.3802
-0.98293
0.26945
0.58759
-0.64732
0.47396
0.31841
0.8029
-0.46014
0.98308
-0.64664
-0.65175
-0.39978
-0.64967
0.27554
-0.60835
0.90709
0.53473
0.34179
0.93739
-0.87462
-0.16152
0.1387
-0.84852
-0.67062
1.0035
-0.16883
-1.1003
-0.10466
-0.84697
-0.6917
0.4058
0.93269
0.46943
0.53839
-0.90503
-0.69756
0.32054
0.34569
0.9591
-0.19985
-0.87704
-0.922
-0.031017
0.89322
-0.55366
0.96473
0.82589
-0.97922
-1.189
-0.69248
0.54326
-0.28126
-0.31536
0.88752
-0.83098
-0.72825
0.76589
0.96819
0.99073
-0.0377
-0.074091
-0.78554
-0.86283
0.984
0.99644
0.87087
0.1567
0.74183
-0.75323
-0.32178
0.087762
0.85346
0.94482
0.70481
1.0989
0.88319
-0.44865
1.0148
0.82776
0.88763
1.0571
0.32381
-0.070918
-0.74975
-0.53053
0.52118
-0.63909
-0.80912
0.78222
0.71722
-0.56889
-0.78351
0.43976
-0.21392
-0.99422
0.08385
-0.03798
0.042569
0.95795
-0.46268
1.1306
0.83113
0.77694
-0.62737
-1.163
0.64701
0.48729
-0.74927
-0.47655
1.1235
0.96615
0.08153
0.85131
0.31634
-0.15603
-0.42017
0.11312
0.35802
-0.43698
0.066076
0.90769
-0.99501
-0.24571
0.045488
0.041397
-0.036964
0.21599
0.051255
-0.090203
-0.81107
-0.95504
0.98072
0.3549
0.84132
0.14087
-1.0344
0.20079
0.75492
0.52218
1.1659
0.66752
0.16741
-0.81777
-1.1195
0.51762
0.1186
-0.42516
-0.90344
0.27456
0.023751
0.37828
-0.66201
0.87948
0.87866
-0.41275
-0.0040955
-0.14825
1.0484
0.29786
-0.10765
0.36437
-0.28449
0.10499
1.14
0.98574
-0.16917
-0.093932
-0.4057
0.91938
0.4271
0.35642
-0.37069
0.78513
1.0489
0.26793
-0.62081
-0.718
-1.0251
-0.67158
-0.88808
0.12669
0.75972
-0.4133
-0.074818
0.18348
-0.66586
0.61877
-0.92209
-0.874
-0.93971
-0.87587
0.78515
-0.70876
0.23793
-0.72116
0.31843
0.5628
-0.64613
-1.0283
0.74944
-0.69712
0.036102
0.56894
-0.39829
-0.46098
0.30878
0.84411
0.89147
0.52331
0.40986
-0.1097
0.15646
-0.17124
1.0119
-0.61508
-0.2469
0.79854
0.2324
-0.95883
0.33107
0.43062
0.60154
0.80812
0.56727
-0.51572
0.85322
-0.94857
0.63181
-0.14025
-1.0866
-0.24808
0.93139
0.8778
-0.19979
0.36146
-1.1507
-0.30942
-0.58069
-1.0831
-0.88993
0.1124
-0.4425
-0.53381
0.90006
0.79719
0.98071
-0.95437
1.0105
0.76916
0.93553
-1.1159
0.85942
-0.5076
-0.3529
0.54063
-0.72671
-0.79523
-0.73017
-0.76799
0.81722
-0.86677
0.98764
-1.0212
-0.84753
0.61589
-0.83896
0.43238
-0.9044
-0.71948
1.0907
0.60862
-0.04473
-0.44926
-0.78367
-0.81643
0.39259
0.50184
-0.90022
0.86419
0.37981
0.90158
0.88333
-0.1031
-0.73655
1.1437
-0.25952
0.25639
0.97606
0.91973
-1.0191
0.92074
0.63347
-0.78027
1.0911
-0.059948
-1.0256
-0.88506
1.0468
0.34763
-1.0286
-0.35027
-0.10873
0.11399
0.90104
0.67972
1.1303
0.99972
0.46335
-0.70381
0.89163
-0.70022
1.0354
-0.2857
-0.6925
0.27219
-0.23736
-0.67516
0.51131
0.83855
-0.93984
-0.23229
-0.71475
-0.79047
0.65814
0.64996
0.29683
0.24001
-0.52185
-0.06381
-0.10659
-0.83481
-0.9074
0.35172
-0.86852
-0.019505
-0.73289
-0.88127
0.28338
-0.89927
0.23065
0.02512
0.58564
-0.60966
0.24482
0.30643
-0.46645
-0.86311
1.0969
-0.02709
-0.4655
0.84352
-0.54587
-0.97444
-0.78415
0.25137
-0.92961
1.0083
-0.2216
-0.93996
-0.15713
0.71713
0.42745
0.66964
0.61929
-0.45506
-1.0195
-1.1428
-0.80317
-1.0266
1.1336
-0.4468
0.86406
-0.42864
0.45972
1.0046
-0.76701
-0.27231
1.2059
-0.60928
1.16
1.0631
-0.88965
-0.49979
-0.36285
0.98406
0.85918
0.81323
-0.74228
-0.7377
-0.79418
0.99118
0.33641
-1.0039
-0.064397
0.76062
0.22581
-0.20046
-0.74399
-0.098978
-1.0848
0.46473
1.0716
-0.78573
-0.98118
0.03083
0.18209
-0.766
0.0038067
0.42688
0.52328
0.91978
0.33104
0.96166
0.21793
-1.0062
1.0475
0.48539
-0.86852
-0.56721
-0.92403
-1.0717
0.24308
-0.41898
-0.9502
0.29493
-0.78574
-0.95426
0.32633
-0.071275
0.87847
-0.85468
-0.76765
0.85584
-0.73372
-0.88298
0.99061
1.106
0.81848
-0.38353
1.1005
-0.048464
0.95755
0.28008
-0.91964
-0.31289
-0.85542
0.51656
-0.063826
-0.88428
0.52924
1.2429
0.32602
-0.2439
0.39074
0.74609
0.091012
0.19641
0.12737
0.33766
0.89733
0.094111
0.58221
-0.80214
0.6501
-0.67832
0.66163
-1.0071
-0.93617
-0.69977
1.0836
0.72214
0.68254
1.1507
-0.17065
0.80296
0.31021
-0.85277
-1.0437
-0.20499
0.49215
-1.0775
0.42279
-0.41917
0.97816
-0.14966
-0.78458
-0.6006
0.75362
0.69559
0.74034
-0.46415
-0.6346
0.91225
0.90424
0.070388
0.9031
-0.93149
-0.89474
-1.0714
0.88345
-0.82695
-0.53849
0.99012
-1.0196
1.0373
0.81091
0.6211
0.98421
0.57058
0.57675
0.88713
-0.12169
0.85937
0.12146
-0.67962
0.70846
0.48794
-0.9803
0.25463
0.37342
0.47219
-0.84778
-0.88609
0.085554
-0.78348
0.41576
-0.54943
-0.23244
-0.2439
-1.0142
0.062145
1.0483
0.55694
-1.056
-0.74111
-0.97653
-0.74381
0.4443
0.88609
0.025643
0.12008
-0.2123
0.91251
0.79937
0.88104
-0.036462
1.0209
1.1026
-1.0409
-1.0576
-1.179
0.49058
0.92705
-1.0703
-0.33602
0.29159
-0.84445
-0.34347
-0.22907
0.57012
-0.038354
0.78807
-0.30277
1.1521
0.075012
0.6339
-0.23262
0.9188
0.90794
-0.37095
0.97882
-0.27078
-0.98608
-0.17989
1.1193
-1.0066
-0.26563
-0.47081
1.1008
-0.79092
-0.9302
0.17724
-0.10734
0.071083
0.25118
-0.97221
1.0781
-0.24744
0.43421
0.82875
0.23011
-0.8946
-0.79028
0.34993
-0.3392
-0.70451
0.55661
-0.70834
0.74635
0.6563
-0.36296
-0.27013
-0.80955
-0.9126
1.0842
1.0704
-0.75455
0.48006
0.64833
0.85781
-0.64764
-0.48906
-1.0295
-0.67399
0.37341
-0.62853
-0.37128
0.8515
1.2143
-0.37318
0.95186
0.50796
0.98682
-0.75223
0.62946
-0.35419
0.34183
-1.1334
-1.0712
0.9039
-0.28298
0.8383
0.68279
0.58717
0.047227
0.5992
-0.044481
-0.6446
0.44778
0.67755
-0.42072
0.95613
0.37363
-0.88313
0.85961
0.4297
0.16756
-0.54543
0.46061
0.011942
-0.70755
-0.069362
1.0347
0.81609
-0.066007
-0.94242
1.0387
-0.89449
-0.89178
-0.80527
-0.57566
-0.44722
-0.32061
-1.126
0.85833
-0.74635
-0.55688
0.74446
-0.33935
-1.1071
-0.93379
-1.1174
-0.78131
-0.72853
-0.47242
-0.61208
0.4401
0.9408
0.15755
-0.28278
0.51454
0.82905
-0.93685
0.6444
0.4423
-0.69334
0.3882
0.24537
0.87816
0.25728
-0.54728
-0.82168
-0.91197
0.99063
0.77218
0.18076
-0.29724
1.119
0.60476
0.6049
-0.64604
-0.50578
-0.95095
-0.7997
-1.0368
-0.80146
0.24456
0.53001
0.70276
0.95105
-0.13413
-0.029335
0.22696
0.71214
-0.6905
0.86156
0.81878
-0.66693
0.74282
0.94057
0.94646
-0.32313
0.84309
-0.29764
-0.82714
-0.25437
-0.91776
-0.20779
0.42461
-1.1075
-0.0014848
-0.8873
-1.0006
-0.25153
-1.0378
0.50609
-0.70948
-1.1693
-0.091375
0.8492
0.033333
-0.25633
0.84101
1.1438
0.93598
-0.28303
-0.3377
-0.7449
1.0513
1.0823
-0.86662
0.88443
-0.69539
-1.1234
-0.13946
1.0933
-0.98879
-0.31077
-0.36092
-0.33658
-1.0015
0.56389
0.53921
-0.34371
-0.89356
0.53862
0.94504
-0.99086
0.27899
-1.0741
-0.62905
1.0239
0.041006
-0.50856
-0.99429
-0.21192
0.88842
-0.77374
-0.79236
-0.5041
0.41643
0.16108
0.82682
1.0902
-0.89473
0.28069
0.083694
0.59658
0.52356
-0.12302
0.82292
-0.90335
-1.0108
-0.092274
-0.85209
-0.10663
1.1081
0.39375
-1.004
-0.46508
0.8599
0.81799
0.54414
-0.89335
0.92427
-0.49718
0.39889
0.036504
-1.0134
-0.18768
1.0759
-0.1249
