0.25014
0.57581
-0.9678
-0.79131
-0.93397
-0.85494
-0.97602
1.0718
-0.86858
0.58076
-0.23255
-0.53746
0.55078
0.83003
-0.90523
-0.64176
-1.0167
0.3672
0.85291
-0.24392
0.16679
-0.84165
-0.22016
0.4996
0.3703
1.0481
-0.76693
0.43968
-0.067761
-0.49779
1.0565
-0.88249
0.34054
0.18418
1.0801
-0.054538
-0.55728
-1.0077
-0.17478
0.050717
0.21862
0.94414
0.27202
-0.025744
0.72363
1.0352
0.3376
0.75434
-0.64834
0.96531
1.0342
-0.94962
-0.55196
-0.073499
-0.84696
0.79808
-1.0623
-0.22914
0.37262
1.0131
-0.57409
-0.86353
-0.76164
1.1314
-0.11288
-0.54769
-0.43368
0.70083
0.90136
-0.6941
0.81901
1.0623
1.0756
-0.00066481
0.90134
-0.73368
0.39623
-0.52165
0.63657
-0.58624
-1.0495
1.0129
0.29529
0.50341
-0.84909
0.13759
-0.11029
-1.0404
-0.76484
0.14822
-0.38419
-0.27741
0.7038
-0.75181
-0.82409
0.315
-0.77947
0.23572
0.6231
0.59208
0.90424
0.85204
0.63551
0.84091
0.94648
-0.60148
-0.43397
-0.33351
0.31163
1.0418
-0.55754
-0.93351
-0.9371
1.097
-0.11039
0.86155
-1.0921
1.0798
0.80078
0.099965
0.94037
0.083306
-0.47074
0.18061
0.27494
0.51244
-0.29466
-0.97921
-0.98633
0.92404
-0.98112
0.62518
-0.97212
-0.60796
-0.96819
0.13722
0.13717
0.01672
-0.8357
0.89866
0.43326
-0.85616
-0.89355
0.40678
-0.059551
-1.0935
-0.60861
0.64423
-0.33279
-1.0363
0.20382
0.48435
0.69679
-0.27374
-0.30834
0.42903
-0.89878
-0.92286
0.75427
0.11806
-0.66194
-0.4144
0.88051
-0.84913
-0.9295
0.90485
0.26877
0.39328
-0.80092
0.61375
0.92636
-0.045365
-0.46489
-0.61701
-1.0377
0.35259
0.8464
-0.61559
0.73452
-0.8243
-0.47817
-0.79169
0.56433
0.94167
-1.1269
0.22076
0.89138
0.29185
1.0811
0.97186
0.71223
-0.71935
0.4686
-0.79594
-0.65473
0.88717
-1.0093
0.81326
-0.33206
0.46493
-0.25587
0.61788
-0.18364
-0.6728
-0.78803
0.96493
0.71943
0.7121
0.36901
-0.22556
-0.55834
0.42699
-1.0459
0.7198
0.065498
-1.0556
0.055253
0.67705
0.51618
-0.35767
-0.082604
-0.16654
-0.535
-0.11326
0.49245
-0.75259
-0.31894
-0.14965
0.89847
-0.31135
0.43875
0.88978
0.040154
0.041533
0.54153
0.88663
0.89077
0.67034
0.95751
0.142
-0.6432
0.80087
-0.90766
-0.86682
0.36469
-0.33186
-0.27638
0.59258
-0.11405
-0.93768
0.58736
0.40586
0.56127
-0.24055
0.38395
1.0416
-0.21617
-0.60256
-0.91184
0.73654
-0.80584
-0.79476
0.9994
-0.55952
0.4338
-1.063
0.9422
-0.27851
0.36835
-0.17363
-0.49997
1.0995
-1.0828
-1.0805
0.13617
-0.83564
-0.55411
0.18019
-0.15054
-0.93014
0.092133
0.12408
-0.76696
-0.73418
-0.65222
-0.88686
0.036239
-0.87181
0.92341
0.93501
-0.77559
0.30916
0.48127
-1.1328
-0.85319
-1.1346
-0.30093
0.93973
0.8491
-0.76785
0.39961
0.97686
1.0782
-0.6448
-0.14262
-0.28805
0.91256
0.14853
0.83531
-0.64286
-0.44356
-0.70747
-0.21104
0.0095928
0.0020931
-0.76317
0.020766
-0.11511
-0.2762
-1.1092
-0.67781
-1.0722
0.75844
-0.57886
0.23279
-0.97337
-0.2957
-0.77829
-0.15526
-0.77918
0.044544
0.18019
-0.85899
-0.43211
-0.54699
-0.48812
1.1574
-0.80766
0.04502
-0.13776
-1.1768
0.91136
-1.0732
1.0594
0.11048
-1.1378
0.7317
0.80543
0.46879
1.1201
0.67324
0.48147
0.04467
0.42487
-0.68376
-1.0339
0.1854
0.15821
-1.1067
0.83887
-0.45398
-0.93825
-0.29044
0.18256
-0.57847
-0.94995
-0.17505
-0.64099
-0.71449
-0.20833
-1.0935
0.9714
-0.099076
-0.74627
0.090266
-0.94108
0.43212
-0.4812
-0.92623
-0.83442
-0.11855
0.78684
-0.85704
0.13487
-0.16629
-0.013835
-0.70507
-0.08808
0.94236
-0.73584
0.92512
0.66546
1.0804
0.85301
0.81551
0.99868
-0.32433
-0.33958
-0.1615
0.79839
-0.096875
-1.0389
-1.0841
-0.11713
0.59094
-0.25708
-0.6899
-0.76032
-0.40452
-0.25828
0.222
0.49268
-0.97544
-0.70514
0.96484
-0.66693
-0.3723
1.17
-0.54772
0.17391
-0.28041
-0.87662
0.54232
0.96977
-0.8315
1.0382
-0.52447
-0.71015
-0.14266
0.94979
0.94037
-0.13759
0.27301
-1.1363
-0.50707
-0.86981
0.0082564
-0.62932
0.82484
0.30153
0.84734
-0.81073
-0.094019
-0.19968
0.58048
0.94062
-0.30686
-0.013435
0.95842
-1.2282
-0.90855
-0.98208
0.24783
-0.2438
-0.72569
-0.26131
-0.26741
-0.43796
0.70877
0.019775
-0.31211
0.69148
0.55072
0.75012
-0.60736
0.019149
0.32572
0.030459
-0.87082
-0.71058
-1.0458
-0.40552
-0.91163
0.87649
0.87178
-1.1807
-0.59918
0.21107
0.12623
0.69091
0.48746
-1.0105
0.49186
0.38515
-0.22173
-0.65798
0.90481
-0.95496
-0.36316
-1.0017
0.26651
-0.79872
-0.79764
-0.53088
-0.93273
0.216
0.087099
-0.80549
0.60725
-0.57206
-0.95416
-0.057769
-0.20366
0.19551
0.76033
-0.98471
0.51919
-0.38634
-0.44902
0.19715
-0.31055
-0.54412
-0.41679
-0.89624
0.40464
0.78025
-0.63075
-1.1151
-0.039987
-0.064817
-0.91262
-0.85611
0.80979
0.07038
0.95171
-1.0583
-1.0333
0.2556
-0.87889
-0.25732
-0.90772
-0.14459
0.52251
-0.29757
0.24035
-0.26943
0.83667
0.22371
0.11467
-0.11728
0.29489
0.040691
-0.96182
0.9724
0.85001
-0.94947
0.15466
-0.96202
-0.95909
0.75003
-0.45563
0.070991
0.37422
0.26877
-0.83306
-1.0415
0.95806
0.20304
-1.1716
1.1783
-0.15
0.4314
1.1012
0.12107
-1.053
0.91356
-0.85027
0.90352
0.93843
0.37967
-1.0415
-0.53392
0.20751
0.37926
-0.42384
-0.78525
-0.64572
0.67766
-0.54282
0.72184
-0.2557
-0.51023
1.1466
-0.11785
0.63536
-0.55949
0.13029
-1.019
0.5632
0.17479
0.37425
0.8797
0.91395
0.51613
0.4293
0.71973
0.13687
0.95048
0.88276
0.7978
0.20227
-0.80608
-0.37666
-0.39043
0.064311
-0.39189
-0.11474
-0.83605
-1.0636
-1.018
0.21403
-0.83381
-0.90021
-0.52417
0.6245
0.51408
0.55122
0.83247
0.86321
0.8064
0.33173
0.092471
0.15026
0.85228
0.13923
-0.9664
-0.65291
-0.20149
-0.54915
0.6927
-0.65956
-0.84824
-0.91943
0.91355
-0.57921
0.49947
0.90022
0.8448
0.97968
-0.17011
-0.72186
0.37631
0.4367
-0.087278
0.61432
-0.89821
0.9164
0.90228
-0.83368
0.66475
0.48934
-0.30402
-0.44178
-0.36939
-0.9507
-0.60987
0.93757
-0.42972
0.086496
0.040546
0.80825
0.12991
-0.80503
-1.0739
0.66615
0.54496
-0.51936
0.18336
0.87506
-0.038417
0.48922
-0.11848
0.060145
-0.50626
0.51109
-0.72412
-0.68259
0.081387
0.37396
0.87421
-1.0128
-1.0895
0.84808
-0.13532
0.63479
1.0349
0.55055
-0.20142
-0.0066302
-0.81654
-0.70272
-0.87242
-0.87558
-0.8308
-0.93083
-0.53869
-0.097389
-0.9544
0.21146
0.07329
0.33536
1.0615
0.25929
0.766
0.31263
-0.80143
-0.095583
0.72352
0.87
-0.15727
0.97286
0.30127
0.58149
-1.0646
0.83288
-0.27823
-0.28349
0.82214
-0.92517
-0.10259
-0.8991
-0.67622
-0.083127
-0.68477
0.92012
-0.41125
0.85253
0.26094
0.78682
0.13959
0.29292
-0.81825
-0.63563
-0.82286
0.2603
0.63456
-0.72157
-1.0035
-0.85889
0.9672
1.002
-0.53718
0.63123
0.57925
0.85476
-1.0072
0.35415
0.10352
-0.9506
0.10336
0.172
-0.8592
-0.30719
0.033118
0.4445
-0.24824
-0.70325
0.81508
-0.64744
1.0152
-1.0297
0.85389
-0.97451
-0.5044
1.077
-0.54133
-0.063351
-0.50725
-0.86578
1.0522
-0.067811
0.93695
-0.82647
0.15107
-1.1138
-0.86666
0.1974
1.0952
1.0075
0.90111
0.067067
-0.26634
-0.85329
0.9649
-0.47632
-0.42324
-0.0030471
-0.083265
0.27281
1.0058
1.0683
-0.70804
-0.25777
0.9789
-0.021535
0.19011
0.1011
-0.9668
0.81287
0.019945
0.55834
-0.50982
0.89519
0.2385
0.48033
0.79488
0.31319
-1.0194
0.89926
0.014187
-0.77446
0.30273
-0.67152
-0.5238
0.28049
-0.93722
-0.79646
0.84014
1.0193
-0.46113
0.85799
0.99641
0.43559
-0.72254
-0.010009
-0.90348
0.17092
-0.79554
0.32338
-0.93224
0.11429
0.90292
-0.42853
-0.44016
-0.73182
0.82477
-0.54959
0.80928
-1.0707
0.89803
0.072016
-0.28146
-1.0249
0.88953
0.14659
-0.95335
-0.17484
0.46628
0.86254
-0.49628
0.87904
0.050095
0.87462
0.36695
0.44755
0.96528
-0.29817
0.80732
0.39452
0.99707
0.39364
0.20196
0.60322
0.61425
-0.38118
-0.98434
0.42143
-0.31202
0.80785
0.26989
1.158
-0.75944
0.32867
0.59235
0.86494
-0.12367
-0.91048
-0.78283
0.87956
0.77843
0.67044
0.76848
0.037741
-0.13631
0.69563
0.56073
-0.83868
0.59696
-1.0251
0.62358
-0.77171
-0.42883
0.53583
0.46219
-0.23328
-0.52802
0.076545
0.51802
-0.92236
0.2472
-0.52967
0.35663
-1.0157
0.91107
-1.0393
0.41059
-1.1135
-0.98088
-0.44409
-0.78096
-0.18465
0.94984
1.0197
-0.44309
-0.52087
0.4699
0.98833
0.62568
-0.8448
1.0639
-0.40899
-0.90145
-0.75575
-0.39581
0.10451
-0.67019
0.69204
0.48003
0.8249
0.66868
0.49875
0.079462
-0.20072
0.40245
0.68563
-0.83837
-0.49847
1.0154
-0.18684
0.91061
-0.58099
0.23424
1.1078
-0.76119
-0.85725
-0.84448
-0.42434
-1.0296
0.10841
1.0061
-0.24344
0.56285
-0.83965
1.0326
0.35776
0.29534
-0.5736
-0.71015
0.34086
0.80045
0.65132
1.033
0.3678
-1.0138
-0.27954
0.63063
0.98726
0.45807
-0.038879
-1.2229
-1.0762
-0.50438
-0.61892
-0.33557
-0.42445
0.8617
-0.62987
0.24493
-1.1468
-0.71163
0.43046
-0.69402
0.95322
-0.12056
-0.9359
-0.94395
0.87182
0.076889
0.033722
-0.51279
0.12659
0.71642
-0.87761
0.74267
-0.92409
-1.0341
0.54284
-0.65336
-1.0496
0.92879
0.26073
-0.46387
0.98756
-0.47152
-0.84185
0.56997
0.81875
-0.77132
-0.22955
-0.38876
0.87659
-0.13254
0.20373
0.97864
-0.59051
0.34371
0.98222
1.0479
-1.0629
0.61471
-0.14457
-0.7745
-0.85779
-0.24005
0.50226
1.0025
0.78053
0.52432
0.95158
0.84972
-0.31815
-0.21227
0.89279
-0.63765
0.42243
1.0325
-0.16916
1.0316
0.41031
0.95535
-0.73493
-1.108
0.7835
0.50061
0.4111
0.74899
-0.20339
-0.33899
1.0545
-0.29154
0.60617
0.40198
0.52284
0.18641
-0.88066
0.012757
0.27032
-0.7786
0.85189
-1.0521
-1.0392
0.93902
-0.93941
0.67739
0.90714
-0.0064624
0.57682
-0.61951
-1.1868
-0.91861
-0.67235
0.012393
0.41457
-0.94987
0.012626
0.25614
0.50655
-0.76893
-0.067031
-0.049114
-0.9275
-0.41632
-0.13436
-0.44974
-0.88841
0.61629
-0.40786
-0.3444
0.20047
-0.8425
0.018848
0.7929
-0.4772
0.83188
-0.73137
0.16666
-0.49217
0.70378
0.033629
0.84379
0.96925
0.98915
0.27575
-0.86928
-0.15896
-0.89041
0.71568
0.10851
0.46533
0.29868
-0.8136
0.86584
0.11424
-0.32417
-0.96797
0.36231
-1.075
0.95562
0.27957
0.15691
0.46023
-0.4739
0.80609
-1.0642
-0.11245
0.3122
0.58351
0.93817
0.23121
-0.84059
-0.81055
0.79381
0.80469
-0.24549
-0.24966
1.1978
0.22906
-1.017
0.32559
0.34387
-0.54218
-0.070778
0.9616
0.31036
-0.55037
-0.52754
-0.36302
0.98566
-0.052195
-0.12201
-0.91136
0.01971
-0.92351
0.87925
-0.87979
-0.82022
0.12246
-0.76695
-0.57589
-0.19441
0.78999
-0.14148
0.76555
0.10261
1.0109
1.071
1.0457
-0.32419
-0.51482
-0.49497
-0.73803
-0.79447
0.86054
0.56408
0.79596
-0.45536
0.012519
0.56446
-0.85716
-0.45844
-0.88009
-0.017788
-0.28767
-0.70982
0.86736
0.52584
-0.88605
0.92379
0.5944
-0.19681
0.31495
0.27248
-0.012243
-1.1656
0.70679
0.36524
0.55416
0.10809
-0.90608
0.16021
-0.51406
0.71517
-0.24991
0.92429
0.72962
0.55114
-0.95136
-1.1996
-0.55051
-0.79892
-0.80913
1.0808
-0.27563
0.067316
-0.41411
1.0983
-0.42014
0.20718
0.49198
0.3223
0.71747
-0.10324
0.87465
-0.075807
0.33867
-0.91921
-0.79572
0.0057695
0.97999
1.2069
-0.010966
-0.23312
0.0045235
0.92629
-0.85084
0.79043
0.32373
0.97827
-0.50916
0.60323
-0.48926
-0.13149
-0.48223
-0.70419
-0.935
0.9241
0.52023
-0.40275
0.37111
0.82929
-0.17851
-0.77332
0.058267
-0.26653
-0.12015
-0.49505
-0.60224
-0.91797
0.82826
-0.025596
0.30216
0.60562
1.1511
0.41748
-0.055942
0.04441
-0.13046
-1.0485
-0.6516
0.98505
0.34439
-0.25264
-1.0544
0.49914
-0.35768
-0.95045
1.1651
-0.13635
-0.95153
-0.62337
0.84572
-0.3931
0.92142
0.62898
-0.8925
0.9398
-1.1231
0.026646
-0.95114
-0.855
0.21466
-0.58584
-0.95031
-0.12855
0.26639
-0.83601
-0.52675
-0.76914
0.67276
0.82959
1.0739
0.54916
-0.8194
-0.73858
-0.80381
0.85562
-0.77405
0.89944
0.3699
-0.94125
0.80586
0.66752
0.88504
0.96383
0.77389
-0.87694
0.31865
0.078926
-1.1228
0.58255
0.47288
0.8054
-0.11412
0.66012
-0.72204
-0.73334
0.84911
-0.91616
-0.0074437
-1.0377
0.92136
0.97832
0.5607
-0.64042
-1.0226
-0.6677
0.59945
-0.27093
-0.68019
0.6581
1.1323
-1.0352
0.095834
-1.0876
-0.65404
0.98741
0.8888
0.68685
-0.4492
-1.0033
0.48808
-0.54183
0.94337
0.8595
-0.50156
-0.96826
-0.15947
-0.9275
0.16061
0.36564
0.5279
-0.78407
0.8936
0.81404
0.61704
0.60991
0.83476
0.89275
-1.0696
-0.31863
0.15055
-0.34146
1.29
-0.98962
0.66141
0.70118
0.27248
-0.77176
0.17656
0.71905
0.80431
0.61053
-0.28372
-0.95509
0.51138
-0.087627
0.91035
0.74826
0.33631
0.45417
-0.88819
-0.30694
0.4548
0.89487
-0.50156
0.622
-0.89167
-0.56394
-0.044593
-0.30522
-0.088596
0.97846
0.97153
0.8552
0.19324
0.61848
0.90213
0.49429
-0.42334
-0.019569
0.55705
0.9645
-1.0577
0.054889
-1.083
0.87199
-1.0846
0.86345
-0.45632
0.84471
-0.60183
-0.50158
1.0169
-0.92527
0.49199
0.53404
0.53879
0.021448
0.16814
-0.61703
0.59632
-0.50744
0.87088
-0.95859
-0.78862
0.88819
0.27642
0.96105
0.52559
0.88616
-0.22563
-0.93736
-1.0931
0.65024
0.72231
0.9681
1.0089
-0.80145
-0.97774
-0.48125
1.0004
0.6423
-0.73622
0.9526
-0.80946
-1.0095
0.7684
0.46321
-0.7588
0.80298
0.50077
0.92547
0.71108
-0.11314
0.28488
0.74785
-0.76839
-0.46454
0.81555
-0.84828
0.91789
0.78
-0.94608
0.22278
0.017144
-0.58068
0.55371
0.8091
0.7937
-1.1168
0.48959
0.35443
0.9139
0.96991
-0.094196
-0.9473
0.34724
1.0207
0.91814
0.96707
-0.83157
-0.080355
-0.081099
0.75117
0.099889
-1.011
0.32293
-0.34551
0.7793
0.47151
-0.77535
0.6818
-0.13811
-0.12634
-0.084243
0.96694
0.41861
0.84197
0.036495
-0.63696
0.59094
-1.0295
0.86467
-0.84148
0.085587
0.22894
-0.98939
-0.93153
0.11722
-0.76666
0.36136
-0.81222
-0.54658
-0.73149
0.79417
0.82096
0.56441
0.56763
-0.40359
0.19958
0.29302
-0.98482
-0.89904
0.99918
-0.743
0.024072
0.60611
0.098125
-0.89987
-0.99932
-0.46077
-1.0291
0.7721
0.64603
0.30419
0.63933
-0.18002
0.56745
0.86089
-1.025
-0.22647
0.6723
-0.25558
-0.85441
0.28181
0.9548
-0.79656
-0.61186
-0.081831
-0.89764
-0.12188
0.5527
-0.84091
0.76026
-0.99385
0.34267
0.96799
-1.049
0.70922
0.95509
-0.19714
0.87778
0.077646
-0.86203
1.0344
-0.58338
-0.59929
0.77681
-0.79008
-0.27414
0.60587
0.93791
-0.16504
0.87916
-0.75444
-0.66522
1.0022
-0.35561
-0.30066
-0.33246
-1.028
1.0078
-0.96074
0.11193
-0.36385
0.55018
0.73485
1.1925
-0.77665
-0.44144
0.75638
0.67391
1.0092
0.5277
-0.19448
-1.029
-0.58154
0.67292
0.59796
0.6884
-0.8297
-0.087966
-0.75998
-0.56727
-0.55515
-0.79137
1.0166
0.83956
0.27507
0.11624
-0.7542
-0.77058
0.38436
1.1665
0.9003
-0.42819
-0.72972
-0.92019
0.17054
0.75218
0.82669
0.57751
0.93806
-0.54625
0.81631
0.26903
-0.99557
-1.0482
0.55379
-0.046521
0.25104
0.10859
0.10252
1.011
-0.75418
0.92793
-0.36891
-0.44796
0.015268
-0.56875
-0.87247
0.87584
-0.81149
1.0997
0.50763
0.2444
-0.0019938
-0.20919
-0.79306
-0.57246
0.19392
-0.45357
0.039582
0.28659
1.0827
0.20228
0.98486
-0.089632
-0.26668
0.38221
-1.0332
-0.15287
-0.78475
-0.7761
1.04
0.27518
0.12794
-1.0977
0.97318
0.33504
0.58766
-1.0748
-1.0269
-0.58781
0.059853
-0.85692
-1.0497
1.1041
-0.95052
0.61908
0.37268
-0.030839
0.52732
-0.74058
-0.41685
-0.86518
0.51966
0.66325
0.95476
0.69257
0.14457
0.11615
0.2501
0.10057
-0.33055
-0.32714
-0.65367
0.81896
0.94237
-0.70531
0.70739
-0.44863
0.22445
-0.047359
1.0087
1.0959
-0.55791
-0.51106
-0.46342
0.58561
0.33525
0.46489
0.085109
0.99365
0.453
-0.64654
0.51998
0.36018
-0.79687
-1.1255
0.69944
-0.40157
0.47199
0.84338
-0.48604
-0.88705
0.95022
0.91605
-0.70425
-0.38871
-0.65309
-0.95738
-0.17514
-0.29229
-0.68676
-0.73096
0.96822
-0.89521
-0.73774
0.25377
0.15572
0.75197
0.38153
0.27656
-0.53217
-1.107
-1.0039
0.72403
0.83861
0.78228
0.001328
0.82183
0.66232
-0.6097
0.84342
0.54238
-0.69834
-0.63604
0.72808
-0.64777
0.0036967
-0.91785
0.95086
0.56296
0.69303
-0.80881
-1.008
-0.97856
0.77346
-0.83915
-0.2456
-0.97963
-0.79674
0.31216
-0.2596
-0.42585
0.24185
-0.98101
-0.18219
-0.59793
-0.95557
0.4465
0.016021
-0.82475
0.26346
0.44753
-0.46534
-0.99128
-0.53663
0.48796
-0.094874
-0.66072
0.99625
0.9639
0.023506
-0.217
-0.77994
-0.47957
-0.84934
0.39581
-0.84687
-0.50069
0.50826
-0.82162
-0.46878
-0.79474
-0.3411
-0.58535
-0.33123
-0.035614
0.73451
-0.93204
-0.4166
-0.9759
-0.056739
-0.82313
0.88517
-0.86374
0.18341
1.1445
1.0424
-0.40286
0.88073
0.10935
0.94991
-0.3653
-0.99884
0.97409
-0.87291
-0.39896
-0.61259
0.57737
0.019285
0.76467
-0.0072745
-0.75231
0.004592
-1.0088
1.0824
0.96684
-0.52525
0.31604
-0.82543
-0.47612
0.48574
-0.81155
-0.4272
0.46487
0.89932
1.1327
-0.34343
0.65357
-0.15567
1.2896
0.70091
-0.59033
1.0188
-0.25363
1.0546
-0.48725
0.70858
-0.80742
0.72262
0.064701
-0.77754
-0.10194
-0.19084
0.62715
0.82675
-0.34771
-1.0612
0.0024851
0.65924
-0.27153
-0.57242
-0.23
0.53505
-1.1086
-0.44115
0.64187
0.79598
0.39247
-0.94078
0.45719
-0.44155
1.0556
0.30305
-1.1436
-0.69537
-0.19805
-0.13043
0.77381
-0.76359
1.0147
0.33192
0.74722
-1.2427
-0.882
-0.81658
0.018374
-0.91152
0.87815
-0.96779
-0.36497
-0.59069
-1.0756
-0.98516
-0.93648
0.76308
0.9217
-0.186
-0.59651
0.69726
0.34422
0.57986
0.52105
-0.79004
1.0398
-0.5351
-0.03429
-0.061766
-0.48398
-0.28132
0.93076
0.1711
0.76381
0.98331
-0.62362
-0.28326
-0.84332
1.0537
0.5563
-0.71981
0.89046
-0.50542
-0.74096
-1.1092
0.90131
1.0517
0.86883
0.86471
-1.0546
0.030363
0.67274
-0.97571
-0.22823
0.33676
-0.65046
0.39593
-0.78637
0.57784
-0.11265
-1.0327
0.1543
0.61685
-0.90213
0.5664
-0.58868
0.36813
-0.6393
0.44038
-0.6917
-0.017721
0.47043
-0.77317
0.46065
-0.15778
-0.26151
-0.48326
0.040821
0.79684
-0.37554
0.63686
0.51666
-0.89739
-0.93581
0.52496
-0.39532
-0.92836
0.9905
0.58891
0.09694
-0.83787
-0.83661
-0.98266
-0.20796
0.45961
0.62356
-0.61878
1.0354
-0.52104
0.80208
-0.0033328
-1.1073
0.55153
0.098416
0.99279
-0.67365
-1.0725
-0.70331
-0.33759
0.10185
0.61637
-0.96755
0.5585
0.34365
-0.85332
0.29659
-0.0076725
-0.73942
-0.03594
-1.0029
-0.17988
-0.63895
0.024034
0.78613
0.78689
0.39678
0.90937
0.6945
-0.35322
0.63598
0.8037
0.2217
0.20833
0.44066
0.11994
-0.79103
0.71513
0.85484
-0.6716
0.68425
-0.85307
-1.0688
-0.39006
1.1269
-0.25677
0.23682
0.01703
0.59247
-0.18342
-0.3476
0.87976
-0.35972
0.91799
-0.66316
0.97909
-0.89916
-0.31541
-0.73477
-1.1148
0.6396
0.78663
-0.63223
0.11795
-1.0271
1.1318
0.28614
0.68038
-0.60194
-0.13087
-0.17254
-0.954
0.86135
-0.19442
-0.80043
0.031136
0.85309
-0.55264
-0.97926
0.090747
0.55673
-0.25146
0.95913
-0.81424
-0.48658
-0.18939
-0.17288
-0.067619
0.93616
0.34101
-0.76668
-0.60233
-0.87744
0.87631
-0.78466
-0.8382
1.0184
0.84743
1.0711
1.1783
0.35488
0.67485
0.34306
-0.96564
1.2033
-0.22518
0.028107
-1.167
0.81793
-0.25964
0.96612
-1.0276
1.0437
0.50729
-0.65753
-0.37662
0.75627
-0.30463
0.98987
0.28071
-0.84221
-0.013711
-1.0365
0.23072
0.28384
-0.51656
0.484
0.42466
0.11495
-0.87468
-1.0759
0.85449
0.67728
0.45228
-0.22978
-0.3058
-0.70548
0.36417
0.65703
-0.21532
-0.43086
-0.89944
0.75297
0.41295
-0.41663
0.7795
0.092819
0.23141
-0.71224
0.85528
-0.29052
-0.41039
-0.7785
-0.50367
-0.59867
-0.91681
-0.99398
0.86855
0.37827
-0.96504
1.0179
0.79195
0.55059
-0.84324
0.93758
-1.026
-0.33328
0.9684
0.003382
0.38758
-0.60096
-0.63993
0.65775
0.6733
0.51395
-0.020469
-0.15005
0.83666
0.82871
-0.592
0.53711
0.52181
0.0030137
-0.38241
0.87588
0.9839
0.5972
-1.0224
-1.0123
-0.3013
0.24021
1.0539
-0.81354
0.58947
0.37763
1.0633
1.0052
0.97541
-0.011791
0.84809
0.78959
0.11353
-0.95685
0.98495
1.0623
-0.18289
-0.15483
1.0613
0.60374
-0.35688
0.24047
-0.70676
0.66953
-0.27968
0.8229
-0.9529
-0.62042
-0.83367
-0.38969
-0.85681
-0.87458
0.95516
0.90023
1.0243
-0.7829
-0.97542
0.037413
0.56146
0.67784
0.9288
-0.17253
-0.59846
-0.96423
-0.0038558
-0.94402
0.95541
0.74933
-0.31954
0.94867
0.79294
0.5492
-0.23799
0.92006
0.28194
0.70287
-0.040695
1.0963
-0.51108
-0.51952
0.87944
-0.85202
0.94707
0.49497
0.71475
-0.42033
0.99601
0.99066
0.83554
-0.35683
0.94324
-0.087031
-0.92644
-1.028
0.88467
0.33387
0.07926
-1.0235
0.91314
0.28935
0.30917
0.19141
-0.98604
-0.84773
0.9673
0.73246
0.37489
0.45675
-1.1807
-0.75081
0.51337
-0.8136
-0.53791
0.67537
-0.017863
-0.85279
-0.74305
-0.75199
0.81197
0.93964
-0.041692
-0.17594
0.3337
0.11248
-0.33845
-0.5963
-0.11219
-0.80064
-0.67069
-1.0733
-0.83814
-0.33706
-0.69426
0.078404
0.85533
-0.64618
-0.94652
-0.63796
0.69049
-0.45647
-0.69538
0.95846
-0.96413
-1.044
-0.059853
-0.46644
-0.94559
-0.18454
0.31708
0.049425
1.0228
0.88017
-0.93801
1.1042
0.50227
-0.89826
0.38129
0.1262
-0.51549
-1.2169
0.81141
0.7233
-0.79998
-0.94409
0.95939
0.78159
0.13755
0.7047
-0.14508
-0.82686
-0.36107
-0.67678
0.67174
0.79932
-0.31369
-1.0348
-0.4835
-0.18027
-0.41153
0.31119
-0.069694
0.25348
-0.5346
-0.94475
-0.58806
-0.43257
0.99815
-0.97944
-0.4201
0.87613
-0.35524
-0.48621
-0.32344
0.68541
-0.019617
0.38731
0.20335
-1.0091
0.83862
0.76774
-0.0029516
0.0758
0.31055
-0.04659
-0.76023
0.76486
-0.43469
0.12874
0.50533
-0.56267
-0.90495
0.73687
-0.52317
0.68253
0.96685
0.011399
0.79379
0.88249
0.70425
-0.81308
-0.44104
-0.37036
-0.86711
-1.0337
-0.74243
0.62206
-0.11659
0.31424
0.73814
0.47005
0.35761
-1.0693
0.80618
0.10365
0.61484
0.85296
0.82962
0.75489
-0.47526
0.78488
-0.85104
0.63519
0.5565
0.12586
0.15665
0.78046
-0.65736
-0.85049
-0.24843
0.082413
-0.52169
0.37004
0.12021
0.28357
-0.28098
0.029522
-0.99455
0.38702
0.041682
0.33818
0.64693
1.031
0.5091
-0.92135
-0.95152
0.24249
-0.9843
0.21309
-0.65037
0.26319
0.90212
-0.58555
-1.0643
0.85896
-0.16198
0.62055
0.028296
0.8269
0.825
1.0339
-0.2312
-0.52123
0.78149
-0.26586
0.063187
0.36131
-0.83227
1.1072
0.39461
0.1662
-1.0166
-0.98946
-0.68139
-0.0056241
1.0192
0.96083
0.17836
0.25428
-0.79237
-1.0075
-0.40538
-0.77907
0.89455
-0.77749
0.81461
-0.53551
-1.1718
0.46555
1.0045
-0.10579
-1.0276
-0.75517
-1.1134
0.47484
1.016
-0.71115
0.02371
-0.8593
0.029717
0.89617
-0.21453
0.9878
1.0374
0.69429
-0.33214
-1.0407
0.97653
0.62438
-0.36362
0.96364
-1.0878
-0.63138
0.76635
-0.5928
0.15155
0.31259
-0.33758
0.86265
-0.69929
0.46482
-0.52973
-0.85629
0.96813
-0.17816
-0.76224
-0.51269
0.50341
0.98634
0.35418
0.28473
0.28777
0.15423
-0.90238
-0.077348
0.92208
0.81303
-1.113
0.62451
0.25782
-0.80979
0.18349
-0.80468
-0.29465
0.8506
1.0558
-0.76285
-1.1785
0.99805
0.28924
1.068
-0.95139
-0.40844
-0.26491
-0.97507
-0.26261
-0.76699
0.2536
-0.62842
-0.10617
0.22861
0.85145
-0.70834
0.20293
-0.77832
0.029284
-1.0607
-0.44383
-0.25854
0.79306
0.53275
0.95458
0.22311
1.0153
0.25235
0.54143
1.0581
-0.63025
0.88199
0.73919
-0.15517
0.4587
0.88265
1.0411
-1.0981
-0.64482
-0.47729
0.74231
0.49192
0.91306
-0.24691
0.76732
-0.031289
-0.16518
-0.45703
-0.94814
0.45071
1.0753
0.78334
-0.63382
-0.7553
-0.30572
0.80875
0.79184
0.20293
0.63675
-0.037721
-0.96196
0.146
-1.0099
0.75588
-0.77385
1.0409
-0.61404
0.6089
0.51484
0.22706
1.0108
-0.95527
0.72374
-1.0262
0.12453
0.9355
1.1371
-0.25161
-0.60219
-0.14781
-1.0178
0.62298
0.72521
0.97559
-0.54203
-0.59432
0.41266
-0.42082
0.97388
0.53236
-0.17008
0.3385
-0.74458
-0.83257
-0.92321
0.2225
0.9204
-0.58822
-0.7993
0.60111
-0.70901
0.11706
-0.89931
0.7514
-1.0465
0.71132
0.49915
0.37131
-0.066031
-0.80901
-0.69746
-0.87934
-0.12677
1.1246
0.18439
0.74804
0.81217
-1.2044
-0.60196
0.80104
-0.0071026
0.55619
-0.92718
0.19025
-1.0099
-0.90256
-0.39182
0.76928
0.078954
-0.80349
-0.45782
-0.95193
-0.46313
0.094466
0.84262
-0.86429
0.82006
-0.2852
1.0431
0.073233
-0.61366
-0.45778
0.98489
-0.89097
-0.60831
0.76515
-0.34143
-0.20316
-0.39645
-0.47568
0.48117
0.81517
0.29436
-0.86436
0.55486
0.78927
0.86338
0.25759
-0.61087
-0.9632
-0.74077
-0.30941
1.0454
-0.13003
0.85919
0.55926
1.0673
0.19284
-0.057982
0.25379
-0.98988
0.14661
-0.23099
-0.45652
-0.73023
-1.0175
1.208
0.17283
0.04151
1.0011
0.044576
-0.30629
0.026717
0.36168
-0.19162
-0.034817
0.68351
-0.78171
0.17189
-0.93994
0.99593
-0.99593
0.85961
-1.1038
-0.38684
-0.63881
-0.23809
-0.24687
-0.78666
0.04244
0.11494
0.035914
-0.8787
0.17791
-0.19952
-0.917
-0.47371
-0.31975
0.61886
-0.024986
0.62718
0.059243
-1.0369
0.97308
-0.95061
0.99603
-0.76001
-0.22802
0.75509
0.77935
0.45194
-0.22171
0.87653
0.48921
-0.90832
-0.21463
0.44187
0.43878
1.0411
0.46958
0.52266
-0.85119
-0.66429
0.72773
0.11264
-0.91141
0.79546
-0.76816
-0.59621
0.027604
-0.12632
-0.58036
0.1298
-0.86791
-0.71147
1.1023
-0.27925
-1.0325
0.26122
0.75149
-1.0275
-1.1269
1.01
-0.76769
-0.7431
-0.84464
0.93804
0.60364
0.10143
-0.63098
-0.85617
0.65931
-0.56049
-0.15633
0.90128
-0.82039
0.62468
0.55791
0.072906
-0.91419
1.0381
0.64779
-0.45267
-0.21393
0.93761
-0.78784
0.60011
0.33945
0.96995
0.13369
0.043913
0.00092633
1.1213
0.20269
0.73082
0.64925
0.099395
0.40027
-0.084365
-0.46687
1.0057
0.6386
-0.39088
-1.0037
-0.80743
0.42489
-0.82047
-1.0082
-0.41163
1.0768
-1.0464
-1.0557
-0.94047
1.0453
-0.6429
0.31984
0.90784
0.66444
0.049833
0.28876
0.51842
-1.0815
-0.26797
-0.8811
0.031229
0.33096
0.1578
-0.40891
0.29435
0.86649
-0.93351
-0.35006
1.0305
-1.0533
-0.0024402
0.51574
-0.767
0.49726
-1.0234
0.81248
0.18185
-0.85093
-0.48402
-0.82346
1.0817
0.38002
-0.88782
-0.33747
-0.24706
-1.0795
0.074819
-0.27482
0.84758
0.92417
0.59806
0.91756
0.54304
-0.23034
1.0942
0.64743
-0.20249
-1.0728
-0.55732
0.4315
0.78799
-0.20143
0.68204
0.79435
0.22851
0.024341
0.30941
0.3171
-0.097794
1.0029
0.55195
0.19681
-0.46554
0.39273
0.72219
-0.8761
0.12321
-0.22984
0.87835
-0.96163
0.93232
-0.83625
-0.38422
-0.32031
1.0849
-1.188
0.60649
0.98531
-0.9146
0.87555
0.066333
0.16295
0.46547
0.88958
-1.0841
-0.84204
-0.61767
-0.23049
-0.59216
-0.43136
-0.12332
-0.20073
1.0142
0.36089
0.27625
0.53023
-0.57241
0.28095
-0.44782
1.119
0.65783
0.066974
-0.17528
0.22714
1.2038
0.76493
0.66361
-0.61458
0.85307
0.053561
0.17609
-0.59239
0.74969
0.76708
0.53392
0.49624
0.18132
0.19644
0.87685
-0.17053
0.75033
-0.76643
0.15386
0.65245
-0.60219
0.59849
-0.98235
-0.96148
-0.90162
-0.81092
-0.28374
-0.66058
-0.69491
-1.0299
0.72066
-0.78375
-0.79442
-0.38217
-0.26842
0.81196
-0.42522
1.0947
-0.29118
0.08216
0.72568
-0.3752
-0.49805
-0.081967
0.023482
-0.9
-0.23905
-1.1345
0.8598
1.0288
0.1743
0.85896
-0.091463
0.86056
0.94864
-0.628
-1.0236
-0.53305
0.77786
0.55254
1.0194
0.55928
-0.88859
0.2087
-0.44502
-0.0096332
0.95568
1.0662
0.73495
-0.30177
0.91727
0.52115
0.24224
-0.3576
-1.0205
0.30881
0.9967
-0.91829
0.093969
0.82182
0.48767
0.77807
0.2241
-0.65335
-0.99083
0.47614
-0.11394
-0.88272
0.54616
0.92351
-0.88469
-0.47837
0.78322
-0.90563
-0.29377
-0.038998
-0.75406
-0.71809
0.94096
-0.99057
1.0011
0.79129
-0.72193
-0.85582
0.85529
-1.1456
0.13513
0.2973
-0.055627
0.57319
0.23528
0.48422
-0.50477
-1.0628
0.17947
-0.83982
-0.018096
0.78697
-0.52777
0.78085
-0.88744
-0.85427
-0.21787
0.38909
1.0799
0.87482
0.70357
-0.63977
0.64514
-0.28747
-1.0143
0.96234
-0.76606
1.0618
-0.57027
-0.077402
-0.96382
-1.0362
0.92706
0.85053
0.3228
-0.7928
-0.56346
-0.81087
0.83172
0.7843
-1.0263
-0.50929
0.54045
1.0847
-0.71077
0.39855
0.57701
-0.32945
-0.10482
0.22909
-0.90025
0.50215
0.9537
-0.86017
0.82368
-0.88983
0.49779
0.96814
-0.1029
-0.98397
-0.40362
-0.91594
0.57748
-0.35408
0.33894
0.89466
0.49212
-0.70613
0.94404
0.60307
-0.24114
-0.95152
-0.14698
-0.88736
0.1486
-1.0318
0.7054
-1.1908
0.92211
0.77092
-0.074107
-0.78375
-0.80156
-0.43155
0.62542
-0.40564
0.19496
0.053038
-0.91725
1.175
0.67487
-0.76297
-1.1092
-0.76131
-0.21076
-0.32597
0.30642
-0.15637
0.5449
0.39004
0.80023
0.88149
0.12753
0.93678
0.90003
-0.59563
0.26281
-0.68374
-0.65768
0.92661
-1.1358
0.17618
0.64357
-0.66775
-0.91008
-0.85765
0.67725
-0.82881
0.35222
0.86455
-0.92059
0.65133
-0.33122
-0.66869
-0.72639
0.093223
0.39258
0.53195
0.42883
0.3786
-0.59784
-0.29936
-0.50158
0.98396
1.1654
0.92949
-0.87813
0.82086
0.61294
-0.04121
0.0068043
0.93876
0.072817
-1.0344
-0.22654
-0.52943
0.52987
-0.94127
0.42092
0.83278
-1.0119
0.64836
-0.28395
1.0296
-0.92919
0.68042
-0.6899
0.94976
-0.87125
0.88498
0.23196
-0.99051
-0.21056
-0.29638
-0.86558
0.60923
0.94464
-0.085796
-0.86972
-0.62684
0.83734
-0.97425
0.93107
-0.925
0.97033
0.63936
0.097219
0.31808
0.7899
0.16829
-0.12982
-0.76915
-0.78821
0.48252
0.44875
0.58163
0.75988
0.95599
0.99202
0.31683
0.98896
-0.087829
0.73844
-0.99637
0.88853
-0.87092
-0.78625
-0.2171
0.87766
0.42496
0.027547
0.29856
0.051879
-0.22388
-0.72418
0.47507
-0.72456
0.90596
-0.24459
-1.0016
0.43701
0.85127
-0.11427
-1.177
0.84125
-0.58652
-0.70898
0.056771
0.5819
0.84639
0.35602
0.06008
0.61631
1.1355
0.88225
0.4545
-0.089325
-0.40303
-0.69669
-0.006222
1.1205
-0.76685
-0.99644
-0.68552
-1.1094
-0.49105
0.41796
-0.26476
0.82964
-0.26684
-0.89688
-0.90738
0.098853
0.63967
-0.95027
0.27612
0.42636
0.91763
-0.13865
-0.72731
-0.88915
0.65901
0.89534
0.76607
0.90338
-1.0274
-0.23996
-0.37154
-0.13012
-0.010407
0.0087635
-0.032135
-0.93551
0.73272
0.36608
0.36565
-0.78317
0.89416
0.91498
0.50047
1.0225
-0.43879
0.9872
-1.0707
0.90708
-1.0986
0.88095
0.87202
0.11607
-0.78662
-0.87401
-1.0482
-0.020238
-1.1312
-0.3102
0.56298
0.7727
0.38665
0.42015
0.31649
1.0637
-0.13821
-0.76241
-0.94313
0.90808
1.0349
-0.45595
-0.7503
0.64593
-0.78079
-0.77638
-0.99319
-0.776
-0.018753
-0.19982
0.92223
-0.01396
0.67839
-0.77105
-0.51444
-0.3536
-0.54578
-0.15508
0.82155
0.93273
-0.24316
0.73226
-0.52421
-0.46695
0.87424
-0.72316
-0.94443
-0.11731
1.0352
-0.15686
0.35303
1.0299
0.77102
0.00033994
0.63542
0.78476
0.99829
0.58977
0.64434
-0.98104
0.22762
0.79753
-0.48581
1.0904
-0.77103
-0.52714
-1.029
0.83551
-0.71107
0.621
-0.6639
0.0075336
1.0671
1.0325
-0.92486
0.61788
-1.0785
-0.19876
-0.83754
0.39791
0.82919
-0.96871
0.17108
-1.0416
-1.0212
0.62068
-0.7058
0.76286
1.172
-0.37177
0.73683
0.33383
-0.72927
0.99909
-0.97843
-0.7804
-0.95705
-0.82249
-0.90708
0.30634
0.37939
0.36543
0.12975
0.76994
1.0142
0.7954
1.0436
0.83529
-0.26851
-0.71915
-0.83062
-0.51372
-0.84159
-0.86216
-0.86186
-0.93999
0.43715
-0.1596
-0.68598
1.1002
-1.0184
0.56475
0.25002
-0.20496
1.1895
-0.4071
0.44398
-0.98838
-0.077085
-0.93922
-0.15666
0.7457
-0.90162
0.12899
-0.96488
-0.44063
0.92937
-0.63389
0.77662
-1.0682
-0.49313
0.089792
0.44638
0.81358
0.8052
-0.91645
-1.0309
0.76706
-0.54228
-0.37107
-0.4082
-1.0036
0.06913
0.17885
-0.24129
0.98237
0.63415
0.50918
-0.27343
-0.37736
0.18646
-0.89196
1.0173
-0.20387
-0.69805
-0.83609
-0.57371
-1.0156
0.13459
-1.0949
-0.5808
-0.038087
0.18271
0.23798
1.1195
0.34446
-1.192
-0.89276
-0.52168
0.49493
0.93176
0.050898
0.74627
0.82554
1.0492
1.0007
-1.1662
-0.77562
-0.54675
0.083248
0.59495
-0.68493
0.75431
0.91483
0.081813
-0.72123
0.82385
-0.91612
0.087779
0.95602
-0.91488
1.0564
-0.8793
0.68253
-0.98766
-0.7406
-0.3391
-1.0616
-0.042265
-0.52172
0.60232
-0.53015
0.5521
-0.86139
1.0094
0.95911
-0.12572
-0.92641
1.0282
0.46666
0.80476
0.19165
-0.92003
0.93308
-0.95199
-0.83781
0.45222
-0.017749
-0.39132
-0.86667
-0.81119
-0.99211
0.89511
-0.61189
-0.33566
-1.057
-1.0769
-0.53657
0.99436
0.76605
-0.92546
-0.14465
-0.47343
-0.66988
-0.6887
-0.81029
-0.68093
0.077647
1.1828
0.32445
0.00061522
0.074002
-0.42412
1.027
0.12
-0.22993
-1.0021
-0.477
0.90014
0.06899
1.0474
-1.0283
-1.026
0.72708
-0.039619
-0.13797
0.62263
-1.1676
-0.33646
-1.1706
-0.77989
-0.91107
0.78651
1.0944
0.44667
0.11184
-0.53097
0.040077
-0.89853
0.30698
0.98039
0.098527
-0.51196
-0.41285
0.90407
0.94917
0.28141
-0.62006
0.094397
0.98483
-0.35532
-1.0025
0.99966
1.0514
0.90174
-0.91463
0.10139
1.0034
0.22453
-0.2352
-0.086963
-0.44709
0.77351
-0.89371
-0.053234
-0.53849
-0.60025
-0.42545
-0.81858
-0.77471
-0.81184
0.15244
0.59334
-0.090587
0.88132
0.045954
0.25573
-0.88981
-1.0285
-0.86333
0.0099341
1.0592
0.26157
-0.36696
0.30242
0.93716
1.0215
0.35515
1.0819
0.7826
-0.83955
1.1228
0.3286
-0.85817
0.65065
0.40334
1.0037
-0.72658
-0.28193
0.24009
0.68686
0.39021
0.94676
0.9079
-1.0325
0.58748
1.0126
0.65861
-1.0385
-0.05203
-0.95189
0.40542
-0.82902
-0.74773
0.74441
0.30742
-0.31302
0.80258
1.0196
-0.33539
1.0046
0.67484
0.27394
1.1657
0.92738
0.10135
-0.57911
0.5064
0.48087
0.45754
0.81848
1.0219
1.0179
-0.81563
0.063329
-0.37933
-0.78288
-0.39615
-0.28702
1.0875
0.85715
-0.84368
0.15915
0.93467
-0.0049079
0.092793
-0.45119
-0.97186
0.028334
-0.99787
-0.58926
-0.64272
0.77864
1.0294
-0.89482
-0.15853
-0.64042
-0.32587
-0.94494
0.58069
-0.015547
0.55677
0.013204
0.60321
-0.85317
0.29114
-0.20822
0.27607
-0.7627
0.8658
-0.033811
0.26976
0.5541
-0.66369
0.075839
-0.75601
-0.21863
0.98169
-0.52134
0.91009
-0.70738
-0.096588
-0.15375
-0.46388
-0.80899
-0.32835
-0.32833
-0.47578
0.85707
0.81037
-0.020771
-0.54015
-0.57451
0.035843
0.47711
-0.86709
-0.43509
0.31558
0.049721
0.14752
-0.88859
0.19243
1.1897
-0.35046
-0.95101
0.54876
0.26702
-1.0631
0.75841
-0.36315
-0.78523
-0.34955
-0.45029
0.81175
-0.49655
0.76624
0.1715
0.67717
0.026269
-0.82424
0.35095
1.1138
0.87285
0.9
0.55505
-0.32781
-0.66792
-0.8012
0.69968
0.53643
-0.85409
-0.85075
-0.080039
0.32041
-1.0426
-0.50406
-0.61406
1.0695
0.054827
0.44652
-0.97812
0.42863
-0.062968
-0.88171
0.98205
0.25543
-0.44475
-0.00064916
0.334
0.28551
-0.40763
-0.96598
-0.73539
0.57625
0.79269
-0.89258
-0.39858
-0.83886
0.40712
-0.73719
-0.10557
-0.58214
1.0649
0.70887
0.48039
0.30296
-0.57065
0.3872
0.84742
0.68976
0.7497
-0.13863
-0.72328
-0.075905
-0.75602
-0.039432
0.18655
-0.32276
-0.22896
-0.70412
-0.095958
0.29116
-0.75658
-0.30469
0.46998
-0.19683
1.2431
1.0031
0.75952
-0.17897
0.80148
-0.84244
0.63306
1.001
-0.24317
0.94172
-0.35019
-1.0582
-0.40526
0.28372
0.14356
0.91999
-0.93987
-0.30832
-0.84
-1.1231
-0.24235
-1.0508
1.0195
0.70195
0.46285
-1.2005
-0.75488
-0.49746
-0.84185
-0.32747
-0.47404
-0.053453
-0.19725
-0.3606
-0.63983
0.92754
-0.26561
-0.91564
-0.87559
-0.14389
-0.89946
-0.8032
-0.99844
0.99158
0.36413
-0.271
0.22758
-0.9664
0.38663
-1.026
-0.41774
0.3821
0.18353
-0.89485
0.86176
0.87783
0.84395
-0.8705
-1.0686
-1.1151
1.2485
0.24904
0.97161
0.66847
0.22423
-0.44136
1.0791
0.73255
-1.1071
0.085755
-1.072
-0.057223
-0.023433
-0.86307
0.90623
-0.80163
1.1553
0.011663
-0.57846
-0.68569
-0.1355
-0.90084
-0.60179
-0.80966
-0.15528
-0.71165
-0.1211
-0.10294
-0.83348
-0.027046
0.57698
0.18718
0.014038
-0.37989
0.75857
-0.54654
0.90349
-0.53531
-0.97847
-0.50846
1.0194
0.89136
-0.010232
0.79695
0.48044
-0.18697
0.81877
-0.92129
-0.64192
0.38401
-0.1017
0.51864
-0.70535
0.79296
-0.97638
0.71984
-0.54772
-0.4691
0.38985
0.47557
0.98225
1.1195
-0.52867
-0.69421
-0.8236
0.44345
-0.23691
-0.75113
0.89035
0.041387
-0.47801
0.9297
-0.82015
0.77299
-0.54407
0.83145
-0.14465
0.76792
0.3549
0.50782
-0.8608
-0.93976
-0.94014
0.91371
-0.047492
0.87
0.25115
0.019573
0.6361
0.64088
-1.0448
1.0139
0.52863
0.73493
1.0068
-0.88024
1.0924
0.75198
0.84898
0.43438
0.43647
-0.93099
-1.0233
0.7704
0.77167
0.96423
-1.0128
-0.69258
0.718
-1.0623
0.98617
0.32129
-1.1891
-0.39211
0.12029
-0.76352
1.0877
-0.87227
-0.14746
0.49063
-0.67456
0.71689
-0.5306
-1.092
0.28199
-1.0235
-0.29608
-1.0452
0.7149
0.45313
-0.42314
-0.17954
0.020925
0.9435
-0.050856
-0.50605
-0.089974
-0.35015
-0.015798
0.30332
1.0453
-0.77792
-0.95565
-0.19786
0.87489
-0.26774
1.0113
-0.14474
-0.16713
-0.63802
0.31514
-0.70763
0.65204
-0.74655
0.90037
0.48806
0.34835
-0.85813
-0.99096
-0.24616
-0.99467
-0.64094
-0.24905
-1.0689
0.95947
0.66473
-0.00073484
-0.21078
-0.85229
0.16333
0.47784
-0.12975
0.70214
0.34532
-0.78368
0.44903
0.38196
-0.42497
0.96278
0.25879
-0.69382
-0.96334
0.34672
0.035215
0.66416
0.72591
-0.14692
0.24357
0.44201
0.22693
0.98375
-0.83824
-0.87136
0.22179
-0.97113
-0.91611
-0.91762
0.60618
0.89009
-0.3936
0.27739
0.26276
0.77928
-0.99857
-0.86833
0.28392
-0.70017
0.55439
0.76954
-0.87642
-0.75977
-0.34418
-0.83845
0.94177
-0.47568
-1.1918
-0.65995
-1.0759
-0.96697
-0.5977
0.047894
0.76943
-0.53194
0.92872
0.508
0.72786
0.57633
0.5565
-0.22829
0.85809
0.85805
0.58034
0.77577
-0.64306
0.85154
0.84127
-1.1153
-0.64274
0.78841
-1.12
-0.77004
0.053749
-0.13787
-0.82676
-0.71524
-0.82281
0.53408
0.36063
-1.0596
0.67156
0.35102
-0.56427
-0.69117
1.0148
0.89738
0.98815
0.14046
0.18715
-0.60421
-0.8695
-0.05636
0.65421
-0.21557
0.83638
-0.72318
-0.56175
-0.045085
0.060782
-0.66591
-0.3124
0.4224
0.55199
-0.69213
0.42726
0.93364
-0.72677
-0.68526
-0.49237
0.41773
0.012247
0.97201
-0.71041
-0.11741
1.0571
-0.87183
-0.43834
-0.96123
-0.68427
0.060934
0.094487
-0.78279
-0.48988
0.57085
0.88473
-0.51268
-0.63715
0.29493
-0.63536
0.48544
0.38091
1.1133
0.81045
1.1332
1.0446
0.26787
1.1237
-0.97114
-0.86749
-0.54626
0.31963
-0.95192
0.45558
-0.029015
0.7603
0.23468
-0.94842
0.82349
0.0048785
0.55225
-0.88357
-0.57889
-0.43444
0.92709
-0.55163
0.99871
-0.45162
-0.15326
-0.65716
-0.31511
0.04475
0.99471
-0.69833
0.38396
-0.36029
-0.99938
0.0010056
0.67
-0.022001
0.42657
-0.061128
0.97207
0.92287
0.35093
0.43736
0.8454
0.21076
0.56247
0.84346
-0.23247
-1.025
-0.49003
-0.54294
1.0712
0.41104
-0.8254
0.97445
0.058281
-1.0516
-1.0988
0.42131
-0.84014
0.90671
0.2278
-0.064134
0.96112
-0.38455
-0.96414
0.20286
1.0997
-0.71618
0.5886
-1.0546
0.13604
-0.89854
-0.414
-0.61851
0.033868
0.73369
-0.55544
-0.73146
1.1024
-0.65766
0.37066
0.7512
0.66191
0.76636
0.91289
0.84352
-0.89453
0.56926
-0.74663
-0.10139
0.7869
-0.34271
1.1005
-0.69511
-0.085954
-0.67727
1.0508
-1.0538
-1.0961
0.46692
0.86142
-0.59282
0.70872
-0.36023
0.8517
-0.37453
-0.94612
-0.59241
0.61252
0.69409
0.1172
-0.45496
-0.44624
1.0412
0.080487
-0.11506
0.31681
-1.0454
0.079922
0.46781
-0.21643
-0.29506
-1.02
0.87037
0.89015
0.85445
0.95566
0.43799
-0.90532
-0.13323
0.75459
0.2418
-0.88126
0.46714
-0.030103
1.1596
0.24831
-0.1584
0.85701
0.65958
0.21039
-0.52684
-0.70272
-0.87808
0.4964
0.11738
0.58996
0.82763
-1.0622
-0.58197
-0.98925
0.37448
0.87697
1.1077
0.49585
0.061922
0.28644
0.90362
-0.7578
-1.092
-0.22652
-1.075
0.77551
-0.83672
1.0332
-0.68298
-0.59675
0.034808
-0.47557
0.99469
-0.48535
-0.034273
-0.93663
0.41149
0.89733
0.77928
-0.47866
1.0927
0.56332
-1.1353
-0.82684
0.65564
0.85278
0.84171
0.84688
1.0004
-0.94595
-0.047905
-0.47155
0.69977
0.40215
0.5272
-0.67241
-0.26411
0.76689
0.91989
-0.48629
-0.67964
-0.94772
-0.55149
-0.7722
-0.81147
-0.42167
0.47921
1.0972
-0.83452
-0.32133
-0.52311
0.13433
0.84972
-0.99277
-0.62458
-0.36705
-0.94603
0.17632
-0.5287
-0.05646
-0.92289
0.8116
-1.0201
0.17006
-0.58533
-0.65835
0.78091
-0.82589
-0.41071
0.98334
0.031419
0.20166
0.744
0.54598
0.3471
-0.81967
-0.99394
0.063979
0.82714
0.060086
0.83067
0.73106
-0.71351
-0.20778
0.74995
0.29737
-0.44915
1.0772
-1.2028
-0.69019
0.67239
-0.25024
0.70059
-0.88755
-0.66477
-0.23568
0.58368
0.93464
-0.050132
-0.74182
0.62201
-0.8357
0.9635
-0.21085
-0.50149
-0.63669
-1.027
1.0512
0.90494
-1.0318
0.41745
0.75139
1.0599
0.12295
0.83279
0.25159
0.0711
-0.17073
-0.97339
0.87217
0.86344
0.2631
0.039329
0.35376
0.6583
0.64006
0.60079
-0.15729
-1.0249
0.020092
0.31541
-0.50879
-0.014206
0.37666
0.36516
-1.2244
-1.0487
-0.62191
-0.46266
0.53925
-0.70186
0.92443
0.9664
-0.35153
-0.008049
0.39562
0.44368
1.0313
0.62375
0.17266
1.0013
0.87386
0.35741
-0.61906
-0.059781
0.94294
-0.53865
1.0847
0.72761
0.48049
0.47983
-0.77814
0.69472
0.42701
-0.90818
-0.87653
-0.87302
0.81856
0.90571
-0.6994
-0.80666
0.58177
-0.1261
0.86329
-0.10877
-0.57819
0.18422
0.87354
-0.63368
0.44334
0.18438
-0.0077451
-0.27141
-0.97266
0.85623
0.55132
-0.34918
-0.85215
1.1073
-0.99141
-0.86618
0.91192
0.25965
0.57045
-0.67951
0.30173
-0.9696
-0.84486
-0.064388
-0.58972
0.29539
0.9508
-0.88252
0.36906
0.17
-0.20642
-0.64115
0.82998
0.59189
1.0753
-1.0672
0.83818
-0.97913
0.76232
0.11412
0.98659
1.0026
0.70274
-0.051344
-0.56993
1.0262
-0.45688
-1.1069
0.21781
0.8505
0.94501
0.52646
0.57217
0.92099
0.76986
0.6215
-0.84369
1.0203
0.70037
0.68978
-0.95615
-0.41069
-0.72349
-0.49035
-1.0321
-0.28457
0.28282
0.13886
0.84204
-0.84755
-1.0019
-0.41044
-0.19091
-0.43737
-0.78882
-0.43852
0.43388
-0.96497
0.46531
0.9343
0.18692
-0.33344
-0.87781
-0.39913
-0.07658
0.63021
-0.85146
-0.06212
-0.52541
-0.83611
-0.89215
-0.62075
0.67108
0.84509
-0.94592
0.56143
-0.35595
-0.57501
0.64853
0.58595
-0.3796
0.99187
-0.85182
-1.0216
0.79382
-0.16639
1.0108
-0.55407
-0.55218
-0.92978
-0.95822
0.8628
0.0086697
0.6298
1.1329
0.055194
-0.91545
0.00552
0.74715
0.88103
-0.35644
0.10773
0.21946
1.0536
-0.18964
0.92246
0.84054
-0.14776
0.87997
-1.0834
-0.7661
0.29944
-0.22119
-0.93426
0.16254
-1.0393
-1.0297
0.44732
-0.84771
0.27212
0.88577
0.50289
0.27424
0.79425
1.0934
0.066392
-0.56155
0.01888
0.21514
-0.83035
1.0647
-0.42688
-0.91832
-0.50552
1.0222
-0.31245
-0.84968
0.5348
0.38843
0.17727
-0.4173
0.94497
-0.71543
-0.91962
-1.0258
0.80412
-0.96493
-0.44954
-0.37775
-0.58853
0.81626
-0.85017
0.54166
0.35068
0.72101
1.0722
-1.0636
0.58026
-0.56938
-0.22539
-0.50511
-0.86067
-0.51968
-1.0836
0.060563
-0.21319
-0.85978
-0.67846
-0.35769
0.46078
-0.066893
0.77102
0.0042162
-0.70777
-0.43035
-0.70987
-0.7132
0.80722
-0.62845
1.0031
0.45657
-1.0459
-0.80906
0.85708
-0.74153
-0.5385
-0.58596
0.64586
-0.91613
-0.65989
0.79927
-0.70183
-0.74857
0.82022
0.82776
1.014
-0.92942
0.83285
-1.1067
0.47469
-0.5274
0.56474
-0.021634
-0.053794
-0.4214
-0.8117
0.31763
0.91334
0.2866
-0.80718
-0.24653
0.73646
0.44419
0.66407
0.74938
1.0662
0.066472
0.30471
0.63337
0.59671
0.090843
1.0833
-0.46152
-0.52566
0.69735
-0.98579
0.76377
-0.52662
0.61034
-0.60613
0.045338
-0.48873
-0.614
0.57469
0.41302
-1.0471
-0.86405
-0.65132
-0.98386
0.97943
-0.84683
-0.75867
0.92571
-0.3903
-0.57964
-0.95605
0.39482
-1.0334
0.17027
0.095414
0.77445
-0.54741
-0.6089
-0.10465
-1.0449
-0.23422
-0.10121
0.87963
-0.98787
-0.2966
-0.88219
-0.94966
0.40313
-0.90445
-0.38649
-0.66758
-0.50754
-0.76533
0.68346
-0.87261
-0.44639
-0.010313
-0.14985
-1.171
0.99971
-0.87276
-0.59115
-0.37974
1.0782
1.0743
-0.51741
-0.90858
0.88826
-0.46162
0.3349
0.99019
-0.54914
0.17973
0.20745
-0.75
0.92171
-0.74604
0.98409
-0.66492
-0.97186
0.94675
0.90683
0.9957
-0.51532
-0.65022
-0.87685
0.01907
0.85505
-0.96226
0.90649
0.84599
0.99772
-0.72826
-0.68975
0.26466
0.35449
0.93794
-0.10661
-0.70984
0.32246
-0.13488
-0.35074
-0.10638
-0.97819
-0.70395
-1.0073
-0.79414
-1.0653
-0.62988
0.8637
-0.64806
-0.058643
-1.0639
-0.59212
0.72829
0.39668
-0.46437
-0.30889
0.93739
0.53283
1.0258
-0.39662
-0.96758
0.74641
-0.89806
-0.93269
-0.81012
-0.12351
0.55204
0.78832
-0.1772
0.41914
0.84805
0.51921
0.54305
-0.48782
-0.34414
-1.0038
-0.51242
0.60611
0.13556
-0.95942
-0.79915
0.76817
-0.85469
0.96704
0.85163
-0.53825
0.7455
0.3359
-0.75541
-0.60082
-0.29264
-0.63629
-0.54739
0.84261
0.26885
-0.92822
0.95737
0.41104
-0.83367
-0.92637
0.55737
-0.53945
0.041548
-1.0355
0.75416
0.42443
-0.57932
0.9533
-0.3986
0.70503
0.82399
0.3622
0.77073
1.0513
-0.035895
-0.23417
0.91853
-0.60716
-0.55207
-0.87038
-0.17947
0.020222
-1.0102
-0.38888
0.12573
-0.44819
-0.25367
0.42606
-1.2595
0.39531
0.021444
-0.65765
0.40983
-1.0332
0.96584
-0.76649
0.051283
-0.99589
0.81616
-0.61956
-0.88309
-0.72169
-0.91954
0.069094
0.24848
-0.93887
-0.98322
0.98899
0.5483
-0.040279
-0.11886
-0.74315
-0.71801
0.14802
-0.74603
1.073
0.9119
0.29781
-0.33353
0.90673
0.44376
-0.60293
0.58494
0.53697
-0.082671
0.98255
0.3089
0.62608
0.22034
0.95994
0.25573
-0.54386
-0.16105
0.26708
-0.62253
-0.83617
0.771
0.44577
-0.3823
0.23137
-0.97609
-0.86942
0.52737
0.37835
0.0084203
-0.19826
-0.56073
-0.011793
0.93921
-0.2153
0.44461
0.73596
-0.42083
0.87307
0.41868
0.11461
0.46674
-0.26313
0.42672
0.95806
0.51473
0.59811
0.71056
-0.81765
0.68082
0.7925
-0.74136
1.0045
0.28421
0.091138
-0.75614
0.62579
-1.1956
-0.63216
0.74628
0.477
0.14104
1.0579
0.013114
-0.85109
-0.88982
1.165
-0.89358
-1.101
0.43915
-0.71265
0.74405
0.95902
0.55167
0.91784
-0.60158
0.47669
-0.22796
0.40904
0.63332
0.39606
0.98442
0.49436
-0.45192
0.99377
0.35571
1.0752
0.80825
0.20655
-0.7871
-0.61294
-0.34276
0.18788
0.41768
0.51776
0.56185
0.54565
0.075673
-0.8112
0.54426
-0.10447
0.68804
-0.73747
0.73395
-0.13255
0.13671
-0.52084
-0.8765
-0.25478
-1.0656
-0.73418
-0.37209
0.62698
1.1786
-0.30936
-0.46424
0.18016
-0.9395
0.39792
0.090796
-0.89146
0.052876
0.79764
-0.35844
-0.88844
-0.22961
-0.9542
-0.8629
-0.40881
0.31982
0.74753
-1.1932
0.32871
0.36128
-0.99544
0.011477
0.98527
-0.40774
1.1346
-0.069661
0.78368
-0.84919
-0.28404
0.99596
0.89944
0.81268
-0.62878
-1.1781
0.47675
0.89218
0.18445
-0.96667
0.14997
0.69401
-0.41011
0.2075
-0.42438
0.50948
0.81621
0.6464
-0.46895
-1.0945
-0.78982
0.50578
0.96201
-1.057
-0.016177
1.1484
-0.79295
0.9421
0.31139
0.0052968
0.12101
-0.70801
0.34797
-0.68881
0.88711
0.22468
1.0749
-1.1506
-0.92621
-0.95722
-0.55629
0.77204
-0.19765
0.76548
-0.59138
-1.1523
-1.0344
-1.132
0.87049
-1.0728
0.43452
-0.64947
-0.34432
-0.93908
0.95743
-1.0015
-0.82426
0.20179
0.91397
1.1054
0.52457
0.95953
0.12579
0.76784
0.654
-0.89461
-0.56233
-1.0414
-0.80063
0.98656
-0.12076
-0.63534
0.88948
-0.76138
-0.98614
-0.78859
0.057601
-0.24405
-0.44411
-0.8724
0.76127
1.0181
0.67041
0.21121
0.6697
0.084045
0.58949
0.98593
0.55893
-0.90547
0.13973
-0.41746
-0.83371
-0.37104
-0.87217
0.14987
-1.0915
-1.0527
-0.10352
0.92195
0.14148
-1.01
0.33208
-0.24966
-0.30389
-0.68473
0.40711
0.67581
-0.034799
1.1395
-0.21395
-0.21622
0.70469
-0.16829
-0.49599
-0.71698
-0.79234
-0.86411
0.86857
-0.92916
0.73963
0.78314
0.79057
0.47175
0.25937
0.9784
0.88736
-0.69142
0.69397
-0.71382
-0.96937
-0.68851
0.9986
-0.44363
-0.94521
0.34592
-0.24846
0.9732
0.25836
0.93079
0.49229
-0.69486
-0.73934
0.24054
-1.0232
0.36402
0.14143
-1.1373
0.84477
0.42552
-1.0151
0.18982
0.82892
0.91928
0.15446
-0.58338
0.44604
0.62465
-0.50592
-0.81041
0.25565
0.8671
0.84302
1.0228
0.83515
-0.078002
-0.31594
0.69388
0.21808
0.83945
1.0286
1.0022
0.88785
0.13211
0.11121
-0.77791
0.011612
-0.92694
-0.89676
1.1307
-0.72081
0.32334
-1.0775
-1.0356
-1.2578
-0.57856
0.36901
-0.84555
0.85937
-1.0632
-0.27517
-0.49765
-0.97519
0.14427
0.45547
0.090647
0.8347
0.19066
-0.11421
-0.78137
0.040357
-0.019075
-0.29788
-0.23057
-0.20992
-0.059425
0.95269
-0.63427
0.053275
-0.023488
0.92111
-0.96535
-0.81834
-1.0288
1.0502
-0.21529
0.54551
0.64185
-0.37803
-0.92285
0.89607
-0.94298
-0.22214
1.0932
-0.27584
-0.47268
-0.81279
0.038928
0.63297
0.11731
0.24486
-0.33651
0.35816
0.13248
-0.2847
-0.85716
-0.14498
-0.012422
0.90512
0.45448
-0.64788
-0.23707
-0.16429
-0.96939
-0.46191
0.29876
0.10235
-0.8869
0.81101
0.57759
0.81058
-0.90431
0.48741
-0.62479
0.90894
-0.09244
-1.1574
0.013222
0.60502
-0.89851
-1.0758
-0.16183
1.0496
0.49723
-0.8702
0.97278
-0.20938
0.62354
0.22327
1.184
0.51296
0.18779
-0.44905
0.60198
0.85436
0.096179
-0.73904
0.88917
0.67657
0.27498
0.57344
0.12261
-0.0053964
0.010564
0.12378
0.58836
0.69121
0.4171
0.53222
0.88075
-0.85951
-0.91635
-0.21173
-0.74964
0.034359
-0.21045
1.0305
-0.56818
0.56005
-0.95774
1.054
0.9654
0.059995
-0.0055349
0.74262
-0.80201
-0.53769
-0.61009
-0.88672
-0.16785
-0.85365
0.37519
0.9366
-0.91641
0.68987
0.77268
-0.48015
0.12675
-0.63628
-0.55597
0.47516
-0.32994
0.38456
-0.66074
-0.12373
-1.1009
-0.44551
0.26535
-0.047456
-0.5974
-0.85415
0.58912
0.25194
0.13504
-0.97344
0.90283
-1.0515
-0.91997
0.35864
-1.126
0.98237
-0.31754
-0.011069
-0.46925
-0.52984
0.99346
-1.0465
0.89306
-0.64018
-0.71409
0.89955
-0.75055
0.50676
0.15043
-0.95322
-0.93497
-0.6701
-0.52149
0.90078
-1.0205
-0.34095
0.096691
1.0968
0.40878
-0.73459
0.02128
0.01009
-0.22592
1.074
-0.073262
0.98329
-0.94765
-0.85431
0.91902
-0.92153
0.69289
1.0035
0.25666
0.5224
0.99807
0.82925
-1.0647
0.314
-0.064455
0.040044
0.12728
-1.0271
0.9781
0.89016
0.94637
0.3753
-0.073855
0.98896
0.83233
0.15968
-1.1934
-0.14759
0.63573
-0.73428
-1.0334
0.10452
-0.80017
-0.66997
0.77713
0.42865
-0.23415
0.39849
0.22443
-0.9245
-0.85411
-0.065869
-0.80739
-0.58844
-0.70125
-0.53337
-0.76076
0.77497
-0.88396
-0.84551
0.54629
0.7686
0.39987
-0.59004
-0.68369
0.2228
-0.8289
-0.76899
0.97469
-0.83536
1.0945
-0.3975
-0.37239
-0.82395
-0.51484
-0.93539
-0.85203
-0.1712
0.16631
0.55107
-1.01
0.34248
-0.96364
0.36006
-0.93573
-0.70216
-0.85565
-1.0679
0.54283
-0.90274
-0.91522
0.9316
-1.07
-0.92037
-0.69092
-0.7044
-0.43774
-0.073339
0.15958
-0.93963
-0.79695
-0.91531
-0.28903
-0.93824
-0.0048725
-0.95789
-0.81607
1.0756
-0.75462
0.82782
-0.2357
0.82057
0.89943
-1.0735
0.22265
0.42425
-0.88834
0.59818
0.39619
0.26176
0.089641
0.012723
-0.11527
1.0083
0.74671
0.41853
-0.54602
0.29803
-1.0298
-0.9117
-0.97346
-1.0331
0.84572
0.73685
0.13277
-0.44747
-0.85359
-0.091777
-0.47471
0.5571
-1.0321
0.54282
-0.61252
0.81018
0.22125
0.80138
0.54366
0.78859
0.083848
0.70593
0.87777
0.47706
0.71463
-0.52459
-0.87681
-0.51585
0.21121
-1.0504
-0.9529
1.0746
-0.67312
-0.6365
-0.78356
-0.33524
-0.77336
1.0314
-1.0288
0.22457
0.84606
-0.36181
-0.89933
0.60489
-0.8625
0.59651
0.094478
0.69021
-0.77583
-0.95638
0.030564
0.12195
0.79502
-0.82188
1.0809
-0.03418
0.94814
-0.9405
0.80457
-0.97178
-0.35087
0.12542
0.28606
0.37407
0.75169
0.98519
-0.943
-0.10584
-0.27069
-0.54757
0.5135
-0.87397
-0.89645
-1.1064
-0.2415
0.91573
1.0672
0.002352
-0.026605
0.57351
-0.24936
-0.9359
0.60417
0.1272
0.16362
-1.0271
0.99095
-0.23806
-0.76929
0.81651
-0.45915
-0.54518
-0.4758
-0.13913
0.0072866
-0.74483
-0.091699
-0.89316
-0.51726
0.32521
0.34583
-1.1063
-0.21785
0.63715
-0.60404
1.015
0.12031
-0.78597
0.93672
-0.77175
-0.69411
-0.94712
1.1416
-1.0725
-0.93822
-1.1157
0.38228
-0.90949
-0.21038
0.61048
0.86736
0.63341
0.68747
0.95126
-1.1092
-1.0064
-0.052046
0.40085
0.63465
1.02
-0.52971
1.1135
-0.8473
0.77936
0.64044
0.95675
0.67359
0.79433
0.50965
-0.85843
0.097721
0.30035
-0.1309
0.26589
-0.72141
-0.62241
-0.67929
-0.93333
-0.5551
0.87638
-0.13245
0.81562
-0.13185
-0.78635
0.79654
1.0386
0.15788
0.078597
0.76554
1.0016
0.74946
0.51962
-0.51368
0.48857
0.14036
-0.84317
0.011358
0.64591
-0.31126
-0.71507
-0.78465
0.372
1.0322
0.89
-0.077114
-0.95955
-0.4191
-0.66525
0.68011
-0.88352
0.83261
0.65337
0.24781
-0.14441
-0.55139
-0.88536
0.24036
1.0438
-0.96814
0.34965
1.0226
0.33566
-0.0060258
-0.85438
0.52229
1.2055
-0.82518
-0.071633
0.76318
0.39436
-0.81878
-0.029951
-0.55011
-0.42944
-0.17533
-0.21243
-0.012838
0.18979
0.71331
-0.36371
0.67959
-0.71839
-0.045432
0.43263
0.16518
0.1908
-0.99142
0.37064
0.63353
0.38061
0.619
-0.92559
0.86309
0.1638
-1.0395
-0.21784
0.38921
0.70776
0.75389
-0.88177
-0.45036
0.96622
0.94474
-0.37826
-0.16621
-0.20956
-0.78025
0.24149
-0.5043
-0.62233
-0.33398
-1.0005
0.86836
0.80409
0.80039
0.73237
-1.2073
-0.94096
-0.27376
-0.67712
0.47681
0.82163
-0.41541
0.40195
-1.0521
0.86818
-0.90162
-0.62187
0.83844
-0.58496
-0.98727
-1.1097
0.29644
0.43343
-0.011806
0.079822
0.96771
-0.87008
1.042
-0.49364
0.5523
0.77578
0.74171
1.1556
1.0115
-0.63559
-0.97272
1.1817
0.92453
0.035155
0.97191
0.78355
0.18143
-0.49449
0.65731
-0.74726
-1.1578
1.0637
0.15388
-0.023544
0.062358
0.30301
-0.35861
-0.6968
0.51981
-0.43665
0.95591
0.0088192
0.0057657
0.75411
0.38176
-0.40306
0.05773
0.12915
-0.92074
1.0011
-1.0347
-0.17427
0.82918
-0.20862
0.87572
-0.4653
0.76289
0.097634
-0.60358
-0.38092
0.54205
-0.77302
-0.36701
-0.79179
-1.0617
-0.38646
-0.69344
-0.67972
-1.0646
0.088814
0.97272
-0.23876
0.45972
-0.65704
-0.33982
-0.7786
-1.0373
-0.97049
-1.0667
1.1169
0.66452
-0.48298
0.77451
0.41955
-0.87854
-0.017783
0.32461
0.80736
-0.33564
-0.0020634
-0.99623
-0.1462
-0.22343
-0.4652
-1.0748
0.53231
-0.93846
-0.84499
-0.17401
-1.0157
-0.67822
0.12271
0.33749
1.1071
-1.0568
-0.87496
0.14673
0.49013
0.73726
0.864
-1.0244
0.20645
-0.75015
0.45992
1.0049
-0.93272
-0.20127
1.062
