0.38688
-0.28629
-0.56622
-0.22873
0.66989
-0.46537
-0.94512
-0.42817
1.023
0.21762
0.2641
0.31887
-0.46046
0.20292
-0.44921
-0.74957
-0.91342
-0.17432
-0.35027
-0.8242
-1.0233
-0.72679
1.0098
-0.48195
-0.6046
1.0827
-0.40466
-1.05
0.35365
-1.1068
-0.73509
0.1039
-0.93082
0.97122
0.31782
-0.54439
1.1064
0.74739
-1.0824
-0.082621
0.9423
-0.82551
-0.91812
0.69905
0.41538
-0.017552
-0.53547
-0.7718
0.83781
-1.0379
0.89906
-0.47295
-0.79493
-0.61409
0.69818
-0.81357
0.15978
0.68132
0.64122
0.85806
1.0825
-0.20921
-0.98902
-0.16893
0.4814
-0.42387
0.79458
-0.61087
0.90103
0.93495
-0.98264
-0.61614
-0.50898
0.96152
0.73686
-0.64704
0.93669
-0.17078
-0.49291
0.54829
-0.64237
0.1436
-0.5451
0.98905
-0.51512
-0.47813
0.29237
0.32155
-0.89069
0.10037
0.49754
0.67832
-0.9258
0.99382
-0.4046
0.11011
0.46511
0.27586
0.30616
0.59931
-0.8392
0.63198
0.45239
-1.0252
0.76968
0.89078
-0.32997
0.857
0.39795
0.95296
0.71115
0.95108
0.98135
-0.40024
-0.09197
-0.83293
-0.7209
-0.17721
0.44292
-0.55576
0.48486
-1.0573
-0.8714
0.78571
0.40046
-0.41679
-0.96542
0.58973
-0.96218
-0.83403
-0.69846
0.35821
-0.73785
0.18693
-0.88011
0.95612
0.70293
-0.22709
-0.95607
0.69525
0.32395
-0.78008
-0.47088
-0.59209
0.068344
0.31755
0.82929
0.66598
-0.80164
0.37
-0.81198
-1.0259
0.8726
-0.77312
0.69646
0.69436
0.85108
0.56715
0.51809
0.38388
0.47742
0.35697
0.84686
0.47917
-0.86436
0.79095
-0.67091
0.75873
-0.9682
0.70877
-0.17291
1.0801
0.60877
-0.85088
0.017394
-0.30591
-0.85828
-0.2716
-0.95768
0.55815
0.83673
-0.61311
-0.77494
-0.50297
1.1657
-0.45053
0.99516
-0.47585
0.29001
0.86674
-0.091725
0.63106
0.7444
0.94546
0.90221
0.023632
-0.70614
0.53394
0.87164
0.78769
-0.84598
0.31952
-0.78107
-0.90725
-0.86995
-0.11112
0.71846
-0.92337
0.88105
0.42135
0.8033
1.0382
0.59988
-0.95928
-0.96814
-0.16246
-0.5251
0.73894
-0.93474
-0.36072
0.59219
-0.20216
0.54081
0.55746
0.99189
-0.91831
0.12613
-0.50118
-0.30217
-0.20303
-0.33562
-0.9732
-0.93698
-1.0812
0.022647
-1.0378
0.094564
-0.92707
-0.46787
0.77637
-0.082001
0.18592
-0.85369
-0.99964
0.10104
-0.15543
-0.82115
0.74628
0.42173
-0.56342
-0.35283
-1.0173
-0.87457
-0.67076
0.80526
1.0465
0.013227
-0.14223
-0.9303
0.77361
0.66027
-0.3185
0.43855
0.25753
1.1054
-0.031096
-0.38076
0.29556
0.57187
-0.90104
0.92171
0.76686
-1.12
-0.30868
-1.0727
1.021
-0.68104
0.77651
-0.80611
0.57231
0.6527
-0.15516
0.16026
0.78894
0.86958
0.84039
-0.68819
1.0125
-0.71265
0.54169
-0.041546
0.29874
0.96037
0.68912
0.584
-0.88524
0.34124
0.12021
-0.10672
-0.74738
0.68406
1.0379
0.97902
0.70306
0.20303
-0.54728
-0.49718
-0.26569
0.55798
-0.1929
0.89965
0.01544
-0.47208
-0.33304
0.80039
0.43204
0.94535
0.32609
0.83354
-0.42627
0.68637
-0.279
-0.0046306
1.0787
-0.95426
-1.0299
-0.2238
0.39656
0.074019
-0.95586
-0.14239
-0.25458
-0.94592
0.91521
0.80154
-0.62139
0.45571
1.0587
-0.40802
0.97066
-0.14996
-0.71735
0.81494
-1.2481
0.86155
-0.088844
0.70034
-0.91313
0.075364
-0.60886
-0.30159
0.2905
0.1148
1.0684
0.98254
-0.49394
0.53132
-1.0457
0.94722
-0.063026
0.21021
-0.64418
-0.92037
-0.62666
0.89084
0.91859
1.1388
-0.93405
-0.2614
0.95204
-0.34789
0.78108
-0.86949
0.66477
0.34648
0.54005
0.47497
-0.75624
-0.31875
-0.9347
-0.77978
0.62203
0.6305
-0.17001
-0.095409
0.50005
0.30315
0.89142
-0.25342
0.1744
1.0582
1.0082
-0.14201
-0.77206
-1.1073
0.74479
0.57893
-0.77657
-0.86584
0.82602
0.62046
-0.62673
-0.69592
-0.97159
0.14711
0.89868
-0.32079
-1.0201
0.95062
-0.34473
0.81344
0.85662
-0.28045
-0.88498
-1.0282
0.42707
0.001497
-0.64798
-0.88559
1.175
0.53687
0.96569
0.4221
-0.4837
-0.23132
0.66093
0.62243
-0.78453
-0.99725
0.81499
-0.83264
0.30849
-0.28253
-0.23709
-0.17561
0.3332
-0.6351
-0.54543
-0.078474
-1.1007
-0.30346
-0.50886
0.65281
-0.21617
-0.55503
0.73438
0.31824
-0.44125
0.939
-0.97163
1.0771
0.87295
-0.47036
1.0863
0.80123
0.60528
-0.94877
0.75937
0.31411
-0.99838
0.82352
0.34307
-0.71999
-0.73839
0.46139
0.0077646
-0.98322
-1.0565
0.30122
0.93713
-0.58554
0.071458
0.34779
0.38755
0.89464
-0.82737
-0.89566
0.79936
-0.92532
-0.166
0.59236
-0.96961
0.33657
0.60312
0.5616
-0.94055
0.73953
-0.46233
-0.33781
-0.51042
-0.085727
-0.48413
0.29443
-0.83079
-0.63092
-1.0847
-0.87037
-0.55452
0.64129
-0.55071
-0.54086
-0.85286
0.44782
0.38243
0.38635
-0.074548
0.98894
0.85285
-0.6885
0.65464
-0.8121
0.82817
-0.062474
0.95313
0.6964
0.35883
-0.68315
0.48499
-0.1422
0.93309
-0.79804
-0.5677
0.075547
-0.54924
0.58928
-0.83137
-0.43815
-0.52445
-0.73574
1.0186
-1.0616
0.057863
-0.1345
0.82887
-0.7288
0.95119
0.15027
0.79
0.099644
-0.24788
-0.94611
0.70805
-0.21388
0.17628
-0.85695
-0.33905
-0.55379
-0.87835
0.62686
-0.67029
0.99079
-0.47847
0.7268
0.31278
-0.73049
-0.31807
-0.68923
1.1464
0.19054
0.64811
0.99616
-0.43382
-0.36709
-0.18859
-0.59272
0.57461
-0.73017
-0.96045
-0.40908
-0.18828
0.11276
0.91338
-0.37201
-0.0091664
-0.21006
0.25826
-0.92612
0.75935
-0.52534
-0.098931
0.83494
1.1929
0.088581
0.98515
1.1335
0.87939
-0.83668
-0.80323
0.38487
0.66687
-0.40495
0.97712
0.68302
-0.98556
-0.94924
0.37995
0.71856
0.27285
0.80131
-0.91242
-0.93323
0.026386
-0.40429
-0.9686
0.22825
0.82771
-0.84748
0.17529
-0.37404
-0.64784
-0.12834
0.89655
0.75917
0.051001
-0.15154
-0.3617
0.85893
0.27472
-1.027
0.43806
-0.88357
-0.93794
0.27894
-1.0648
0.48452
-0.31489
-0.036195
-1.074
-0.96353
-0.89004
-0.97542
-0.61784
-0.47059
-0.48315
-0.66766
-0.73311
-0.12126
0.23586
-0.26766
-1.0071
-0.13523
0.91883
-0.90414
-0.31934
-0.70237
-1.0429
-0.071436
0.82827
0.68754
-0.013977
0.84749
0.78562
-0.73614
-0.27649
-1.0022
0.67664
-0.71806
-0.17556
-0.58489
-0.17281
0.53938
-0.31971
0.81928
-0.81667
0.79389
0.5864
0.13021
-0.48922
0.68974
0.7267
-0.84371
0.51353
0.34234
0.3251
0.77037
-1.1055
-1.1163
-0.6373
0.15295
0.86248
0.43927
0.9171
-0.10247
0.88717
0.94356
-0.63823
-0.35893
-0.93941
-0.50532
0.97537
0.76714
-0.64273
-0.48578
-0.21796
0.99443
-0.048929
0.67048
0.80558
0.37026
-1.0083
-0.33071
-0.82212
0.37548
0.62976
0.79773
0.14086
-0.44167
-0.41577
-0.11739
0.060182
-0.79228
0.78042
0.28157
-1.1766
0.7613
0.25042
-0.6207
-1.025
-0.37676
-0.46049
-0.8395
-0.13559
0.18405
-0.5198
1.028
-1.1709
0.97871
0.95204
0.63272
1.0642
-0.13296
-0.82744
-0.78424
-0.55098
0.21425
0.82271
1.0987
0.99748
0.55898
-0.09925
-0.33761
-0.96086
-0.21035
0.069181
0.38068
-0.84548
0.87719
0.90646
-0.6409
0.32625
-0.71327
-1.0205
0.33098
-0.48468
-0.64841
-1.0507
-0.94486
0.64989
0.77776
0.33237
-0.76439
0.66687
-1.0809
0.1436
-0.90478
-0.83765
-1.1215
0.90169
0.11285
0.52122
-0.60555
0.19123
0.49547
0.4329
0.67523
1.0298
-0.71399
0.79445
-0.70333
0.58408
0.7747
-0.06727
0.50715
-0.692
1.0086
0.8366
0.71894
-1.0202
0.10746
1.0188
-0.80499
-0.87557
-0.98597
0.66322
-0.11771
0.90007
-0.95777
-0.96096
-0.24247
0.81186
0.50691
0.040063
-0.077398
0.43154
-0.84655
-0.48807
-0.95509
0.20761
-0.91448
1.0174
-0.33597
-1.0085
0.17664
-0.94782
0.52767
-0.89232
0.99827
-1.0781
0.31477
0.47676
0.094515
-0.11523
-0.8305
-0.99491
-0.37469
-0.88984
-0.74717
-0.85643
0.92432
-0.15157
0.13223
-1.0526
0.7969
0.063453
-0.20776
0.61797
1.0789
-0.81942
-0.047551
0.11665
0.73496
0.90256
-0.47183
-0.42253
1.1026
-0.025828
-0.51898
-0.65076
0.81163
-0.29284
0.19529
-0.20914
-0.88505
0.49719
-0.96656
0.12806
-0.98284
0.47105
-0.31394
0.91359
-0.31187
0.4139
0.96411
0.85994
-0.13883
0.99133
-1.0519
0.042742
0.47058
0.66247
-0.41743
0.054385
0.99717
0.9227
0.064002
0.85848
-0.41677
-0.13594
1.0272
0.52602
-0.24741
0.77373
-0.17214
-0.18176
-0.70298
0.10339
0.80959
-0.17764
-0.14594
0.28344
0.82588
0.091295
-0.36634
-0.22602
0.54817
0.97195
0.83253
-1.008
-0.82664
0.33447
1.1043
0.44677
-0.39763
-0.97877
-0.19955
-0.11199
0.96563
-0.83175
-0.26106
-0.88513
-0.75219
-1.0358
-0.065282
-1.1072
-0.61287
-0.31493
-0.66349
0.55944
0.3399
-0.39493
0.22309
0.97517
0.28747
-0.051989
1.0386
0.77345
0.75342
-1.0167
-0.11578
-0.93706
-1.0577
0.065297
-0.65349
-0.36081
-0.98907
0.081078
0.83786
-0.52521
-1.0272
0.38467
-0.57779
0.49905
-0.88233
-0.85147
-0.91888
-0.20769
1.1254
0.8738
-0.2297
0.79857
0.95575
-0.83611
-0.39263
-1.0511
-0.55613
1.0543
0.95077
-0.76938
0.12365
1.1553
0.54568
-1.0123
0.29538
0.94733
-0.8895
0.11996
0.72826
0.97676
0.15883
0.92187
1.001
-0.66702
-0.81558
-0.82222
0.23546
0.66896
0.73609
1.0384
1.1421
0.18689
-0.23354
-0.81838
-0.59122
-0.062253
0.12004
-0.86403
0.93662
-1.0756
-0.86739
-0.46065
0.45304
1.04
0.89149
-1.0329
0.16063
-0.36973
0.031073
-0.71325
0.37098
-0.24737
-0.89854
-0.62339
0.68881
-1.0058
0.83541
0.3945
0.45518
-0.58921
-0.14268
-0.351
0.26279
-0.72974
0.75501
0.47601
-0.9269
-0.75361
-0.87763
0.91852
-0.92691
0.57754
-0.96837
0.25386
0.9115
0.35024
-0.2474
-0.39215
0.65071
1.0389
-0.96491
-0.17742
0.94923
0.84622
-0.59537
0.13458
0.092975
0.99848
0.59604
-0.66865
-0.55522
0.66748
0.79933
-0.49284
1.0177
0.58788
1.0108
-0.16967
0.20799
0.031907
-0.9486
-0.052211
0.24839
-0.95576
-0.66745
-0.59525
-0.39893
0.49825
-0.46528
0.84156
-0.40593
0.86926
-0.078073
-0.74526
-0.68514
0.0081994
-0.39158
0.85243
0.17899
0.35832
-0.87558
0.069106
0.15811
0.76248
0.98614
0.95361
-0.51778
0.8977
-0.59578
-0.85845
0.62062
0.40871
-1.0003
0.5941
0.51669
-1.0154
-1.0134
-0.89005
-0.74493
-0.22752
1.0051
-0.49353
0.37392
-0.98069
0.65476
1.028
-0.0026422
-0.71666
0.46899
-1.0914
0.36303
0.96034
0.49844
-0.69966
0.78207
-1.0724
-0.5197
1.1767
-0.43188
0.83618
-0.616
-0.78866
-0.8093
-0.96506
0.69334
0.096797
0.67001
0.67194
0.86643
0.52779
-0.88272
-0.10891
0.61381
-0.7957
-0.78914
-0.50701
-0.30365
0.70391
0.823
-0.96922
-0.9308
0.037033
-0.52245
-0.4498
-0.4477
0.9605
-1.0003
-0.30168
-0.5034
0.97613
0.3318
0.85214
0.60719
-0.29549
-0.95846
0.99263
-0.45065
-0.61761
1.0312
-0.96851
0.53688
-0.12387
0.91475
-1.1405
0.11968
-0.66998
-0.51425
-0.78642
0.20527
0.22933
0.75296
0.86732
-0.23482
-0.04063
-1.0024
0.86434
0.35556
0.86082
0.27762
-0.70578
0.14615
0.48117
-0.41539
0.11478
0.33149
0.73254
-0.57606
0.846
0.99585
0.12737
-0.94936
0.4081
0.21672
0.76296
-0.75143
-0.017667
0.77392
0.96231
-0.24523
-1.058
-0.44263
0.95921
1.0305
0.3553
-0.41765
0.89278
0.0051031
-0.73477
0.901
1.1477
0.84431
0.63673
-0.95215
0.4125
0.36888
-0.37036
-0.29332
-0.22019
-0.03937
0.38375
-0.72485
-0.98021
-0.65059
0.7332
-0.82657
0.80564
-0.51061
0.33149
0.049143
-0.87057
0.17465
0.0381
0.66829
1.0878
-0.68012
0.57607
-0.63255
-0.85704
1.211
-0.19113
1.0136
0.98951
0.68694
1.0002
0.019313
-0.67551
0.6273
-0.88384
-0.13223
0.27249
0.11121
-0.8943
0.84607
0.16018
-0.56979
0.93111
0.92024
0.84951
-0.81354
0.80019
-0.76596
-0.98541
-0.97549
-0.757
-0.61277
0.63327
0.98115
0.23383
0.66946
0.89553
0.99468
0.42278
0.86239
-0.10086
-0.78345
0.53333
-0.91556
0.22737
0.67339
0.39935
-0.38731
-1.1207
0.85877
0.85564
-0.53591
-0.25514
0.99295
0.67637
-0.69951
-0.96702
0.843
0.87629
0.1938
-0.78103
0.47427
0.17231
-0.91027
0.67016
1.0361
1.0775
-0.13592
0.49407
-0.49494
-0.77062
-0.35801
-0.099323
-0.9584
-0.79259
1.0616
0.98633
-1.1106
-0.26523
-0.029568
1.0248
0.98404
-0.70476
-0.2793
-0.32711
0.21024
-0.95593
0.2908
-0.80042
0.85001
0.84602
-0.55817
-1.002
-0.67421
0.77888
0.33372
0.017979
-0.45103
-0.027022
-0.98688
-1.0094
-0.88348
-0.49854
0.60121
-0.29651
-0.99188
0.96455
-0.9438
0.83367
0.48674
0.19355
0.84325
0.91659
-0.72436
-0.8398
0.012723
0.48318
-0.92901
0.69244
0.56814
0.53585
0.65171
-0.38098
-1.0037
0.086532
-0.68999
1.0778
1.1326
-0.59217
0.16362
0.59812
0.93982
-0.98309
-0.040569
0.96451
0.91533
0.051449
-0.54581
-0.79993
0.88442
0.30775
0.19622
-0.96266
0.8742
-0.11583
-0.27897
0.96881
-1.0853
0.068697
0.97991
-1.0852
-0.51449
-0.0040047
0.65324
-0.93418
0.91673
0.53974
-0.99607
-0.48003
0.18598
-0.73585
-0.97673
0.62848
0.3717
-0.50412
-1.1673
-0.69211
-0.67557
-0.78042
0.63483
-0.90755
-0.97766
-0.22129
-0.81406
0.9122
-0.046161
0.3684
-0.75147
-0.52046
0.79324
0.88583
-0.9308
0.5336
0.03617
0.81573
0.47674
0.79271
-0.69398
0.40593
-0.60783
0.6859
1.0611
0.98487
0.76666
0.7813
0.91931
-0.8507
0.59085
0.94786
0.75438
-0.90931
0.87604
-1.0892
0.45374
0.96503
0.04663
-0.77138
-0.27294
-0.62773
-1.03
1.074
-0.097427
0.45441
-0.36799
0.39393
0.22626
-0.90994
-0.34492
-0.65828
-0.37602
1.0374
-0.05896
0.67186
0.93652
-0.29237
1.0415
-1.0536
-0.06465
-0.2264
0.34093
0.51158
-0.54419
-0.94074
1.0186
1.008
-0.53497
0.6648
0.078482
0.88767
-0.25351
0.47502
-1.0125
0.78827
-1.0306
-0.61863
0.79007
-0.4006
-0.034577
-0.80921
-0.69244
0.11391
-0.57485
0.71299
0.42549
-0.59607
-0.66604
0.73921
1.0806
-0.21463
0.73411
0.89382
0.064592
-0.15945
0.16563
0.39359
-1.079
0.40541
0.87719
-0.74586
0.3573
-0.14698
0.13713
-0.47551
-0.68904
-0.91085
0.083601
-0.8906
-0.57688
-1.1534
0.83954
-0.96628
0.96061
1.0392
0.47564
0.11893
-0.84002
0.12496
1.0231
1.1393
-0.5486
0.71431
-1.1497
0.96828
0.40861
0.083845
-0.25379
1.1612
0.077852
0.50875
-0.30743
0.42095
0.90544
-0.78636
-0.51359
-0.87572
-0.96265
0.29278
-0.73116
-0.18143
0.81136
0.56103
-0.69866
-0.57718
0.39811
-0.55812
-0.47322
0.38432
0.35756
-0.93849
-0.92869
0.74731
0.46109
0.64835
-0.68639
-0.072216
0.09037
-0.92041
-0.50651
1.0061
-0.09364
-0.92633
0.9541
-0.91735
0.36015
-0.88958
0.00085516
0.049235
0.69412
-0.77655
0.98725
0.49145
-0.0095381
0.52558
-0.32486
-1.1152
0.21546
-0.32062
-0.013334
0.087601
0.92838
0.6245
0.96969
-0.76498
0.69273
-0.75645
0.49193
-0.53054
0.58029
-0.93807
0.29894
-1.1501
0.52687
0.7048
0.32498
-0.11506
0.74169
0.5974
0.85395
0.91009
-0.63585
0.54898
0.87386
-0.79863
-1.1553
-0.74269
-0.7528
0.58519
-0.71479
0.72859
-0.81101
0.23213
0.96111
-1.0169
-1.1081
0.64068
0.34422
-0.21414
0.15354
1.2656
0.29776
-1.0852
0.43851
-0.14309
1.0078
0.30138
0.38864
-0.40529
0.34112
-0.83191
-0.88436
-0.0042557
-0.94372
-0.89195
-0.57792
-1.1124
-0.097043
0.80976
0.3926
-1.0686
-0.79201
0.13058
0.95118
-0.56084
1.0438
0.77011
-0.89518
-0.69056
-0.15675
-0.46991
1.052
0.65968
-0.69469
-0.31318
0.37775
-0.97142
0.26736
0.643
0.90092
0.22114
0.6302
-0.37833
0.94597
-1.0937
-0.0080498
0.19218
0.86818
0.47688
-0.81708
-0.98528
0.6424
0.83744
0.84144
0.9498
0.97305
-1.0294
0.58597
0.51575
0.44404
0.36092
-0.63379
-0.40839
-0.22309
-0.82673
-0.85503
-0.69624
0.8624
-0.38697
0.01794
-0.68532
-0.0097766
-0.8716
0.57907
0.15007
0.7263
-0.93338
0.10255
-0.21393
0.91455
-0.2643
0.88373
0.07854
0.2398
0.61088
-0.98411
0.15868
0.090902
0.94173
-0.26289
-0.98143
0.26618
-1.0424
-0.45014
-0.72146
-1.0109
0.90878
-0.79829
-0.58448
0.27499
0.9061
0.1011
-0.51245
-0.90144
-0.36551
1.0097
-1.0457
0.62487
1.0712
0.52009
-0.34692
-0.64699
0.90692
0.98524
-0.50945
-0.93591
-0.67878
0.91364
0.064481
0.1326
0.99986
1.0652
-0.94948
0.9691
0.17593
-0.48861
-0.43621
-0.84903
-1.0886
-0.38826
0.75791
0.93482
-0.14615
-0.61015
0.96241
0.87656
-0.4126
0.71282
-0.82582
-0.91348
-0.25106
0.97131
-0.9547
0.27827
0.80208
-0.57145
-0.060413
0.72209
0.99975
-0.47099
-0.73429
0.99258
0.35863
-1.261
0.37103
1.123
1.0665
1.005
0.11668
-0.91626
-0.079231
0.15538
-0.56091
0.33233
-0.41755
0.22976
-0.79949
0.36211
-0.94011
0.89431
-0.22827
-0.24567
-0.85029
-1.0349
0.61279
-0.99616
0.79706
1.0997
-0.48154
-0.3111
-0.9118
-1.0463
-0.92549
0.80072
-0.14528
0.2095
1.0143
-0.73812
-0.84117
-0.60333
-0.97203
-0.95584
-0.88478
0.85073
-0.034923
1.0441
-0.16938
-0.67018
0.052985
-0.5598
0.16316
0.05611
0.033548
0.85198
0.36494
0.23837
0.67352
0.42556
-0.84777
0.98725
-0.054348
-0.90161
1.0289
-0.99044
-0.83474
-0.34145
-0.15682
0.64356
0.7433
-1.0806
-0.88274
-0.19028
0.033803
-0.77132
-1.1474
-0.31977
-1.0577
-0.44381
0.080925
0.45411
0.91829
0.39252
0.93067
-0.36389
0.83501
0.34653
0.38431
0.0034486
-0.89982
0.54541
-0.075337
0.55711
1.0062
-0.12614
-0.41948
-0.097546
-0.51853
0.72004
0.56965
0.14984
1.1151
-0.99072
-1.0317
0.18319
-0.96666
-0.36552
0.78738
0.019098
-0.90512
0.24175
-0.66642
1.0469
0.95279
0.3023
0.97252
0.58963
-0.11154
0.73
0.16404
-0.83817
0.5055
0.42959
-0.89523
-0.19283
-1.0284
-0.36949
-0.80822
-0.75544
0.062693
0.27937
0.86431
-1.0235
0.5702
-0.62565
-0.50718
1.0513
-0.40913
1.0195
-0.94383
-0.14556
-0.73544
0.89515
-0.49605
0.44418
-0.81067
-0.49453
-0.61542
1.0458
0.48049
-0.096413
-0.25117
1.2014
-1.0693
-0.24951
-0.073667
0.2232
1.0029
0.93688
0.85441
0.82038
-0.84483
0.29389
1.06
0.10525
0.62285
-0.95841
0.30344
-0.9945
1.1108
-0.1912
0.18574
-0.26845
0.97692
-0.86656
-0.46647
0.048811
1.0403
-0.6171
-0.28633
0.4204
1.0069
-0.18818
-0.76016
-0.31071
-0.63573
-0.34497
-0.90426
0.88187
0.85651
-0.49425
0.22863
-0.74234
-0.17394
0.36949
-1.1131
-0.86893
0.28619
-0.91312
0.75518
0.62996
-0.1982
-0.60018
-0.79439
0.59303
-0.20952
-0.69648
-0.98476
-0.68011
0.28216
0.81532
-0.92626
0.97013
-1.0174
-0.88716
0.8826
0.52654
-1.0589
-1.064
-0.82333
-0.32101
0.90739
0.83192
-1.1524
-0.50495
-0.48742
-0.47136
-1.0207
-0.93897
-0.17586
-0.8234
-0.87584
1.1446
-0.84354
0.94241
-0.90393
-0.84003
0.2989
0.9796
1.0921
-0.84641
-0.031493
0.18091
1.0558
0.23705
-0.88449
0.44396
0.26378
0.9265
0.04354
0.034602
-0.78861
0.20726
-0.73969
0.54124
0.77791
0.032365
0.3666
-0.13523
-0.91574
-0.37384
1.0356
-0.25656
-0.82555
-1.0165
-1.1279
-0.87345
-0.86718
-1.1526
0.9769
0.34438
0.24655
0.21501
0.64919
0.6889
1.0401
-0.45624
-0.87619
0.91164
-0.9147
0.63831
-0.23764
-0.30355
-0.96091
-0.54697
-0.13212
0.043748
0.49183
0.05361
0.15448
0.070081
1.0143
-0.94663
0.64389
1.1773
-0.016027
0.18362
0.91732
-0.25783
-0.94653
-0.75978
0.38927
-0.94013
-0.23324
-0.60224
0.71507
-0.74051
-0.90242
0.12721
0.69725
-0.83509
-0.27213
-0.51926
-0.67497
1.0475
0.95284
-0.16015
0.65298
-0.44191
0.40294
-0.37078
0.63572
-0.9762
0.71681
0.96905
1.0391
-0.017031
1.1366
-0.84205
-0.51432
0.53561
-0.17041
-0.12619
-0.93216
-1.0006
0.69227
0.88414
-0.83528
0.58669
-1.0496
0.21376
-0.37471
-0.13284
-0.64929
-0.10114
1.162
-0.52404
-1.0219
-0.3455
-0.27997
-0.58279
-0.33157
-0.25191
0.49881
-0.66761
-0.95521
0.8229
0.84182
-0.40795
-0.45202
-0.27749
0.70247
0.59628
0.94312
-0.33154
0.51785
-0.73407
-0.98145
-0.85756
-0.65301
-1.0197
0.72937
0.30919
0.61504
-0.87916
0.51941
0.71515
-0.042425
-0.97627
-0.48232
0.27179
0.66471
-0.86084
-0.68422
-0.3748
1.0948
-0.80662
-0.74867
0.90849
0.74051
-1.0341
0.96458
-0.89808
0.75414
-0.18007
0.88633
0.86871
0.59758
1.0717
0.25145
-0.92322
-0.6992
0.25592
-1.0829
0.19859
-0.32692
0.87146
-0.86512
1.0769
0.98034
-0.90153
-0.89663
0.0060357
0.96866
-0.19638
0.35635
-0.065818
0.54122
0.04265
0.48967
-0.36798
-0.62493
-0.75986
-0.97642
-0.94026
0.49321
-0.64154
-0.036316
-0.92728
-0.41925
0.26638
0.37575
0.042964
0.40714
0.36412
0.79895
-1.04
-0.58517
0.82154
-0.25735
0.73009
0.93288
-0.37984
-0.92389
-0.3829
-0.12463
-0.61878
0.24763
1.1254
0.22267
0.86471
-0.86157
0.89139
-0.58965
-0.97392
0.33477
0.56639
-0.95547
-0.0276
0.77432
0.35213
-0.97757
0.041276
0.35521
0.2523
0.79609
0.7614
-0.31481
0.63668
0.39429
-0.042452
-0.46997
-0.55168
0.95689
0.56726
0.41572
0.76609
-0.79361
-0.36346
-0.90301
1.2122
-1.0147
0.78048
1.0221
-1.1287
0.24422
-0.035049
0.14618
-0.3435
0.76582
0.19821
0.89401
0.87872
0.42778
0.81266
-1.0292
0.65905
0.18444
-0.11157
-0.59613
-0.55703
0.60559
0.15469
0.53535
0.092542
0.22941
0.87961
0.63638
-0.42183
-0.80073
-0.92011
0.87115
0.97286
-1.0042
0.70374
0.16113
-0.62825
0.61124
-0.75459
-0.091598
0.78802
1.0019
-0.43666
1.0449
0.2676
-0.57173
0.24676
0.32227
-1.0738
0.010992
-0.61192
-0.60872
0.93757
0.76009
0.88669
-0.89229
0.54534
-0.86537
0.91084
0.89111
-0.62248
0.19275
-0.91162
-0.83876
0.36698
-0.39935
0.033922
-0.21689
-0.022296
-0.80758
0.80881
1.027
-1.1411
-0.33919
-0.018621
0.48488
-0.74222
-1.0547
-0.75944
0.55766
0.58042
1.0862
0.95164
-0.13849
0.98123
-0.90477
0.43893
-0.31734
0.692
0.46297
-0.26845
0.13864
0.52554
0.98627
-0.77711
0.43233
-0.41289
-0.92221
-0.19784
0.34606
-0.99674
0.022069
-0.86894
-0.40301
0.83272
-0.61724
1.0508
-0.48065
0.4723
-0.12504
-1.0147
-0.82023
-0.64779
-0.28679
0.71239
-0.15898
0.67805
-0.71373
0.88811
0.52862
-0.94395
1.0341
-0.86914
0.65193
-0.43361
0.96052
0.84915
0.39033
-0.68492
-1.0525
-0.54677
-0.96304
-0.39621
0.39222
-0.20179
-0.5174
0.8459
0.91393
-1.1646
1.1391
0.52608
0.30651
-0.58899
-1.0661
0.35977
-0.82796
0.58201
0.77651
0.77079
-0.79398
0.12335
-0.17095
-0.86397
-0.71567
-0.47332
-0.26919
-0.41334
-0.55645
0.47062
-1.0696
1.1155
0.19163
-0.95882
0.7317
-0.83763
0.97384
-0.66727
0.63551
0.80547
-0.89775
0.81717
0.68349
-0.040468
-1.0506
0.56189
-1.1535
0.89113
0.26966
0.87204
0.75771
-0.68411
-0.88122
-0.33845
0.76665
0.0016755
-0.40761
-1.0225
0.074321
0.11354
0.059395
-0.82942
-0.36225
0.41902
0.72054
0.97363
0.93689
0.73208
-0.76323
0.047155
1.0629
-0.34873
0.56104
-0.7997
-0.6666
1.0614
0.36656
-0.79649
1.0575
0.17439
-0.94342
1.0491
-0.97791
0.13723
0.85456
-0.73805
-1.0836
-0.94069
0.6669
0.96685
-0.69249
-1.0264
-0.20686
-0.33921
0.88036
-1.0235
0.8978
-0.96765
0.10578
0.69552
0.29207
-0.60764
0.93041
-0.69485
-0.72173
-1.1251
-1.0438
-0.39718
-0.7734
-0.60859
-0.57147
-0.087111
-0.029424
-1.009
1.0167
0.80419
0.43495
0.26144
-0.21233
0.78137
-0.81554
-0.19959
0.35194
1.0158
0.81837
-0.83442
1.0264
-0.71883
-0.31785
0.072535
-0.12723
0.15446
-0.47583
-0.16554
-0.18883
-0.68421
-1.0429
-0.71198
0.97099
0.33243
-0.41287
0.04236
-0.093128
0.17562
0.77784
0.6843
0.13344
0.66992
-0.77183
-0.82515
-0.95721
0.82322
-0.49097
-0.79797
-0.85485
-0.51717
-1.1642
-0.79278
-0.36306
-0.99179
-0.7852
-0.57255
-0.44024
-0.44307
0.69985
-0.39185
-0.64909
-0.90006
0.72
-0.83617
-0.52637
-0.19984
-0.53943
0.9169
0.55094
0.79169
-0.27942
0.95456
0.065627
1.001
-0.99888
-0.55679
0.86032
0.99774
-0.18314
0.79885
-0.96328
-0.65755
-0.66406
0.88109
-0.25902
1.02
0.7733
-0.61797
-0.72094
-0.10618
-0.50081
0.45914
0.55781
0.5736
0.27939
0.65546
0.51736
0.068719
-0.81872
0.63122
-0.90575
-1.1178
-0.41962
0.58623
1.112
0.1602
0.062722
1.0025
1.0382
-0.96493
-0.084205
-0.90618
-0.054633
0.61253
0.48863
-0.54851
0.14569
-0.83303
0.36901
-0.62412
0.70863
0.97418
-0.82416
-0.068883
-0.64987
-1.0437
-1.0166
-0.6638
-1.2087
1.0253
1.1626
0.78768
1.0842
-0.72925
-0.20891
0.069245
-0.18607
0.32832
-0.027787
1.0711
-0.6168
0.047481
-0.90678
-0.52473
-0.3849
-0.9453
0.12325
0.92056
-1.0329
0.98537
-0.78619
0.82311
-0.5619
0.86346
-0.1311
0.43868
0.35667
-0.14207
0.59069
1.0228
-0.84312
-0.57341
-0.7957
-0.9092
0.82756
0.024906
0.69919
-0.714
-0.98379
0.71372
0.94552
-0.70928
-0.22685
-0.94388
0.44359
-0.73658
-0.068756
0.26297
1.0928
0.87248
-0.51437
-0.44643
-0.90879
-0.98488
0.15354
0.14848
-0.11027
-0.21295
0.17287
0.87814
-0.21479
-1.0584
0.11709
-0.3727
-0.46496
0.9985
-0.75713
-0.97982
-0.44736
-0.5097
-0.017524
0.69129
0.62745
-0.14582
-0.90992
0.50939
-0.70899
-0.3459
-0.15299
-0.098212
-1.0249
0.91605
-0.73052
-1.014
-0.5944
0.48063
0.35432
-0.8405
0.26399
-0.32665
-0.60035
-0.89417
0.23929
-0.43336
0.76011
-0.92455
0.7897
-0.1865
0.06694
-1.0404
-0.53824
-0.76612
0.014513
-0.52974
-0.76935
0.65889
0.033025
0.63156
-0.39766
1.029
0.056117
0.43411
0.11252
-0.28315
-0.0023656
0.26582
-0.64516
0.81434
0.50767
-0.31316
0.60202
1.1284
-1.0354
-0.89832
0.092882
0.40825
0.87788
-0.45104
0.13363
-0.62418
-0.25392
-0.26999
0.62815
1.0297
-1.0682
-1.0785
-0.51587
-0.18563
-0.077714
0.67515
-0.80158
0.0057598
-0.74551
-0.81782
-0.21476
0.46152
-0.9579
-0.3712
0.13338
0.55094
-0.98914
0.21672
-1.0222
-0.37839
-0.097449
0.45446
-0.15741
-0.83832
-0.29164
0.83446
0.98765
0.56524
0.13339
-1.0713
-0.56647
-0.33889
0.98363
0.56801
-0.63712
-0.17807
0.16011
-0.63709
-0.44165
-0.37463
-0.20194
-0.64711
-0.96444
-0.23178
-0.6914
0.74812
-0.72436
-0.03035
-0.071955
-0.63121
0.0058559
-0.13643
0.91815
-0.98402
-0.4011
-0.91526
0.94934
-0.12086
-0.7472
-0.36433
-0.35515
0.64555
-1.0957
0.36629
0.041223
0.95361
-0.49408
-0.98737
-0.6012
-0.33125
0.99719
0.31559
0.3412
0.9058
0.087853
0.62715
0.23972
-0.91322
-0.8861
0.13144
-0.20885
-0.54919
-0.70397
0.35369
-0.76137
-0.79523
0.08208
1.0218
-0.40252
-1.1041
0.66452
-1.0917
0.85101
-0.10934
-0.95804
0.29879
0.071104
-0.55954
0.91856
-0.23738
0.45251
0.87869
1.0134
-1.0318
-0.867
0.71304
0.92891
-0.007143
0.97233
0.8506
0.75742
0.25893
0.8651
-0.46462
0.27242
-0.83926
0.20034
-0.44622
0.88183
-0.96979
0.69795
-0.43369
-0.42972
-0.64192
0.28336
-0.76761
0.25995
-0.067889
-0.88513
-0.88979
0.51375
0.80213
-0.92002
0.13873
-0.51326
0.73917
-0.71927
0.067848
-0.44106
-0.36043
-0.76127
-0.95512
-0.023628
0.47859
0.090963
-0.20769
0.0072723
-0.82193
0.23078
-1.0059
0.81616
0.98944
-0.22591
-0.82833
-0.94831
1.0044
-0.34808
-0.41992
0.53315
0.13611
0.90406
-0.48471
0.92779
0.97328
0.61876
-0.2313
-0.92868
0.301
-1.0259
-0.84228
0.71035
-1.0992
-0.78159
-0.76828
0.97421
-0.049875
0.99849
0.57458
-1.0338
-0.15424
-0.70855
0.27342
-0.5069
1.0182
0.20673
0.98559
1.0149
-0.85568
0.019588
0.69702
-0.83068
-0.74787
-0.48411
-1.0896
0.89516
-0.47661
0.62116
0.42091
-0.93838
0.61508
-0.16874
0.048567
0.039959
-0.8176
-1.1295
-1.0166
0.69138
-0.040385
0.58672
-0.34452
1.0448
0.82712
-0.14251
0.59388
-0.54538
0.48891
0.57425
0.5766
-0.98441
-0.94241
1.1865
-0.84941
-0.65545
-0.97925
0.41856
0.089339
-0.34575
0.92768
0.97907
-0.77352
0.36619
-0.62078
0.27809
0.86061
0.067916
0.22436
-0.75661
-0.13414
-0.94728
0.9326
-0.19457
0.28614
-0.87254
-0.32271
-0.040759
-1.0435
-0.77052
0.27895
0.82663
-0.54965
-1.118
-0.9591
0.89773
-0.28198
0.18946
-0.83064
-0.99428
-0.6624
0.8703
-0.75518
-0.85225
0.1106
-0.9897
-0.12364
0.53453
0.012704
-0.7606
0.65135
-0.98217
0.018997
-0.65406
-0.043642
-0.58666
0.57572
-1.0185
0.7466
-0.45315
0.27391
1.1622
0.10904
0.13433
1.0051
-0.97913
0.61812
-0.70713
-0.7201
1.0421
-0.664
-0.88228
-0.86748
0.8368
-0.9938
0.80105
-0.42016
0.6146
0.85754
-0.050497
0.93967
0.10149
0.9382
-0.17118
-0.12347
-0.88372
0.46517
0.73918
-0.098061
1.0292
-0.90639
-0.35063
0.97298
0.41025
0.79919
0.01208
-0.39881
-0.50529
-0.7087
-0.82736
1.069
0.75485
0.098102
0.80982
0.11476
-0.60372
0.30556
-0.74609
0.17845
0.51564
-0.73268
0.92527
-0.37389
0.42965
-0.98612
-0.91902
0.75905
0.029282
0.8591
-0.72823
-0.32753
0.1481
0.82521
0.3984
0.037768
-0.16365
0.18171
0.1186
-1.1597
0.40234
-0.054475
0.17604
0.3798
0.40676
-0.54681
0.51169
0.80734
1.0181
0.83933
0.54931
-0.010121
-0.84618
-0.48816
-1.0587
-0.44934
-0.00507
-0.65547
-1.0872
0.41684
-0.9092
-0.25363
-1.0173
-0.41314
0.8688
-0.91249
-0.41107
1.0733
0.37417
0.94889
-0.55212
0.8247
-0.56402
0.21685
0.24436
0.69267
0.15584
-0.70792
-0.68553
-0.66271
0.61062
-0.72843
-0.70377
1.0258
0.1435
-0.77134
-0.79239
1.1786
0.951
1.0227
-0.38034
0.71388
0.97408
0.6004
-0.31213
0.53635
-0.8945
0.62814
0.12177
0.20372
-0.14881
-0.3536
0.99611
-0.98226
0.46282
0.54896
0.33953
0.42735
0.91426
0.79152
0.91394
-0.99062
-0.17761
0.66642
0.81868
0.69293
1.1005
1.0423
0.39378
0.57551
-1.038
-0.50754
0.58221
-0.55239
-0.91797
1.0752
0.94658
-0.79011
-0.29828
0.18099
-0.61041
0.44274
-0.91805
0.62281
-0.40103
0.16998
-0.93744
0.37794
-0.99951
-0.82449
0.93451
-1.1104
1.1068
-0.92036
-0.93913
-0.11694
-0.52514
1.1204
0.45232
0.89996
-0.86338
0.99974
-1.012
-0.68949
-0.93794
-0.82296
0.07487
0.42967
-0.54184
0.3228
0.85492
-0.63864
0.28376
-0.44414
-0.73114
0.23064
-0.8744
-0.41725
0.34581
0.59207
-0.56728
-1.0065
0.87588
-0.32986
-0.15444
-0.29799
-0.93921
-0.45529
-0.42752
0.23829
-0.41763
0.42284
-0.94537
0.92954
-0.019644
-1.0099
-0.44572
0.26119
-1.0059
-0.79764
0.81578
-0.91344
0.17127
-0.13137
-0.58795
1.0219
0.57393
-1.0049
-0.90078
-0.73857
-0.52567
0.43806
-0.6137
-0.84387
1.1021
-0.32484
-0.71441
1.0322
1.1125
-0.08327
0.58044
0.50918
-0.46097
0.27169
0.79853
-0.20496
1.0248
0.57184
-0.85281
0.2955
-0.78224
0.88072
0.1999
0.95592
-0.27434
-0.92191
0.98383
-0.85113
0.39028
0.82936
-0.46684
0.88764
0.87221
-1.0347
0.89993
-0.86747
-0.86099
-0.84638
-0.61287
1.2635
-0.17123
0.97585
-0.73821
-0.26053
0.86809
-0.52619
-0.60914
-0.56679
0.21189
-0.3338
-0.7449
0.27832
0.90988
0.26356
-0.34073
0.16111
-0.83183
-0.93847
0.14069
0.32195
-1.0211
-0.80002
0.47521
0.58897
0.29189
-0.44023
-0.31301
-0.16852
-0.78445
-0.47197
0.066411
-0.63987
-0.9612
0.38006
-0.56888
-0.38862
-1.1038
-0.89477
0.98107
0.48798
0.97699
0.44547
-0.29862
-0.64264
-0.94706
-1.0337
-0.83592
0.0067927
1.0432
0.96912
-0.92438
0.52468
0.83897
-0.071049
0.19918
0.45442
-0.064899
0.084792
-0.44639
-0.44793
-0.59813
-1.0804
0.35104
0.44451
-0.17467
1.1765
0.14804
-0.99099
0.75017
0.11537
0.049338
0.7541
-0.90052
-0.37472
0.61459
0.33979
0.4728
-0.10905
0.76507
0.65565
0.0013209
0.6701
0.19805
0.42853
-0.9409
0.80525
-0.21996
-0.20529
-0.93294
-0.087717
0.82554
0.83663
-0.68019
-0.72503
0.30488
-0.97537
0.86269
0.73846
-0.98201
0.91803
-0.5689
0.29205
0.53632
-0.90086
-0.40939
-0.36383
0.27014
-0.67237
0.65342
-0.43508
0.040707
0.86072
0.5024
-0.25386
0.2987
0.12886
0.30138
0.0033511
-0.26805
-0.029414
0.78916
0.49686
0.8446
0.69167
0.75794
0.48806
0.28939
0.77442
-0.62775
-0.040377
0.9142
-0.2298
0.51979
-0.081876
-0.2909
0.71285
0.16102
0.56362
0.39728
0.29826
0.36061
0.15334
-0.45912
-0.52993
0.97188
0.084856
-0.24579
-0.01732
0.078478
-0.717
-0.4889
0.13289
-0.70211
0.23087
1.0302
-0.77877
-0.72882
0.66386
0.69039
0.29965
0.96736
0.89301
-0.54857
0.70429
0.30761
0.30994
-0.92384
-0.53325
0.49134
1.1551
-0.22643
1.0278
-0.88269
0.9223
0.83077
-0.79208
-0.045062
1.0777
-0.83148
-1.1379
0.70002
-0.69605
-0.019847
-0.46612
0.86187
-1.0824
0.43761
-0.29753
0.94297
0.9836
0.69401
-0.93957
0.62873
0.90163
-0.22031
-0.95428
0.22297
1.0972
-0.75271
-0.96495
0.39239
-0.41417
0.44769
-0.43478
0.076332
-0.86969
-0.44018
-0.15854
0.4355
0.37051
-0.91617
0.93291
-0.33888
0.79415
0.56869
0.10826
-0.88727
-0.97657
0.99816
1.0067
-0.048116
0.14558
-0.98434
0.95335
0.69637
-0.91946
-0.17461
-0.98211
0.94396
-0.80207
0.96862
0.54996
1.1443
-0.51885
-0.11454
0.71229
-0.4603
0.1295
1.0877
0.83042
-0.77123
1.0378
-0.05413
-0.72213
1.1035
-0.81897
-1.0693
-0.83572
-0.42864
-0.46042
0.3191
-1.0637
0.31961
0.91803
0.082181
-0.091472
0.11601
-0.86832
-0.85178
0.16186
0.078943
1.0416
0.27981
-0.43662
0.94569
-0.82541
1.0451
0.21343
0.11891
0.54855
-0.83678
-0.22804
-0.52325
0.54669
-0.3447
-0.27501
-0.81804
0.48718
-0.69749
-1.0567
-0.88836
-0.79595
0.62395
0.52171
-0.89574
-0.95369
0.081164
0.99754
0.90422
-0.050826
0.25194
-0.73428
0.35694
1.0515
0.70172
-0.14514
0.032517
1.0056
0.97525
0.80494
-0.88121
-0.50995
-0.4384
0.97272
0.67118
-0.36086
0.1713
0.19686
-0.069693
0.63802
-0.36175
0.13986
1.0376
-0.32625
0.85252
-0.78758
0.75903
-0.96454
0.11637
0.78492
0.82495
0.65726
0.90342
-0.16593
0.93082
0.74812
0.84583
-0.32704
0.20214
-0.71359
-0.53416
0.12593
0.70646
0.94151
0.95301
0.91486
0.37599
1.006
0.0063655
0.18294
0.39642
-0.37634
-0.53761
0.264
0.73178
-0.1021
-0.32608
-0.21086
-0.33941
0.88641
-0.79519
0.88297
0.66504
0.4917
0.74213
0.44489
0.31584
-0.21011
0.68886
0.5414
0.49895
-1.2205
0.22703
-0.94753
-0.73363
0.46848
-0.5719
0.29751
0.57403
-0.74567
0.79662
-0.66566
0.23472
-0.18254
0.77046
-1.0157
-0.91838
-0.002007
-0.10256
-0.14
-0.80755
0.7824
1.1023
-0.87188
-0.4958
-0.80236
0.90937
-0.51119
-0.80301
-1.0874
0.52805
0.56681
-0.27787
1.1023
-0.97275
-1.1114
0.88736
0.86398
-0.69959
-0.25251
0.63485
-0.84676
0.24967
0.79139
0.39033
-0.12833
0.21564
1.137
-0.96354
-1.058
-0.8426
0.72608
-0.73748
-0.87221
-1.0275
-0.66711
0.72985
-0.87259
-0.53062
-0.50646
0.98797
0.7617
-0.86921
0.79907
0.49206
0.86878
-1.0096
-0.43016
-1.0531
0.99675
0.47342
1.0431
0.37918
-0.13235
0.44634
-0.65475
-0.9717
-0.066519
-0.99335
-0.60064
0.34009
-0.14656
-1.0954
0.81468
1.0831
-1.0478
0.94233
-0.088138
-0.07863
-0.94441
-0.00054505
-0.51268
0.69747
-1.081
-0.64332
-0.96829
-0.97548
-0.83906
-0.48071
0.42169
-1.0658
-0.40709
0.9536
1.084
-0.0089856
-0.63076
-0.072349
0.19012
-0.90845
1.0053
-0.026518
0.72714
0.18023
0.063545
-0.80218
0.5827
0.41706
-0.26211
0.78352
-0.14803
-1.1594
0.71984
0.022188
-1.2637
0.58781
0.55267
1.0731
0.52486
0.3101
1.1577
0.97291
0.37992
0.94652
0.89077
0.23697
-0.75689
-0.84624
-0.58621
-0.49097
-0.26729
-0.79009
-1.0138
0.61001
0.94013
-0.80183
0.70625
0.76066
-0.9173
-0.59497
-0.81398
0.73667
-0.92758
0.89624
-0.24317
0.54331
0.27178
1.0535
-1.2401
-0.76549
-0.6785
-0.14166
-0.78393
-0.17087
-0.32668
-0.375
0.32664
-1.0513
0.14854
-0.96426
0.62213
-0.87435
0.33951
-0.23226
-0.19766
-0.95611
0.65913
0.7819
0.1648
-0.70738
-0.056163
0.16087
0.22737
-0.7817
0.87292
-0.47846
0.56865
-0.83433
0.97243
-0.70851
0.77409
-0.91489
0.17381
-0.95235
1.0157
0.068355
-0.8756
-0.98855
-0.93177
0.56685
-0.68992
0.92846
-0.50918
-1.0053
0.28008
-0.012541
0.47561
0.15518
-0.50081
-0.41677
0.62315
-0.8262
-0.89802
0.79985
0.89281
-0.35558
1.1068
-0.43121
0.55735
-0.92914
0.11313
0.87242
0.070503
-0.10965
-0.90148
-1.1045
0.99506
-1.0526
-1.0833
-0.22731
0.99415
0.42766
0.20228
-0.8624
0.56776
0.47612
0.93451
0.33111
-1.0213
-0.26706
-1.1302
0.66187
0.91541
1.0752
0.43593
-0.91082
0.60632
0.98339
-0.47179
0.94383
-0.90817
-0.71266
-0.35718
0.67976
-0.93286
1.197
-0.013911
-0.79606
0.49896
-1.0461
-0.17833
-1.1229
-0.27486
-0.19748
-0.68585
-0.35979
-0.53027
-0.018143
0.40932
1.0111
0.046429
0.43196
0.29828
-0.88286
-0.90772
0.93429
0.043858
-0.18781
-0.55577
-0.45011
1.1439
-1.0308
-0.61695
-0.53294
-0.93889
-0.72166
0.79592
0.54118
0.27608
-1.2402
0.35086
1.0218
-0.82547
0.48835
0.93775
-1.2936
-0.14068
-0.54914
-0.96308
-0.39458
0.055638
-0.68611
-0.88515
1.1742
0.10879
-0.96687
0.91492
-0.46129
1.0081
0.47456
-1.0382
0.11393
0.97626
-0.72781
1.1086
-0.47784
-0.0078822
0.093564
-0.55539
0.96768
0.46032
0.45687
-0.95515
-0.50764
-1.0183
-0.48727
-0.86159
0.99742
-0.86426
0.13514
0.14171
-0.15535
-0.07414
0.47379
0.94004
-0.3656
0.35191
0.6825
-0.83233
1.0421
0.82976
-0.7187
-0.98337
-0.44313
-0.78204
0.78722
0.98873
0.56725
0.99568
-0.34128
0.16174
0.80389
0.43018
0.17175
1.1129
-0.97492
0.16383
1.0568
-1.0626
0.4424
0.2626
0.22512
0.1046
-0.48102
-0.63238
-0.80255
-0.60296
0.2839
-0.17057
0.63167
0.87856
-0.85
-1.0803
0.65715
-0.80628
0.86187
-0.89459
0.74769
0.048117
-0.6448
0.041503
0.16194
-1.1096
0.97471
-0.04005
0.34284
0.83283
-0.65137
0.18124
-0.94631
-0.64211
-0.85876
-0.20386
0.038864
-0.709
0.75954
-0.10773
1.0294
0.99337
0.51058
-0.64402
-0.49626
-0.97942
-1.0252
1.0479
-1.0388
-0.30196
0.87456
-0.24771
-1.0397
-0.18296
0.13891
-0.62549
0.34814
-0.12179
-0.48961
-0.88178
-0.63088
0.48622
0.85832
0.58858
-0.88223
0.10289
-1.0083
0.67542
-0.65617
-0.42502
0.55379
0.41307
1.0035
1.0231
0.27611
-1.1431
0.20778
-0.68643
-0.94255
0.9894
-0.091544
1.0082
0.95476
-0.51071
0.16603
0.19369
0.77957
0.049191
-0.76351
0.61388
1.0758
-0.54437
-0.22937
0.14346
-0.98973
0.25946
0.024197
-0.71513
-0.38954
0.85008
-0.33739
-0.31857
-0.89215
1.0418
-0.0078247
-0.75648
-0.80632
0.94501
0.42013
-0.53394
-0.38611
1.0764
-0.89736
0.26864
1.1469
-0.88406
0.45375
0.63587
-0.14066
-0.92614
-0.85437
0.85688
0.29781
-0.93878
-0.02098
-0.97239
0.74411
0.36579
-0.58493
0.48566
-0.91035
0.93983
-0.86542
0.20484
-0.01672
1.0401
0.56937
0.80043
-0.93538
-0.75796
-0.023959
-0.73716
-0.73435
0.71898
0.39517
-0.53974
-1.0351
0.13264
0.87714
-0.97001
-0.85923
1.0409
-0.0053219
0.46643
0.33972
-0.24842
0.65667
-0.62082
1.0871
1.0599
-0.20428
-0.54486
0.70034
-0.81935
-0.25855
-0.73273
0.68276
0.00086936
-0.72695
-0.87328
0.6464
0.38232
0.17376
-0.43656
1.0507
0.7494
-0.083296
0.94559
-0.15287
-0.71103
0.56919
0.12707
0.5947
0.92233
-1.0224
1.0496
0.64511
-0.71299
-0.86688
-1.0601
-1.0723
0.31867
-0.85576
-0.054165
1.0854
-0.30927
-0.68331
0.86095
1.1369
0.14042
0.27439
0.97536
0.12748
0.8938
-0.90905
0.2476
0.91775
0.053348
0.2709
-0.0073783
-0.093143
-0.01485
0.52892
0.71303
-0.63196
-0.78132
0.86063
-0.38095
0.70888
-0.15838
-0.70479
0.022731
-0.73801
-0.88587
-0.5468
0.026057
0.010898
-0.38729
0.9582
0.88131
0.28386
-1.1399
0.64861
-0.54597
0.61144
0.77131
-0.89123
-0.65181
0.75125
-0.12054
-0.62769
-0.11058
1.069
-0.82744
0.25232
-0.9924
0.82987
0.49382
0.23283
-0.87415
0.81486
0.77517
0.067184
-0.56068
-0.72293
-0.013972
-1.088
-0.067898
-0.84649
-0.95223
-0.94891
-0.33458
-0.46769
0.90509
0.96864
-1.0116
-0.28553
-0.69027
-0.75121
-0.98859
0.98875
-0.14529
-1.0585
0.77786
-0.11121
0.88229
0.28747
0.71181
0.71645
1.0538
-0.84643
1.0762
-0.28026
-0.96449
0.72281
-0.98674
-0.9675
1.0032
-0.54302
-0.37611
-0.030287
0.096463
-0.8025
0.6104
-0.94084
-0.58732
0.92163
0.01231
0.79161
0.41372
-0.84349
-0.4694
-0.8638
0.91353
0.3447
-0.6447
0.11995
0.70648
0.93618
0.41326
-0.86764
-0.10959
-0.31879
-0.84089
0.90904
0.23854
-0.39355
0.80984
0.39744
1.025
-0.80999
-0.059732
0.39329
1.0707
0.11226
-0.33371
-0.92167
-0.33457
1.0686
0.80631
0.20917
0.017531
0.76969
-0.82253
-0.85436
0.15959
-0.91014
0.58062
-0.60167
-0.67412
-0.43007
-0.68088
0.68799
-0.0072875
-0.86213
1.0188
1.011
-0.11843
0.10754
0.59878
-0.97661
1.1085
-0.97405
0.069616
-0.64936
0.63668
-0.64552
0.94684
-0.046378
-0.53964
0.42328
0.79318
-0.41226
-0.88373
0.86922
1.0366
0.44318
0.50365
-0.64092
0.76082
0.57386
-0.36582
0.65855
-1.0844
-0.92227
0.43227
0.18617
-0.39229
-0.2901
-0.78815
-0.97874
1.0077
-0.51071
0.60291
0.84025
-0.9281
0.27319
-1.0924
0.17885
-0.75224
-1.0033
0.98569
-0.67989
0.0049914
-0.63419
0.3047
-1.0191
0.93484
0.62623
-0.89081
-0.054764
0.96756
-0.24267
0.69629
-0.55944
-0.51961
0.083067
-0.034518
1.0686
-0.95951
1.0889
0.88244
-0.88327
0.52615
-0.8392
-0.56603
1.028
0.16048
-0.14287
0.35856
-0.82648
-0.22173
0.573
-0.63157
0.18741
-0.95653
0.93623
0.10657
-0.89352
-0.072148
-0.25733
0.44605
-0.20797
-0.026484
-0.6505
0.29829
-0.86368
0.44837
-1.0543
0.95529
-0.97788
0.83864
0.67668
-1.0471
0.76015
1.047
1.067
0.21335
-0.77172
-0.25037
0.021781
-0.12984
-0.95706
-0.083046
0.87938
0.74674
0.42337
-0.20854
0.58267
0.21941
-0.57752
0.35686
-0.60329
0.45747
-0.59089
-0.99795
0.088241
-0.84888
-0.69899
0.93461
-0.77057
-0.011419
-0.15843
-0.8033
0.70639
-0.6118
0.16901
-0.22604
0.74788
-0.58001
-0.93903
-0.73158
0.2134
0.2711
0.60317
0.50432
-1.0895
-0.64854
-0.82529
0.97271
-0.87547
0.89135
-1.0131
-0.83721
-0.68777
-0.34279
-0.079342
-1.0528
-0.2637
-0.42467
0.049042
0.83696
1.2483
-0.56474
-0.85687
-0.32723
0.035337
-0.83489
0.70042
0.96403
1.034
-1.0762
-0.61018
1.0052
0.57492
1.0074
-0.68605
-0.52748
0.65318
0.41744
1.1252
0.46734
-0.6093
-0.13746
-0.9203
-0.43965
-0.069789
0.61041
0.76558
-0.76559
0.25012
-0.15061
-0.66349
-0.85232
-0.02225
0.33577
0.89601
-0.27501
0.78416
-0.14277
0.21755
-0.014859
-0.9368
0.99407
0.80864
-0.044905
-1.1334
-0.80589
0.92294
-0.9543
-0.57253
0.90174
-0.8976
1.0547
0.47272
0.86356
-0.7682
0.81977
0.082301
-0.85569
0.5508
-1.2351
-0.62654
0.89031
-0.96057
0.781
0.6766
0.91876
-0.42169
-0.9651
-0.0066659
-0.499
0.83158
-0.91058
-0.74412
0.84988
0.76341
0.5746
-0.4242
0.39591
0.76324
0.56678
0.84318
-0.11729
-0.90574
0.79857
1.058
-0.77435
-1.0472
0.18152
0.17056
0.55201
-0.25495
1.0539
-1.0496
0.71017
0.1628
-0.99093
-1.007
-0.60034
1.0403
-0.84235
0.67142
-0.8125
-0.59511
-0.40945
0.38564
-0.60155
0.48769
0.51688
0.96149
-0.55545
0.55295
0.49379
-0.88925
0.9632
0.47594
-0.57809
0.63853
-1.1324
0.93699
-1.1104
0.69835
0.45981
-0.9886
0.4756
-0.63344
0.66532
0.2615
-0.47663
0.93755
-0.98676
-0.64239
0.75225
0.099887
-0.95797
-1.068
1.0647
0.55664
-0.67081
-0.53008
0.20833
-0.48428
0.82795
-0.63157
-0.013792
-0.99945
0.20115
-0.68823
-0.81323
-0.57737
-0.12273
-0.67133
0.61453
0.83416
-0.7134
-0.80756
0.27018
0.23374
-0.31659
0.041878
-0.86079
0.85607
-0.46743
-0.70434
0.6138
0.24704
0.012465
1.074
-0.77629
-0.95077
0.73612
-0.58113
-0.4939
0.70858
-0.98315
0.15439
-1.1713
1.189
0.51634
0.95742
0.36605
1.0026
-0.5005
-1.0113
-0.38593
0.84411
1.0451
-0.67238
0.38569
-0.47778
-0.5536
-0.17547
0.76813
0.97457
-0.17488
-0.6849
1.1119
0.5851
0.89085
-0.21134
0.97321
-0.82254
0.84329
0.019545
-0.93945
0.19226
0.92235
-0.71906
-0.2898
0.26306
1.1355
-0.66894
0.89256
0.54233
-0.39917
0.32259
0.4016
0.5168
-0.95242
-0.87189
0.97586
0.51719
0.80797
-0.81041
0.59595
0.18541
-0.49569
0.27715
1.0618
0.74053
-0.10821
-0.083953
1.0876
1.047
1.0098
0.16847
-0.026627
-0.46291
0.63211
-0.89473
-1.0675
0.79859
0.42887
-0.53105
-0.80206
-0.076793
-0.13111
0.3238
0.48812
0.9123
0.63514
-0.00085675
-0.44217
-0.57015
-1.0139
-1.0106
0.53104
-0.69606
0.57013
0.29565
-0.83101
0.49802
-1.1083
0.28658
0.020442
0.46397
0.29901
-0.4209
-0.89951
0.17759
-0.29038
0.86789
-0.033189
0.47907
-0.41529
-0.47359
-0.79299
0.76539
-0.88867
-0.94032
1.0027
-0.56975
0.39249
0.61269
0.61199
-0.93066
0.1642
0.43656
0.26584
0.27961
0.14617
0.10279
-1.0846
-0.095653
-0.35932
-0.78261
1.0371
-0.019325
-1.1825
0.70958
0.93841
-1.0068
0.55513
-0.6237
-0.66794
-0.21815
-0.81316
-0.59537
-0.81039
-0.8635
-0.84201
-0.7567
0.68931
0.99476
0.6614
0.42558
0.847
0.65304
0.45318
1.0917
-0.45409
-0.61924
-0.95223
0.34326
0.59125
0.83153
-0.566
-0.025298
-0.80323
0.83311
0.63292
-0.86567
0.12131
-0.94887
0.83857
-0.49852
-0.23488
-0.03663
-0.21364
-0.59186
-0.30447
0.89707
-0.65548
0.82735
0.60349
-0.90097
0.4859
0.88535
0.99044
0.44445
0.95693
-0.47802
-0.50383
-0.10971
-1.0461
-0.60234
-1.023
0.97504
0.85496
-0.31459
-0.91704
-0.73012
-0.68156
1.0153
-0.74718
1.0232
0.83426
0.45132
-0.9724
-0.87138
0.095013
-0.83695
-0.88305
-0.18927
-0.80214
0.39852
0.71946
-0.50229
-0.77639
-0.0030591
0.87637
-0.4502
0.0047349
-0.29516
0.80371
0.85926
-1.0259
0.89354
-0.74496
0.10765
-0.85653
0.56161
0.54745
-0.59281
-0.98407
1.115
-1.0242
-0.54548
0.1507
0.036891
-0.94675
0.76993
-0.78922
0.05139
0.02622
-1.0645
-0.54328
-0.77229
1.0548
0.49978
0.16105
0.25925
0.79939
-0.24312
0.8636
0.42324
0.65214
-0.26247
-0.97226
-0.90252
-0.94602
-0.72631
0.52253
-0.59421
1.023
0.73351
0.81828
-0.22246
-0.53518
-0.84087
-0.13184
-0.79897
-0.97222
-0.19178
-0.85076
-0.80201
0.39997
0.65585
0.80756
1.03
0.8064
0.55178
-0.11421
0.41876
0.65838
-1.0611
0.85944
-0.57954
0.553
0.3053
-0.0083896
0.71026
0.32406
0.86787
0.42435
-0.43303
0.51695
0.93735
-0.20905
-0.41472
-0.25462
0.50738
0.37722
-0.019491
1.0778
0.18804
0.43918
-0.44528
0.91073
0.21276
1.0885
0.25836
0.92699
-0.62964
-0.91879
-1.0978
-0.36519
-0.24635
-1.0275
0.21137
-0.81265
-0.37318
-0.43627
0.41286
0.54882
0.37329
0.16919
-1.0603
0.46778
0.68844
0.91131
0.67201
0.37822
-0.89147
-0.057281
-0.70896
0.52768
-1.1122
1.1233
-0.79299
-0.81833
0.81608
-0.60754
0.70857
0.99195
0.57887
-0.68019
0.21681
0.27182
-0.30544
-1.0552
0.50563
-0.083127
0.5914
0.92713
0.44068
-1.0818
0.79781
0.98279
-0.49242
0.53573
1.1308
-0.27509
0.26048
0.88388
-0.191
-1.1148
-0.079737
-0.0097682
-1.1347
-0.27501
-0.80661
0.96456
0.56558
0.52847
0.64779
-0.15325
-0.41016
0.45545
-0.66436
-0.15223
1.0295
-0.93396
-0.35252
-0.80811
0.81155
0.032783
0.96512
0.18513
-0.80664
0.2393
-0.82206
0.05794
-0.15769
-0.24318
-0.1428
0.063205
-0.88386
1.0006
-0.2931
0.52351
-0.89343
-0.5043
0.91105
-1.2019
1.0132
-0.92552
0.79196
0.96269
-0.74594
0.52751
-0.086221
-0.71486
0.65801
-0.98021
-0.85625
-0.25526
1.1096
-0.66152
0.34094
0.092616
0.61475
0.92003
-0.19134
0.044598
0.47411
0.92705
-0.48249
0.69442
0.96828
-0.98866
-0.35075
0.11491
0.94217
-1.0417
1.0124
-0.13567
0.48222
-0.96636
-0.89948
0.89612
0.5152
0.52865
-1.0214
-0.46815
0.46158
0.24299
0.55382
0.58824
0.45749
-0.50967
0.72904
-0.73163
0.60911
0.816
0.74435
0.97567
0.60906
0.30743
-0.64102
0.19784
0.5124
0.32059
0.68869
0.69879
-0.75226
-0.86691
-0.54533
-0.82135
-0.80853
-0.85895
-0.12628
0.91066
0.7667
0.80725
0.8263
-1.0042
-1.0449
0.95609
0.771
-0.65281
0.54705
0.18053
-0.90267
-0.92272
0.69013
-0.2484
-0.96938
-0.91051
0.67678
0.90488
-0.7784
0.56456
0.78673
0.082287
-0.5602
-0.054622
-0.61583
0.25264
0.29465
-0.74304
1.0585
0.51728
-1.0929
1.0001
0.94343
0.4551
0.094281
0.87862
1.0618
0.76503
0.98529
0.82388
1.0099
-0.20812
-0.91865
0.95131
0.90946
-0.39834
0.56857
0.10026
-0.40493
-0.65665
0.83106
0.42804
-0.89867
0.79443
0.80013
0.74232
-0.65794
0.99265
0.42429
-0.53198
-0.61111
0.84744
-0.92372
1.1244
1.0108
-0.74845
-0.063359
-0.98536
0.20908
-0.56833
0.95095
0.74443
-0.93114
0.97019
0.51633
0.44322
0.50917
-1.0862
-0.5972
-0.90398
0.51171
0.77353
0.16753
-1.0416
0.62227
0.43591
-0.54529
0.65975
0.5021
0.4565
-0.63332
0.87667
0.34124
0.48545
0.23507
0.85853
0.75888
-0.28465
0.88118
0.98181
-1.1068
-0.97898
0.56785
0.46084
-1.0228
0.84422
-0.93042
-0.48484
0.68467
-0.69651
0.39739
-0.9984
-0.32338
-0.45142
-0.83648
0.60896
0.53284
-0.52181
0.48203
0.2554
-0.85601
0.039875
0.50876
-0.815
0.031895
-0.83477
-0.61201
-0.90884
-0.42903
1.0012
0.99011
-0.96202
-1.0104
-0.79515
-0.89008
0.27123
-0.402
0.60209
-0.47133
0.61991
-0.39447
-0.97444
-0.54524
-0.76332
1.1139
0.80463
0.10339
0.72617
-0.46593
0.69934
0.8127
-0.3673
-0.8579
0.61652
0.67538
0.83852
-0.055078
-0.31489
-0.087365
-0.67766
-0.94286
0.2049
0.2656
-1.097
-0.073024
-0.58064
0.97773
0.87277
0.93554
0.97762
-0.37366
0.46871
0.028982
-0.84095
-0.59045
-0.4763
-0.24148
0.95138
0.46002
-0.041432
-1.0564
-0.40317
-1.0962
0.80751
0.53335
-0.23039
0.79809
0.13752
-1.1182
-0.47948
0.47949
-0.31577
0.92977
1.1439
-1.098
1.1176
0.01866
0.22431
-0.96343
-0.44169
1.0096
0.26951
-0.30705
0.70775
0.11282
-0.1959
0.61939
0.29675
0.10899
-1.0094
0.20946
-0.05222
0.21552
-0.3629
0.12695
-0.51272
0.77141
0.35249
-0.4471
-0.37046
-0.90527
0.54645
-0.84915
-0.89938
-1.0214
0.51955
-1.0071
0.16138
-0.121
0.94494
-0.50987
-1.0376
-0.13589
0.1813
-0.58263
-0.77503
0.51958
-0.45299
-0.41148
0.92143
-0.77617
0.81795
0.58587
-0.33157
1.0704
0.99936
-0.64604
1.0054
0.33688
-0.818
-0.71567
0.82898
0.50565
-0.50028
-0.9513
0.88767
0.67744
-0.84403
-0.36655
-0.64783
-0.668
-0.54139
0.89673
-0.91484
-0.7681
-1.0321
0.034423
0.84554
-0.93457
0.74007
-0.86334
-0.9681
-0.73771
-0.33322
-0.83
0.41509
0.76752
-0.054301
-0.84963
-0.50639
0.79587
-0.58835
-0.12289
-0.84175
0.69134
-0.0099348
1.0237
-0.88831
0.91249
0.7946
0.61503
-0.57685
-0.10253
-0.87393
0.78742
-0.16737
0.40016
0.80385
0.79668
-0.34315
0.60421
0.047509
-0.29571
-0.8357
-0.040352
1.0846
-1.1023
-0.84345
0.78051
0.30174
-0.37068
0.68184
1.0913
0.27239
-0.79758
0.87796
0.65038
-0.76607
0.24512
-0.83339
0.0048336
-0.25077
-0.83273
-1.0109
0.40793
-0.81839
0.59674
-0.86816
0.46578
0.97016
0.063817
0.32481
0.38619
0.23876
0.51508
-0.58833
0.30936
-0.29066
0.61548
-0.21939
0.11112
-0.79264
0.91638
0.14855
0.53616
-1.0064
1.02
0.53668
0.54812
0.32281
-0.1098
0.83833
-0.32206
-1.0578
0.43899
-0.81041
-1.0053
-0.97985
-0.8904
0.2416
-0.66194
1.1533
0.8177
-0.57491
0.67687
0.25293
0.63898
0.2937
-0.10323
0.83144
0.031787
-0.68936
-0.60612
0.16965
-0.70897
-0.99165
-0.5834
0.88265
0.97606
0.076955
0.84647
-0.023333
-0.37236
0.57834
1.0502
1.1314
-0.8923
-1.0127
0.36115
-0.66838
-0.25056
0.84287
-0.8476
-0.84052
-1.0538
0.050044
-0.94244
0.54187
0.89207
-0.28446
0.39635
-0.62336
-0.49225
-0.29066
-0.84331
-0.80233
-0.42461
0.1392
-0.46638
-0.050605
0.83914
0.77837
-0.41229
0.10855
0.41625
-0.1992
-0.25635
1.0834
0.39938
-0.82954
0.21944
-1.0291
-0.49273
-0.64012
0.87905
-0.45238
-0.1733
-0.36922
0.47308
0.89524
-0.95555
0.94613
-0.30582
0.028228
0.88841
-0.10495
-0.88083
-0.58516
0.0087979
1.0417
-1.0736
0.95048
1.2112
0.57482
0.68548
-0.56645
0.73965
0.33095
-0.27116
0.051266
0.020207
0.17945
1.1127
-0.89633
-0.091232
1.0973
-0.88127
-0.64631
0.7812
0.24743
-0.60801
0.82014
0.20108
-0.36269
-0.098001
0.98204
0.60597
0.83612
-0.6345
0.28013
0.40435
1.0964
0.80792
0.18983
-0.28625
0.62747
-1.0626
0.65134
-1.0177
-0.37719
-0.78627
0.91991
0.63897
0.92652
0.54918
0.62582
0.59075
-1.0446
-0.33833
-0.067995
-0.93368
-0.90556
-0.2111
-0.97014
-0.86633
0.29105
-0.23317
0.010494
0.43231
-0.77271
1.128
-0.38489
-0.071761
0.79307
0.87938
0.045443
-0.92949
0.77084
0.37761
-0.64569
0.30606
0.45418
1.0357
-0.35965
-0.58347
1.0516
-0.35645
-1.1412
0.016774
0.6633
-0.17988
-0.22327
0.80177
0.79431
-0.92725
-0.79516
0.29814
0.60487
-0.0013786
0.45559
-0.77991
-0.97255
-0.75024
-1.0883
1.0588
-1.1844
-0.3549
0.94717
0.26552
-1.0939
0.26778
-0.80978
-0.81523
-0.11735
-0.087856
-0.97113
-0.25318
-0.095891
-0.95471
0.4232
0.018323
-0.9021
1.147
0.8147
-0.93885
0.91874
0.52012
0.59906
-0.76903
0.27533
-1.1313
0.18346
-0.31752
-0.92034
0.24169
-0.64897
0.72003
0.82674
-0.85136
0.50371
0.72423
0.57943
-0.029766
0.27229
0.65805
0.5217
-0.24319
-1.0834
0.79096
-0.84816
0.69785
0.028168
-0.4537
-0.25303
-1.0991
0.56324
-1.0204
-1.0563
0.4299
-0.70319
0.41634
1.0329
0.16114
-0.31952
0.27124
-0.22913
1.0397
0.34174
-0.83701
0.76794
0.32744
-0.96537
-1.1143
1.0277
0.41771
-0.79884
0.55594
0.14074
0.74291
-0.85026
0.77125
-0.27208
-0.99678
-1.1726
0.66863
0.24908
-0.65919
0.55266
-0.98107
1.0136
-0.22731
-0.28129
-0.99117
0.65328
-0.07238
-0.38997
0.74352
-0.63474
-0.89944
0.89428
0.31695
0.79868
0.90682
0.83093
-0.86859
-0.98981
-0.9846
0.42745
0.65671
0.11795
-0.24794
0.061837
0.34862
0.0044333
-0.43988
0.064249
-0.23582
0.75484
0.66663
-0.98615
-0.77513
-0.26288
-0.90482
-1.0738
0.41175
0.80955
0.41613
-0.92285
-0.55377
0.17569
0.25686
-0.072957
0.33587
0.22429
0.027877
0.6758
-1.0649
-0.48844
-0.19766
0.12856
-0.9507
0.17499
1.0042
-0.59448
0.7323
0.98171
0.51502
-0.93611
0.54521
0.16814
0.16354
0.91356
-0.74679
0.59709
-0.13867
0.17506
-0.74345
0.58593
-1.1631
0.81146
0.29472
0.15085
-0.1408
0.12754
0.76663
0.94267
-0.14781
1.0007
-0.47648
-0.32135
0.13335
0.21471
-0.54839
-0.16005
1.1182
-0.7414
0.96201
0.15455
-0.25704
-0.48199
-0.58898
0.36476
0.97005
0.07132
0.28062
-0.78798
-0.93222
-1.1086
0.054258
-0.91447
-0.93677
0.68842
-0.20613
0.33651
0.2037
-0.54365
1.0077
0.82501
0.73224
0.12834
0.35804
-0.69013
0.17626
-0.83006
-0.79276
0.21938
-0.31461
-0.58054
-0.34903
-0.08231
-0.48918
-0.82801
0.95771
-1.0082
0.504
0.17104
-1.0202
-0.87629
-1.0157
-0.62426
-0.65794
0.27594
-0.1349
-0.14998
0.31533
0.84203
-0.88619
-0.67783
-0.20366
0.2292
0.90601
-1.0555
0.74588
0.91174
-0.0095783
-0.55735
0.24315
-0.90639
0.5246
-0.9969
0.52693
-0.78371
0.34512
-0.38268
0.44639
-0.203
0.44237
-0.2504
-0.87438
0.21224
-1.1455
0.10661
0.91554
0.72196
-0.92137
-0.30548
0.75773
0.72901
0.43769
0.77345
-1.2651
0.91951
0.87857
0.59325
0.51578
-0.32806
0.055686
-0.24077
0.15477
-0.9095
-0.79443
-0.73054
-0.27443
-0.829
-1.0011
0.63455
-0.97776
-1.1042
0.98773
0.47953
-1.1569
-0.55546
-0.61178
0.52482
-0.63209
-0.74558
1.0557
0.1631
0.9487
0.50369
0.38166
-1.0047
-0.84892
-0.74257
0.78585
-0.051824
1.1352
0.74653
-0.041556
0.60522
0.27665
-0.64505
1.0677
-0.026816
0.91458
0.35462
0.81751
1.0631
0.49681
0.89453
0.83029
-0.27349
-0.01487
0.61145
-0.21149
-0.87854
1.1239
0.85646
-0.7852
0.22267
0.5648
0.99697
-1.0003
-1.1731
-0.70021
-0.82951
0.2031
0.41804
0.68904
-0.95722
-0.83638
0.7145
0.65064
0.81039
0.9718
0.96079
1.0389
