0.63086
0.52386
-0.657
0.065432
-0.27969
0.64478
-0.29052
-1.0895
-1.0205
0.28198
0.99036
-0.076782
-1.0155
-1.1921
0.76449
-0.53531
0.18237
1.1734
1.0155
0.60738
1.0092
1.0074
-0.9555
0.59894
-0.84544
-0.99543
-0.92076
0.97391
0.66848
0.83242
0.56198
-0.59356
-0.59431
0.88273
-0.56463
-0.63285
0.083973
0.31056
-1.0741
0.33117
-0.31394
0.90878
0.0074353
-0.28733
0.48217
-1.0925
0.049082
-0.84472
-0.43075
-0.70253
0.11898
-0.14636
-0.52785
0.31108
-0.70766
0.83456
0.78973
0.37165
-0.94991
-0.68935
-0.28379
-0.81574
0.58041
0.18267
-0.5279
-0.91822
-0.75881
-0.48771
0.9374
-0.76721
0.88384
-0.75269
1.1063
0.47788
0.10316
-0.79177
-0.026405
-0.0093944
0.067015
-0.77126
0.038914
-0.50914
-0.40171
0.85907
-0.25816
0.51217
-0.10931
-0.68214
0.75079
0.4813
0.81375
0.93425
0.66465
0.94922
0.8857
0.47558
0.67456
0.25143
-0.89164
0.27321
-0.68976
-0.81622
0.84667
0.69501
-0.94804
-1.0059
-0.029777
0.52498
-0.8643
0.40133
-1.0149
-0.3707
-0.55599
0.78021
0.91502
-0.84986
-0.74447
0.23214
0.8335
0.90518
-0.95551
0.025745
0.27259
-0.17493
-0.84014
-0.17435
-0.66739
0.69886
0.99763
0.6605
-0.60885
-1.2176
-0.39556
-0.51055
-0.36111
0.11178
-0.9052
0.2435
-0.34541
0.77334
-1.1895
0.044565
-0.7114
0.8565
-0.27405
-0.83806
-0.97965
-1.145
0.06553
0.52378
0.66474
-0.82647
-0.99547
-0.3602
0.10827
0.99364
-0.92945
0.25705
-0.43911
-0.62018
0.72804
0.97059
-1.0206
-0.53109
1.0744
-0.85342
0.52957
-1.0497
-0.92469
0.20914
-1.1014
0.45294
0.97858
0.1257
0.98361
0.82675
-0.67931
-0.40019
0.96923
0.85521
0.60826
0.74452
-0.43438
-0.075039
-0.98037
0.33444
0.68206
0.88977
-0.77961
-0.88568
0.77568
0.53911
-0.74909
-0.45166
-0.37432
-0.40222
0.75099
-1.0593
-0.97803
-1.1158
-1.0144
-0.19741
0.39477
-1.0147
0.91351
-0.30054
0.56178
0.81429
0.55945
1.043
-0.86259
0.013711
-0.56442
-0.99542
-0.75346
-0.17512
-0.61643
0.92879
0.40046
0.91982
-0.87552
0.14457
0.078756
0.26823
-0.37216
0.52332
0.96737
0.97329
0.80085
0.71812
0.12501
0.16249
1.1265
-0.033714
1.1713
0.89662
-0.15784
0.76643
-0.58593
0.92607
0.81006
1.0251
0.98328
-1.0421
0.55924
-0.66987
-0.16089
0.77783
-0.16814
0.41096
0.44888
0.95992
0.3093
0.89577
0.9042
-0.8604
1.1414
0.29923
-0.82479
-0.92372
0.65099
-0.70158
-0.38755
-0.86937
0.51394
0.91535
-0.72608
0.67366
1.2181
0.94949
0.5964
-0.66374
-0.94707
0.92356
-0.10861
-0.97366
-1.0875
0.65145
-0.40336
0.84549
0.96823
0.28058
1.0974
-0.92025
-0.21308
-0.42
-1.0007
0.1499
1.2001
0.78318
-0.11102
-0.43867
1.0881
-0.16373
1.1019
0.8463
1.0286
-0.97328
0.73651
0.091596
-0.98545
0.45657
0.95542
-1.0071
-0.4905
0.77643
-1.017
0.5255
0.97488
0.81949
1.005
0.83352
0.901
0.83577
-0.8964
-0.67778
-0.74924
0.78174
1.0336
0.82569
-0.80782
0.45787
-0.84443
-0.80491
-0.95738
0.81134
1.0523
-0.84465
-0.037257
-0.54262
0.17279
0.4044
0.92858
0.97174
0.46654
1.0068
0.38785
-0.15436
-0.54283
0.30908
-0.3593
0.17956
1.0498
0.82794
0.92494
-0.5939
0.99822
1.0571
-0.35768
-1.0609
-0.87695
-0.36049
-1.2031
-0.90926
-0.82111
1.0681
-0.050655
-1.0252
-0.98397
-0.83227
0.029718
-0.094366
-0.74609
0.72249
-0.9106
-0.29739
0.98663
0.17051
0.81876
-0.99366
0.9168
-0.34841
1.0423
0.021271
-0.87257
-0.033544
0.91493
0.58483
-0.51343
0.19861
0.1847
0.9619
0.15904
0.2865
-0.19052
-1.0477
0.089205
-0.59384
-0.72444
0.99078
-0.85752
-0.43559
-0.55344
-1.0394
-0.45477
0.91408
-1.1171
-0.14495
-1.0471
-0.59624
0.35548
0.58887
-0.20056
0.70315
1.0094
-0.22765
0.83049
-0.30333
0.95997
-0.94227
1.0336
0.050018
0.88701
-0.77076
-0.87751
-0.73221
0.56813
0.84237
1.0725
0.89284
-0.20118
-0.75684
-0.49121
-0.29129
-1.0243
-0.86286
1.1207
1.2085
0.93337
-0.57895
-0.82651
-0.89433
-0.73308
-0.63392
-0.072763
0.63693
0.6663
-0.012538
-0.68995
-0.72579
1.0407
0.33204
-0.66529
0.65694
0.34249
-0.37962
-0.22658
-0.74752
0.91611
0.83887
-0.045147
0.68346
-0.71473
0.43906
-0.5565
0.56744
-0.20392
-0.45887
0.26071
0.83143
0.45264
-0.84865
0.59233
0.87522
0.15336
0.020827
1.0477
1.0117
0.6801
-0.59729
0.88783
-0.085871
-1.0062
0.76558
-0.44685
0.79217
0.91883
0.1367
-0.12422
0.43859
0.93286
-0.82956
0.9212
-0.84437
-0.97148
-0.14045
-0.18477
-0.84697
-0.99695
0.98054
-0.81271
-0.7027
-0.90876
-0.41423
-0.78623
-0.56873
0.70642
0.97913
0.8227
0.59633
0.99995
0.29988
0.23838
1.0356
0.58633
0.92911
0.16453
0.02992
-0.83574
0.92858
0.90564
-0.53997
1.1423
-0.078767
0.0027848
-0.91843
-0.2557
-1.0258
-0.18607
1.1877
0.74796
-0.07258
0.057224
-0.5998
0.04221
0.26348
-1.0597
-0.19453
-0.082451
-0.33411
0.55091
0.99285
-0.16298
0.021446
0.83933
0.13336
-0.36939
0.63675
-0.3067
0.92444
0.17311
0.35061
0.72447
0.21123
-0.89029
-1.0838
-0.30702
0.79298
0.070946
-0.96116
0.87281
1.271
-0.95758
0.69453
-0.76181
-1.0572
0.65176
0.32495
0.65373
0.90762
-0.94216
0.48165
0.79784
0.6785
-0.97758
0.20846
0.34611
-0.090097
0.26337
0.82758
-0.8496
0.83806
-0.40412
-0.2596
0.97609
-0.76946
-0.27747
0.68878
0.39769
0.77476
0.75172
-0.64971
0.87063
-0.27779
0.81186
0.020809
0.4209
-0.8405
0.40294
-0.16313
-0.77693
0.76787
0.16299
0.66921
1.0072
1.106
-0.42569
-0.50183
0.98693
-0.95277
0.12371
0.34961
0.60578
-0.97887
-1.0001
0.76967
-0.38745
0.92892
-0.97564
0.69708
0.84329
0.13019
-0.39924
0.42998
1.1082
0.91728
0.41873
-0.82644
0.10401
0.12466
-1.0703
0.98948
-0.22457
-0.74443
0.96505
0.71653
-0.19818
-0.80429
0.82412
0.54535
0.65995
-0.67515
-0.90969
0.82426
-0.55678
0.87897
-0.2018
-1.0676
-0.46243
-0.7188
0.37073
-1.1353
-0.32627
-0.072812
-0.71496
-0.037412
-0.96955
-0.54514
0.83575
-0.52522
-1.0499
0.036585
1.0363
-0.60557
-0.28568
0.39596
0.038483
-0.97082
0.24839
-1.0549
1.1519
0.27674
1.2259
0.96182
0.76442
0.74767
-0.059596
0.36817
0.65593
0.8297
0.99848
0.37469
0.86731
-0.42856
0.17624
0.95601
0.76922
0.90454
-0.72567
0.79065
-0.23155
-0.79767
-0.89877
0.3125
0.69763
-0.73867
0.074349
0.88808
0.98685
0.86041
0.73752
-0.77797
0.72134
-0.41024
0.096597
0.13208
0.42383
-0.94228
-0.65681
0.27768
1.0348
-0.4987
0.62625
0.91337
0.49878
-0.54482
0.99384
-0.34542
-0.6415
0.20641
-0.97385
-0.14669
-0.55979
0.69846
-0.949
-0.46606
0.99109
0.021829
0.88741
-0.90837
-0.099644
-0.95139
0.6865
1.0485
-1.1596
0.87089
-0.031945
-0.11003
-0.73455
-1.1447
1.0065
0.80554
-0.78158
-0.79592
-0.60305
-1.0616
-0.75629
-0.36635
-0.84799
0.62188
0.096258
0.85384
0.36172
1.0035
0.055921
0.98827
-0.678
-0.88202
0.64532
-0.81221
0.76634
0.30878
0.13761
-0.78947
-0.25596
-0.4492
-0.68155
-0.98699
0.37959
0.56175
0.93461
-0.49265
-0.82974
-1.0259
-1.0915
-0.5158
0.78832
0.10839
-0.62475
0.61102
0.1271
0.82977
-0.088238
-0.3608
0.43412
-0.22191
0.26639
-0.10737
-0.6314
-0.76021
-0.71497
0.88938
1.0815
0.62386
0.45759
-1.0156
-0.32146
-0.4692
0.55393
-0.79471
-0.17773
0.65643
-0.32228
0.0072017
0.65558
0.45271
-0.3239
0.89115
-0.34388
-0.55628
-0.93291
1.0623
0.41888
1.1326
0.5987
-0.15331
-1.0148
-0.38573
0.86759
0.99949
-0.084232
-0.70348
0.48798
-0.39565
0.26738
-0.1455
1.0827
-1.0115
0.26374
0.79619
0.96643
-0.96283
0.60338
0.43167
-0.51563
-0.19515
0.47752
0.56224
0.40349
-0.076028
-0.93472
-0.78219
-0.16529
-0.92129
-0.27422
-0.72201
0.76123
-0.87647
-0.82436
-0.0793
-0.31116
-1.0712
-0.40398
0.57263
1.1244
0.46581
-0.77048
0.35583
-0.4162
0.87321
-0.54085
0.56158
1.0378
-0.44803
0.85444
0.48361
-0.14894
-0.045981
-0.7882
-1.073
-0.16435
1.0432
-0.98516
-0.47369
-0.90036
-0.28058
0.91123
-0.087592
0.079258
-0.81879
0.9518
0.59396
0.80552
-0.62283
0.13342
-0.02542
-0.26822
-0.1454
-0.55165
-0.92619
0.84767
-0.91094
-0.90629
-0.89653
-0.42275
0.37025
-1.0055
1.0503
0.24155
0.749
-0.13902
0.78266
0.1305
0.35336
-0.024698
-0.099113
0.86451
-0.66123
0.57941
0.19055
-0.25644
0.79065
-0.31832
0.085645
-0.86784
0.92649
-0.60472
0.18338
0.68951
-0.87626
0.33103
-0.40801
-0.04936
0.51209
-0.15794
0.44952
0.91426
-0.87241
0.59796
-0.16524
-1.134
-0.052381
-0.52712
0.44856
-0.9462
0.88999
-0.72311
-0.24669
-0.76099
0.17663
0.96809
0.41365
0.99312
-0.21399
-0.072393
1.1237
0.92004
-0.97016
-0.60841
-0.2935
0.96731
0.28158
0.74681
-0.80272
-0.095184
-1.1014
-1.0552
0.26211
-0.13467
0.077134
0.80841
-0.071175
-0.89474
0.6504
0.75426
0.35731
0.4131
-0.22633
0.72337
0.15189
-0.77392
0.54531
-0.53108
0.075341
-0.83704
0.7446
-0.077186
0.85241
0.69513
-0.085468
-0.34565
0.22895
-0.7614
0.44765
-0.5435
0.39992
0.30201
-0.00044935
-0.88192
0.35733
-0.23425
-0.39791
-0.58765
-0.71808
0.8476
-0.67133
-0.76337
0.9089
-0.87445
-0.62004
-1.0463
0.74566
-0.43847
0.88554
0.47135
0.65579
0.67036
0.43221
-0.83944
0.47549
0.83897
0.45108
-0.864
-0.98746
-0.74018
0.51778
0.734
-1.0141
0.043408
0.58949
0.53461
-0.093589
0.38368
-0.99457
-0.11697
0.30816
0.85212
-0.31247
0.55083
0.92582
0.96593
-0.97011
0.39539
-1.0503
0.16154
0.41494
0.31891
0.06201
-0.8427
0.56095
-1.0144
-0.56658
0.51433
-0.32465
-0.098361
-0.94495
0.9305
-1.1796
0.052236
-0.44205
0.49002
-0.8063
0.42585
0.033152
0.43581
0.93346
-0.80833
-0.94904
0.1496
-0.11462
-0.42697
-1.0694
-0.41757
-0.50217
0.77512
0.94443
0.5019
0.70572
0.5002
0.30011
-0.64644
-1.0074
-0.22454
-0.78351
0.9063
-0.35648
-0.98009
0.99195
-0.89478
0.32936
0.38743
-0.16117
0.67248
0.93863
-0.15651
-0.94733
-0.66663
1.1679
0.65692
1.1105
-0.96944
-0.17277
0.39616
-0.49025
1.0069
-0.26006
0.7764
-0.082397
0.35422
-0.71652
0.971
0.96598
0.22749
-0.72771
0.43264
0.46465
0.41546
0.96529
-0.090713
-0.81418
-0.34664
0.97206
-0.79557
-0.19071
0.87473
0.64686
0.81053
-0.91323
-0.73474
0.24457
0.75689
-0.17526
0.99103
-0.93794
-0.0033022
0.82138
-0.23934
-0.28984
0.96361
-0.96228
-0.85996
-0.83319
0.85582
0.83219
-0.18198
-1.0749
-0.38121
-0.88035
-0.019136
0.95277
0.51499
-0.66887
-0.085391
0.15233
-0.55051
0.83448
-0.061532
1.0545
0.26204
0.073859
-0.39476
-0.83721
-0.0079399
-0.08388
-0.96743
-0.69431
0.4529
-0.85351
-0.31226
0.86414
0.50593
0.88017
-0.29452
-0.61395
-0.18088
0.30147
-1.1479
0.5503
-0.70129
0.2302
-0.63718
0.27891
0.28999
0.70569
0.28417
-0.69606
-0.87707
0.12896
0.75444
0.98313
0.38044
0.47151
-0.47205
0.49646
-0.42572
-0.79068
0.98454
-1.1269
0.77243
0.39425
0.68456
0.82354
1.0043
0.56395
-0.76107
-0.81453
-0.67283
-0.84967
-0.78385
-0.82301
0.51473
-0.0085482
-1.0044
0.83067
-0.0041329
0.89619
-7.3176e-05
-0.4555
0.84132
0.5862
0.42172
-0.29728
-0.0092663
-0.61811
0.18206
0.94083
0.4749
0.02805
0.72636
-0.098901
1.081
-0.20456
0.88454
0.9462
-0.39083
-1.0055
0.085108
0.57281
-0.10769
-0.76227
0.356
-0.54173
-0.85706
-0.6798
-0.30627
0.33431
0.77124
1.044
-0.2478
0.28063
-0.84936
-0.86329
0.59236
0.56951
-0.70229
0.76869
0.55254
-0.65315
0.9213
-0.62101
-0.69142
0.23496
-0.91227
-0.38592
-0.18331
0.55947
0.24672
0.96467
1.0246
0.79093
-0.24028
-0.61009
0.83505
-0.7419
0.98386
-0.55167
-1.0639
0.070684
0.53395
0.84755
-0.44142
-0.91624
0.96423
-0.94707
0.38572
-0.84475
-0.65291
-0.98925
1.0063
0.82555
0.81448
0.51296
-0.88594
0.76982
-0.99508
-0.81116
-0.45097
-0.90473
0.85589
-1.0377
-0.58897
0.3444
-1.1405
0.8362
0.052913
0.67759
0.46927
-0.083569
0.15842
0.85457
0.8852
0.22452
0.5122
0.538
-0.30697
-0.61689
-0.43373
0.90332
0.66841
-0.39299
0.26472
0.65508
-0.89875
0.19136
-1.0616
-0.99359
-0.2826
0.70593
0.95727
1.1292
-0.43497
-0.73986
1.028
0.19697
-0.17641
-0.88018
-0.62824
-0.68443
0.97219
-0.74345
-0.95982
-1.0536
0.70041
-1.02
1.0088
0.97835
-0.93458
0.56787
-0.30683
-0.17226
0.11178
0.27071
0.59714
-0.78782
-0.68018
-0.41343
0.71233
-0.57512
0.44921
-0.7697
0.97954
0.74718
0.51284
-0.16656
0.4431
-0.26641
-0.53551
0.88825
-0.70442
-0.10131
-1.0271
-0.16161
0.73396
-0.20568
-0.1952
0.84159
-0.93059
0.77015
-0.71457
0.95531
0.61775
0.57877
-0.7724
0.94361
-0.75925
-0.0080486
-0.96321
-0.19725
1.0086
-0.76794
0.056526
0.95357
-0.94928
0.8503
0.91711
-0.26859
-0.90959
-0.49394
-0.95502
-0.68135
1.0117
0.62739
-1.0573
0.8255
-0.31141
0.97598
-0.68267
-0.75549
-1.0419
-1.0991
-1.0229
0.36274
0.22477
0.43621
1.0377
0.411
-0.24746
0.23959
0.14137
0.68737
-0.36583
0.22164
0.73701
1.1272
-0.83971
0.24644
-0.27954
-0.21514
0.76147
-0.6889
-0.57609
0.43698
-1.0057
1.0058
-0.70538
-0.21859
0.61612
0.83274
1.1172
-0.79685
-0.95668
-0.29728
1.0442
-1.0224
-0.4639
0.19156
-1.0655
0.40127
0.28283
0.11108
-0.16129
-0.74257
-0.42157
-0.24507
-0.92969
0.1321
-0.70236
-0.90333
0.86107
0.73859
-0.7375
-1.0675
-0.78559
-0.10996
-0.27513
1.1451
-0.48321
0.41602
-0.50147
0.60685
-0.86933
-0.86473
1.0291
-0.81846
0.030441
0.6704
0.95374
-0.43119
-1.1073
-1.0459
0.095927
-0.010476
-0.27498
-0.47322
0.11702
0.50306
-0.33281
-0.17112
-0.72381
-0.34416
-0.99508
-1.2044
0.99297
0.84858
0.20856
0.78937
-0.27266
-0.18727
0.45809
0.56816
0.53718
-0.55289
0.46431
-0.51954
-0.98077
0.026515
-1.113
-0.97858
0.7975
-0.75133
0.8991
-0.35602
0.050704
0.78038
0.68796
0.89198
-0.64684
0.12781
-0.06592
-0.80732
1.0106
0.2614
0.033181
-0.40057
-0.60271
0.87644
-1.072
-0.12489
-0.75893
-0.808
-0.78862
-0.15711
-0.98685
-0.5919
-0.66259
0.89491
-0.016941
0.23825
-0.97253
0.053187
-0.6593
0.48908
0.47364
-0.12793
-0.91168
-0.92077
-0.9737
0.51369
1.0894
-0.058307
-0.85265
-0.71955
0.063658
-0.65576
1.0629
-0.99384
0.62418
0.59576
-0.2469
-0.68125
0.87667
-1.0075
0.98359
-0.45354
-0.02836
-0.0048013
-0.36996
0.21688
1.2065
-1.012
-0.43159
-0.78757
-0.84322
-0.75854
0.48438
0.21932
-1.118
-0.75024
-0.73941
1.0119
-0.94172
-0.61955
-0.68754
-0.68031
-0.31063
1.1616
0.4003
-0.68964
0.63229
0.75114
0.63644
-0.46974
0.021379
-0.90212
0.88912
1.0777
0.30223
0.94567
0.095672
0.84975
-0.53963
0.43872
0.8701
-0.76123
0.61325
0.87513
-0.75821
-0.82059
-0.55886
-0.4502
-0.18476
0.59702
-0.015131
-0.8438
-0.71513
0.82944
0.62135
-0.24983
-0.87814
-0.40638
-0.67486
0.48518
-0.11472
-0.848
-0.64387
0.97017
0.92072
0.141
0.79353
-0.84378
-0.93889
0.65786
0.3396
-0.76913
-0.2483
0.93139
-0.73907
-0.056762
0.0022909
0.67711
-0.57351
-0.85816
-0.94285
0.98435
0.68179
1.0476
0.99477
0.79647
0.83699
0.57608
0.95737
-0.83452
0.92638
0.9064
0.48185
-0.30538
-0.51242
0.14983
0.19182
-0.99613
-0.4073
0.069078
0.40691
-0.44568
0.78737
-0.30789
0.84275
-1.0391
0.73176
1.0856
-0.7063
-0.24066
-0.83617
-0.56155
0.36781
-0.85396
-0.70906
0.79739
-0.82475
-0.84648
0.26886
-0.75785
0.38724
0.73751
-0.14258
0.24207
0.60471
0.26445
0.76609
-0.11305
0.89961
-0.38731
0.18568
-0.86558
-0.89477
-0.77492
-0.88606
-0.79653
-1.0225
-0.28734
0.95403
-0.20354
-0.9681
-0.093125
-0.93711
-0.92793
-0.22983
0.965
0.54035
-0.82852
0.13002
-0.5339
-0.70632
-0.52314
-0.15677
-0.11886
-0.66677
-0.32425
-0.40081
0.54644
-0.42258
0.097339
0.8424
-0.45861
-1.0101
0.88785
-0.78181
0.15108
-0.097118
-0.22147
-1.0726
0.96885
-0.1395
-0.66612
0.70545
-0.53591
0.60956
-0.43575
0.35865
-0.16498
0.66898
-0.14389
0.37367
0.74405
1.0181
0.82084
-1.0269
-0.6825
0.12843
0.95728
-0.9172
-0.8663
0.79882
-0.046402
0.19339
-0.70436
0.81995
0.95656
0.55113
-0.7072
1.2296
0.75668
-0.97793
0.75686
-0.55236
0.52832
-0.95284
0.79564
-0.37433
0.87233
-0.81217
-0.61879
-0.39598
-0.83531
0.41211
-0.61145
-0.94611
-0.089339
-0.27232
0.67446
1.0264
-0.9271
-0.98594
0.022755
0.82663
-0.45876
-0.90246
-1.1079
0.79309
0.35542
0.23896
0.76391
0.42275
0.38776
0.93321
0.77172
-1.0788
-0.65646
0.81609
-0.4328
0.8691
0.90967
-1.1265
-0.74947
-0.69124
-0.71055
-0.7972
-0.54236
0.46237
-0.84398
0.94462
-0.06907
1.0935
-0.34357
0.43203
-0.065448
0.97501
-0.2817
0.59478
1.0879
1.1289
0.43303
-0.83232
0.73193
1.0734
0.66016
-1.0835
0.12805
0.78698
0.71491
0.89503
-0.52437
0.15427
0.92637
-0.18393
-0.50513
0.95899
0.45325
0.16557
0.068913
0.99781
0.36401
-0.90734
-0.90555
0.53847
0.19851
0.74001
-0.29621
0.86254
0.95764
-0.74481
-0.89683
-0.80881
-0.96957
-0.5403
0.87589
-0.19922
-0.66544
-1.0064
0.13694
0.72679
-1.0202
-0.6857
0.020592
-0.59003
-0.45234
0.6504
-1.1519
-0.84792
-0.92137
0.81181
-0.87097
0.48857
0.39105
-0.41878
0.96136
0.64473
1.0068
0.80555
-0.86481
-0.27325
-0.036563
0.83515
0.47053
-0.15797
-0.66113
-0.20509
-0.43915
0.28878
0.45217
-1.0435
0.7414
0.90412
-0.17655
-0.52669
0.27721
0.31355
0.1577
-0.0019367
0.9234
0.07192
-0.8703
-0.78914
0.76478
-0.3238
-0.65932
0.81533
-0.53316
0.80178
0.28368
-0.297
0.18467
0.37386
1.0609
0.012396
-0.3739
1.0181
1.0062
-0.84555
-0.091762
-0.63914
0.64207
0.84738
0.5104
-0.6868
-0.05077
-0.24696
0.19765
-0.79389
0.024899
0.94462
-0.8876
1.0414
0.90179
0.644
-0.84458
1.0676
-0.69036
0.66861
0.27188
-0.1634
0.21031
-1.0177
0.9209
-0.87088
0.12155
-0.5586
0.67442
-0.11447
0.93527
0.93906
0.60684
0.20962
0.058505
-0.60826
0.74268
-0.65818
0.666
-0.21653
-0.89221
0.95422
-0.77452
0.61785
-1.0046
1.1491
-0.91425
-0.25085
-0.6951
-0.042345
0.41113
-0.58615
-0.6251
-0.49849
-0.75219
-0.80707
0.72469
0.76558
-0.47461
-0.79533
0.40294
-0.96618
-0.59136
0.64676
-0.070065
0.025055
-0.41763
0.97666
-0.30841
0.88984
0.88711
1.2109
-0.91899
0.95576
0.29814
0.048836
0.054142
0.69864
0.53304
-0.40804
-0.58905
0.92408
-0.15577
0.31551
-1.0062
-0.16071
-0.98401
-0.23629
-1.1088
-0.17082
0.010664
0.80349
0.65387
-0.33096
0.14934
0.45491
-0.49185
0.81457
-0.92694
-0.54129
0.46606
0.54732
-0.75928
0.83634
-0.98343
0.44455
-0.32954
-1.0144
-0.18052
-0.69134
-0.8292
-1.0266
0.47175
1.0421
-0.53375
0.11217
-0.36003
0.89941
-1.0761
-0.13713
-0.49761
0.47132
-0.83472
-0.74323
0.95881
0.39313
0.70321
0.9077
-0.35668
-0.82037
-0.92745
0.40967
0.79657
1.0137
-0.85798
0.74908
-0.074219
-0.02137
-0.11446
0.79803
0.74361
0.64439
-1.0633
-1.0398
-0.10138
-0.77679
-0.20971
-1.1683
1.0111
0.99584
-0.85699
0.47431
0.70706
0.94376
-0.96573
-0.3606
1.0424
-0.45143
0.64176
-0.86535
0.64675
-0.83127
0.005129
0.61683
1.0013
-0.85702
-0.98187
-0.22863
-1.0603
-0.76618
0.91672
0.85693
-0.43797
0.19787
1.0062
-1.0277
0.7624
-0.43233
-0.94581
0.038563
-0.25589
-0.38954
-0.94336
-0.86401
0.28433
-0.89528
-0.22109
0.93703
-0.78299
0.73018
-0.025263
0.83184
0.50522
-0.99601
-0.40775
-0.2136
-0.3582
-0.8683
-0.88011
0.27055
-0.31618
0.83184
0.81915
1.0312
-0.94622
0.66689
-1.1182
0.91508
-0.8597
-1.0572
0.89712
-0.5605
-0.66371
-0.93355
-0.62069
-0.73466
0.81691
-0.8757
-0.26578
-0.65862
1.0472
-0.99283
-0.86339
-0.20016
0.52489
0.63139
-0.94508
-0.30048
0.65955
-1.0035
-0.77784
0.87912
-0.67049
-0.14201
-0.63199
0.12848
0.68417
-0.039336
0.99966
0.30318
-1.0055
0.28697
-1.0106
-0.55872
-0.99502
0.5034
0.85352
0.27385
-0.1886
-0.55907
1.2465
0.99142
-0.044038
0.69323
-1.0393
-1.0104
-1.0756
-0.60281
-0.14991
-0.92583
-0.39558
-0.40299
-0.88078
-0.61992
0.048527
0.19063
-0.74056
0.6715
-0.14226
-0.73841
-0.10352
-0.73198
0.56851
-0.79257
-0.85543
-1.0109
0.64952
-0.91813
0.48055
0.32886
0.85812
0.20339
-0.96964
0.78774
0.6659
-0.57159
0.42199
-1.2522
0.85005
-0.72368
0.96671
-0.51519
-0.66255
-0.24966
-0.5553
-0.74473
-0.85913
-1.0211
1.0217
-0.38448
-0.69342
-0.95412
0.81206
-0.43024
-0.14316
0.20044
-0.67176
0.81827
-0.91945
-0.26489
-0.42471
-0.90558
0.02024
-0.25754
-0.96719
0.93416
0.24592
-0.55138
-0.82036
-0.55664
-0.94694
0.84252
-1.1536
0.17096
-0.88831
-0.92115
-0.25269
1.0658
-1.0169
-0.042439
0.80923
-0.23364
-0.70714
0.2921
-0.90866
0.22628
-0.56974
0.91866
-0.032877
0.34943
0.42659
0.99913
0.81106
0.69897
-0.29453
-0.86684
-0.078767
-0.40606
0.32312
-0.4066
-0.50143
0.3964
0.92289
0.69346
0.47105
0.96646
-0.50247
-0.55655
0.29778
-0.044586
-0.97938
-0.48803
-0.79154
-0.97751
-0.43695
0.79751
-0.21783
-0.91675
-0.9651
0.42241
0.98126
1.0998
-0.24221
0.94327
-0.51692
0.84436
0.4948
-1.1617
0.53967
1.0457
1.1045
0.82527
-0.23634
-0.65279
-1.0335
0.10184
0.50805
0.039527
0.99061
-0.43651
-0.95592
0.14829
0.77458
-0.25955
0.69953
0.06642
0.8411
-0.75694
0.89009
0.95482
-0.37883
0.9175
0.27865
0.81965
0.97731
-0.70338
0.85451
0.68536
-0.99851
0.022889
0.84185
-0.81163
0.7636
-0.37984
-0.48863
-0.88261
-0.64801
-0.71271
0.53757
-0.27266
1.0192
0.74462
0.29748
0.059225
-0.35055
0.75117
0.23215
-0.72416
-0.8105
0.48737
-0.49191
0.75715
0.15884
-0.61623
0.3814
-0.78615
-0.13893
-0.97351
0.97727
-0.40847
0.70637
-0.73711
0.68001
0.26864
0.012368
1.1972
-0.28178
0.077531
-1.0228
0.36412
0.83162
0.792
-0.71351
0.45529
-0.36513
-0.14102
0.74358
-0.67464
0.036239
-0.8846
-0.60459
0.054318
-0.16186
-0.97652
-0.93613
0.88038
-0.85564
0.012622
0.7857
0.51689
0.041318
-0.87706
0.8812
-0.3422
-0.87971
0.24936
1.081
-0.42342
1.0076
-0.40696
-0.95679
-0.46396
0.9141
0.12551
-0.25232
0.95105
0.26174
-0.31467
-0.63681
-0.038639
-0.98886
1.0438
-0.66296
0.74487
0.88172
-0.49782
0.87193
0.45084
0.92506
-0.76543
-0.75868
-0.40237
-0.29972
-0.45494
-0.87357
1.0359
-0.424
-0.53531
-0.61674
1.0301
-1.0003
0.73399
0.76165
0.57829
-0.11578
1.0335
-0.3709
-0.90854
0.57525
0.9662
0.27528
-0.68287
0.63093
0.98742
-0.1035
-1.0052
-0.90266
0.92615
-0.2042
-0.43904
0.90052
-0.7476
0.88832
-0.76582
0.11281
0.64687
-0.45143
0.57917
0.43756
0.77294
-0.97325
-0.13801
0.10272
0.8966
0.5721
-0.061933
-0.26163
1.1181
0.53645
-1.2108
0.92498
-0.79041
-0.34894
0.69491
0.94501
0.78582
-0.86838
0.45367
0.61923
-0.82579
0.054382
-0.13546
1.0057
-0.65915
0.54469
0.58627
0.43982
0.44098
0.93688
-1.0098
-0.78026
1.0784
1.0993
1.0361
-1.0003
0.93723
-0.59256
-0.64509
0.47211
0.838
-0.77518
-0.58545
0.3752
0.46403
0.52407
0.31649
-0.88819
-0.74815
0.11746
-0.92724
0.96666
0.87321
1.0575
-0.51669
-0.79874
0.97659
-0.23722
-0.45797
-0.54698
-0.61925
-1.1078
0.5418
-0.46967
0.19036
-0.89172
0.7183
-0.15543
0.10558
0.71478
0.76585
0.43264
-0.93982
0.84864
-0.81016
-0.55638
-0.040014
0.78495
0.8278
-1.12
-1.1164
0.82638
-0.84824
-0.79677
0.51269
-0.043116
-0.6575
0.91929
1.0424
-1.1265
-0.30474
-0.54953
0.26393
-0.79125
-0.59317
-0.94655
-0.20947
-0.91449
0.23189
-0.51445
-0.45823
-0.25901
0.17419
-0.22435
-0.26112
-0.83847
-0.79068
-0.55623
-0.94074
0.91611
0.7697
0.67633
0.17434
-0.72883
-0.87129
-0.93172
0.61531
0.0794
-0.90909
1.0243
-0.61878
-0.069146
-0.029107
-0.92337
0.7878
0.21548
0.32186
0.89729
0.31454
-1.1031
-0.6091
-0.15955
-0.86684
0.092755
-0.83089
-0.97881
-0.85784
0.97451
-1.0093
0.53151
0.63913
-0.8651
1.0138
-0.68229
-0.77785
-1.0304
-0.1231
-1.0914
0.8942
1.0893
-0.35974
-0.2484
-0.63847
0.41644
0.57863
0.47853
-0.097279
-1.1194
-0.6659
-1.0811
0.98448
0.36649
-0.96395
0.98356
0.27967
0.47788
-0.20883
0.11622
0.9885
-1.0648
0.63467
-0.43272
0.98774
-0.39867
-0.52848
0.55156
0.54784
-0.5226
-0.81969
-0.76147
-0.70021
-0.019404
0.85866
0.087116
0.71977
-0.27975
0.80405
-1.0676
-0.66732
0.43175
0.44185
0.65483
0.66852
0.21564
1.0448
-0.70186
1.0348
-0.72903
0.35353
-0.78041
0.72427
0.84159
-0.71084
-0.70585
-0.077569
-0.36496
-0.0048144
-0.24452
0.80305
-0.37677
-0.1057
0.15554
-0.96371
-1.0835
-0.76614
0.29004
0.45927
-0.67219
-0.80124
0.49219
-0.22564
0.44879
0.6975
0.24614
-0.91133
1.1023
1.1264
0.34599
0.027826
0.056749
-0.60066
0.33344
0.94089
-0.6885
0.19036
-0.72939
-0.21748
-1.06
-0.028195
-0.7619
-0.72037
-0.64801
0.7722
1.1127
-0.12708
-0.44954
-0.6006
0.28254
-0.69052
0.68071
0.38456
0.29397
0.90098
-0.83591
0.92597
-0.54998
0.6089
-0.82647
0.57756
-0.67828
-0.34056
0.30053
-0.73537
-0.68867
-0.077595
1.0008
-0.13918
1.0181
-0.36434
-0.21851
0.72206
0.80093
0.94308
0.84294
-0.070722
-1.0263
-0.47628
0.5416
-1.0685
-0.63858
-0.42196
-0.36934
0.31994
0.090804
0.94482
-1.0514
0.59764
0.66906
0.48158
-0.98424
0.021494
0.57486
-0.17433
-0.61899
0.91699
-0.43386
-0.88506
0.28616
0.67118
-0.59101
-0.22088
0.30347
-1.0587
-0.55881
-0.89185
-0.35191
0.7442
-0.7804
-0.55899
0.94246
0.91404
0.39157
-0.22994
-0.1687
0.94525
0.23929
1.0689
0.45777
-0.89877
-1.081
0.45884
-0.52633
-0.53485
-0.16518
0.011332
1.0162
-0.41938
0.14721
0.55452
-0.90511
-0.99605
0.88617
-0.2834
-0.95005
-0.087351
-0.87523
0.11618
1.1403
-0.98051
-0.9036
0.9961
0.17504
-1.0011
0.2258
-0.6659
-0.99469
-0.70254
1.0335
0.30242
0.96412
-1.0063
-0.45659
0.5239
1.0607
-0.5495
0.1899
-0.86374
0.96085
0.54333
0.84221
-0.50778
0.90459
0.8553
-0.33859
0.86382
-0.81265
-0.84071
1.1215
0.75421
0.70637
-0.6602
0.27836
-0.91933
0.40893
0.12911
-0.889
0.21302
-0.97852
0.0068526
0.54895
0.24049
0.95191
-0.42511
0.78393
-0.44208
-0.4811
-0.23081
-0.63566
-0.54872
1.0142
-0.97774
0.91831
0.46311
-0.72059
-0.95678
-0.964
0.29202
-0.58718
-1.0896
-1.0391
-0.37603
0.61778
0.93729
-0.91867
0.34929
0.71966
-0.23353
-0.65093
-0.70085
-0.78977
0.44167
-0.66651
-0.375
0.97099
-0.93298
-0.50554
0.99207
0.88973
-0.92265
0.34191
0.57223
1.0561
0.44013
-0.79866
-0.84471
0.76412
-0.3482
0.1885
-0.92127
-0.88226
-0.69759
-0.4862
-0.24023
0.91968
-0.64695
0.9058
0.92188
-0.92196
0.2786
0.12823
-0.87658
-0.55007
0.52983
-0.9665
1.0049
0.60572
0.94832
-0.35879
0.24029
1.122
0.44324
0.25146
0.38686
0.67935
-0.21703
-0.87507
-0.804
0.92175
-0.45144
-0.17985
0.58465
0.015686
-0.083203
0.90327
-0.46846
-0.94179
0.78502
-0.33072
-0.9691
-0.23221
-0.41455
0.91887
-0.025807
-0.87858
-0.15776
-0.7818
-0.069731
-1.0446
0.46506
0.9297
-0.74128
-0.73689
0.0047745
1.0465
-0.90827
0.81009
0.50084
0.38506
1.1372
0.42988
-0.4166
-0.067135
0.53927
0.15844
-0.86024
-0.11981
-0.84587
-0.85564
0.5629
0.73711
0.95997
0.5269
-0.62364
0.017885
-0.8671
-1.0091
-0.5581
0.21213
-0.30007
0.20805
0.80377
0.27739
-0.87428
-0.41901
0.87084
0.8598
-0.63301
-0.93295
0.56674
0.80263
0.83982
-0.88932
-0.56244
-1.09
0.93368
-0.65903
1.1402
0.90819
-0.32961
-1.0478
0.10239
0.55063
0.6579
-1.0009
-0.56086
-0.82325
0.047583
-0.86369
-0.46675
-0.93444
-0.22956
-0.68694
0.25839
1.0333
0.2891
0.75329
0.3049
-0.21125
0.8498
-0.92589
-0.28108
1.0122
0.31564
0.3981
0.99968
-0.88643
0.64296
0.59333
0.051026
-0.48424
-1.0064
-0.53344
0.37254
-0.91102
0.40062
-0.94107
0.37546
0.25393
0.62524
0.37763
-0.037152
-0.93322
-0.80915
-0.34912
-0.4548
1.062
-0.59932
-0.8142
-0.9387
0.96943
0.7384
-0.9627
0.88638
0.50094
0.73668
-0.82819
-0.53344
1.1795
-0.9095
1.0981
-0.65084
0.83349
-1.331
-0.79395
0.89285
-1.0972
-0.89473
-0.069691
-0.72112
0.38206
0.54651
0.44722
0.39528
-0.87998
0.28564
-0.83934
-0.71912
0.52509
1.0424
0.27085
-0.53938
-0.3874
-0.79052
-0.45199
0.93975
-0.30958
-0.33728
-0.11918
0.068652
-0.65248
0.53474
0.51064
0.99413
-0.38492
0.68264
-0.0052311
0.099241
0.87717
-0.96904
0.16014
0.91781
0.46418
-0.64775
0.77374
-0.47627
0.45216
-0.61244
-0.74577
-0.78258
1.0441
0.48309
-0.78947
-0.97878
-0.40418
-0.57897
-0.66726
-1.0398
0.83194
-0.46172
-0.19795
-0.54991
-0.97312
-0.473
-0.43244
-0.075653
-0.43646
0.33816
-0.86514
1.0595
0.13904
-0.80181
0.79183
-0.23739
0.52534
0.57573
-1.088
-0.2073
-0.94577
-0.95177
0.73578
-0.91457
0.11767
-0.50569
0.14556
1.0907
-1.1007
-0.32138
0.6524
0.079232
-0.057176
-0.27819
1.0053
0.085364
-0.11665
0.7357
-0.60614
-0.77203
0.54846
-0.75512
1.0113
-0.71131
-0.049566
-0.27311
0.94528
-0.19436
-0.7617
-0.78592
0.094792
0.23555
1.0704
0.14086
-0.77974
0.13698
0.78673
-1.1929
-0.92985
0.95615
0.28949
0.24225
0.14943
0.26914
0.9524
-0.069921
-0.53858
0.8624
-0.79861
-0.97757
0.89713
-0.68086
0.4874
0.36336
-0.42859
0.93534
-0.62531
0.65336
0.84827
0.040598
0.12601
0.80002
-0.26866
-0.55975
0.73328
0.91118
0.022212
-0.39962
-0.73864
-0.67349
0.85333
0.72966
-1.0984
0.2312
-1.0556
0.5108
-0.97025
-0.16497
-0.75683
-0.6087
0.87741
0.0040663
-0.49661
-0.74733
0.57061
-0.64803
-0.29401
-1.0322
0.742
-0.79236
-0.36937
-0.53083
-0.6077
-0.078984
0.63059
0.98226
0.58322
-0.24891
-0.56971
-0.69781
0.6227
0.55488
-0.35403
1.0356
0.66163
-0.77257
-0.80444
-0.14387
-0.2818
0.6562
-0.10891
0.1055
-1.0906
-0.24254
0.94167
1.0407
-0.95225
0.46968
0.45128
0.78856
-0.66199
-0.67752
0.81053
0.8333
0.86912
0.5715
0.59716
-0.73843
-0.91262
-0.50317
1.0129
-1.0274
0.79851
0.9297
-0.62609
-0.77848
0.8487
-1.0377
-0.98919
0.86387
-0.9231
1.1531
-1.131
0.80048
0.4872
-0.57228
1.0911
-0.11737
-0.85221
0.3813
-0.35668
0.68926
0.94547
0.5644
0.040956
1.0027
-0.98067
-0.8997
0.61153
-0.67097
0.66623
0.44476
1.0022
-0.22963
-0.90739
-1.0339
0.67285
0.76788
-0.029188
0.80412
-0.39251
0.90362
1.1742
1.1638
-0.62599
-0.4819
0.71503
0.81573
-0.84085
-0.88609
-0.96524
-0.19732
0.68807
0.72245
-1.0297
1.0001
1.2809
-0.10945
0.92041
0.58082
0.66359
-0.48364
-0.55301
0.82115
-0.94633
-0.25011
0.064698
-1.0034
-0.3666
-0.85287
-0.16736
0.2337
0.78902
0.054322
1.0139
-0.93248
-0.73488
0.91009
-1.0171
1.0255
0.72226
0.78058
-0.9567
-0.11109
1.0513
-0.84407
0.22246
-0.41464
0.51403
-0.58196
0.53168
-0.45303
-0.33861
0.89703
0.27308
-0.42426
-0.99416
-0.80995
0.54551
0.063372
0.75128
1.102
-0.94318
-0.99603
-0.8658
0.20128
-0.062085
1.0324
0.7798
-0.091092
0.28042
-0.088826
1.0298
-0.74035
-0.99546
0.96489
0.60834
0.3314
-0.099074
-0.8143
0.028728
-0.27747
-0.10887
0.22989
0.85177
-0.17477
-1.0641
1.0306
0.95003
-0.73406
-0.49457
0.93875
0.37396
-0.35601
-0.82635
-0.98991
0.31877
0.18188
-0.15828
-0.34627
0.91054
-0.028379
1.0592
0.10326
0.75645
0.30674
-0.94685
0.74581
0.15059
0.66358
-0.68539
0.30523
0.7076
-1.0956
-0.17799
-0.90366
0.88725
-0.31973
0.46732
-0.98084
-0.91968
-1.0292
0.97294
-0.97922
-0.97851
-0.35789
0.69773
-1.057
0.57671
0.72153
0.39249
-0.62605
-0.17115
1.1017
-0.59651
-0.91045
-1.002
-0.56925
-0.086738
-0.80298
0.050201
0.63391
-0.84692
0.9553
0.40755
0.9558
-0.29186
-0.81226
0.057687
-0.94464
-0.43124
-0.43166
0.71647
0.7003
-1.016
0.91782
-0.098004
-0.73267
0.79298
-0.058254
-0.22087
0.012632
0.073535
-0.71032
0.012806
0.36523
1.1235
-0.85378
-0.85105
-1.0428
-0.2593
0.91829
0.32757
-0.92196
-0.058493
0.34798
0.054466
0.67538
0.13414
0.91353
-1.0004
0.23063
-0.86209
0.93341
0.94214
-0.95824
-1.0349
-0.52101
-0.47536
-0.56405
0.012283
0.80568
0.73289
0.77671
-0.65606
-0.13048
0.56997
-0.28881
-0.92958
-0.11289
0.89821
0.3036
1.0048
-0.59114
0.29255
-0.20669
0.95861
0.72746
0.83388
-0.16723
-0.87155
1.1409
1.0631
-0.15126
-1.0347
0.68013
-0.41578
0.21425
0.59176
0.064062
1.0471
0.64146
-0.93973
-0.99514
0.43158
-0.65571
0.1956
0.51774
-0.64886
0.43327
-1.153
0.26831
-0.23477
-0.19404
-0.91944
-0.10362
0.51983
0.010943
-0.17942
1.1015
0.98952
-0.12635
-0.71357
-0.55201
1.0306
0.86203
0.83539
0.21449
0.88737
0.6848
-0.78334
-0.087055
-0.90688
0.96747
-0.51161
-0.95586
-0.8857
-0.32919
0.4769
0.26032
-0.17283
-0.4983
-0.22222
-0.90742
1.0855
0.37274
1.1532
0.49338
-0.33778
1.018
-0.87587
-0.10256
-0.40703
-0.96754
0.58521
-1.1174
0.76293
0.74007
-0.40572
0.39577
-0.56129
-1.1064
0.74566
-1.0001
1.0795
-0.57779
-0.5715
0.34131
0.60342
-0.22803
-0.36898
-0.26737
0.77596
-0.87226
0.47317
-0.32824
-0.5643
-1.0347
-0.27952
-0.94317
-0.98893
-0.34428
0.4821
1.0387
-0.51511
-0.80505
-0.91824
0.65898
-0.99206
0.67418
0.33515
-1.0219
-0.80834
1.0013
-0.34971
-0.42595
-0.68311
0.37878
-0.25684
-0.73136
-0.13393
-0.81251
-0.20694
-0.90818
-1.0615
0.86051
0.45559
1.0074
-0.98793
-0.10994
0.63036
0.7854
0.80903
-0.94977
-0.61389
0.28384
-0.022192
0.97867
-0.49764
-0.063772
0.92579
0.50147
-0.97192
-0.25833
0.40245
0.78348
0.30898
0.48038
1.1666
-0.94916
0.71613
-0.45569
-0.72032
0.33457
-0.88666
0.8572
-0.067835
0.3056
0.833
0.35126
0.81
0.9766
0.71086
0.60126
0.95764
-0.45918
-0.9128
0.71606
-1.0497
0.030404
-0.75708
0.61299
0.56121
-0.40126
0.37826
-0.58903
-0.7236
-0.85673
-0.68056
-0.80789
-0.3014
-0.98381
0.7346
-0.7412
-0.77258
-0.89846
-0.70544
0.28261
1.0966
-0.80146
0.28551
0.75342
0.77387
-0.37368
-0.42094
-0.88474
-0.28369
0.93695
-0.72323
-0.037472
0.80175
0.4688
0.71912
1.0098
1.0003
-0.8156
-0.28864
-0.97945
0.39081
-0.27261
0.22003
-0.50209
-0.36634
-0.4508
-0.78296
0.35571
1.2291
0.79802
-0.56775
1.041
-0.24389
0.31026
0.11665
0.51315
0.88267
-0.95445
1.063
-0.92875
-0.66275
0.54487
-0.46974
0.95911
0.91408
0.63872
-0.044726
0.44942
0.79075
-1.0389
-0.1433
-0.61201
-0.35187
0.72612
0.02333
-0.94278
-0.18206
-0.042654
0.69747
-0.52862
-1.0403
0.78291
-0.91422
-0.32258
-0.66152
-0.66335
0.89812
0.91131
-0.61954
0.82213
-1.0147
0.25267
-0.084624
0.025104
-1.1377
-0.33525
0.77838
0.016494
-0.88123
0.82453
0.49546
-0.13274
-0.71759
-0.5867
-0.8197
-0.86814
-0.93287
0.44176
-0.9585
-0.023296
0.076888
-0.7706
0.77781
0.16425
-1.1086
0.82093
-0.98803
-0.19778
1.008
0.77204
-0.24899
-0.28551
-0.48721
-0.62095
0.88792
0.73555
0.64214
0.15494
0.081919
-0.0049486
-0.96943
-0.047169
-0.75007
0.99243
0.75458
-0.31082
0.92538
0.68844
-0.74984
-0.44779
0.65177
-0.94111
-0.89882
-0.071696
-1.1265
0.66213
-0.052762
-0.96198
0.49191
-0.94048
0.41978
-0.79515
-0.27071
0.2054
-0.070775
-0.9689
0.50246
-0.38781
-1.0186
-0.9015
0.13389
-1.0197
0.60822
0.56896
-0.70037
-0.30295
-0.60978
0.89717
0.051006
0.85433
-0.80115
0.54415
-0.83084
0.4788
-0.97694
0.020335
-0.2466
-0.81567
0.96652
-0.056731
-0.60386
-1.0811
-0.83985
-0.14822
-0.99276
0.95211
0.074121
-0.00017442
-1.0638
0.6381
0.42082
1.0274
-0.71516
-0.45356
-0.64369
0.19348
0.45928
-0.26292
-0.71364
-0.020712
-0.50754
1.1354
-0.36577
-0.45115
0.070851
-0.060244
1.0466
-0.81139
-0.090018
1.1226
0.86339
0.75131
0.9874
-0.96821
1.0994
-0.86814
-0.33525
0.29631
0.18885
0.046977
-0.7144
0.99285
0.48375
0.36412
0.93376
0.5357
-0.032532
0.78543
1.007
-0.85763
0.046215
-0.060947
0.24869
0.4093
-0.6817
0.035063
-1.0627
0.14247
-0.032402
0.13029
0.137
0.89294
0.068037
-0.42772
0.36518
0.24812
0.23393
0.47567
0.34858
0.87647
0.68473
0.83818
-0.92972
-0.34113
0.70763
0.48737
-0.046928
-0.76
-1.0645
0.54834
0.5959
0.34331
0.33008
0.91061
-0.15066
-0.72114
-1.0458
-0.79882
-1.1662
-0.73919
0.92002
-0.34198
0.27677
-0.17744
-0.31509
-0.85548
-0.64574
-0.84829
0.6982
-0.66979
-0.11282
-0.016706
0.57122
-0.90405
0.40229
-0.95587
0.29497
0.16063
0.92783
1.0338
-0.06609
0.98101
-0.37061
-0.70779
1.0046
0.86924
-1.0788
0.97246
-0.49067
0.16601
-0.90168
-0.52297
-0.67355
0.98186
-0.81994
0.098711
0.71337
-0.93039
-0.44388
0.57548
-0.14571
0.93101
0.49331
-0.86128
1.0979
-0.62276
0.77769
-0.35871
0.79497
0.57169
0.55854
-0.39724
0.60621
-0.020479
0.55089
0.74653
-0.99137
-0.070893
-0.15357
-0.74876
0.43255
-0.85705
0.66551
-0.35361
0.11525
0.36857
-0.12815
0.17301
0.73525
0.47735
-0.43817
1.0062
-0.62249
0.23854
0.6545
-0.44938
-0.83765
-0.9499
-0.10122
0.70585
0.15555
0.90608
-1.1533
-0.79844
-0.38379
-0.6649
0.56804
1.0435
0.84073
0.93769
0.22471
0.64857
-0.17597
-0.4912
0.61862
0.79435
0.47074
0.73842
0.36134
0.18706
-0.91972
-0.13062
-0.83494
-0.95622
-0.7647
0.38879
0.66061
0.74435
-0.95088
-0.095989
-0.95439
-0.43846
-0.60397
0.97933
0.48184
-0.57731
-0.88481
-0.73921
0.81156
-1.1998
0.75869
-0.91808
0.060164
-0.8892
0.41382
0.22364
0.74662
-1.0492
-0.82022
0.98511
-0.97608
-0.5811
-0.41051
-0.90842
-0.029795
0.8408
-0.43978
-0.27444
0.10243
0.29659
0.48376
-0.68579
-0.94702
0.47841
-0.18739
1.018
-0.7814
0.43405
-0.70169
0.6915
0.59758
-0.92974
0.88501
-0.067695
-1.3135
-1.2217
0.36906
0.049517
0.10793
-0.75801
-0.6479
-0.84144
-0.081105
-0.63387
1.1369
0.96784
0.086163
-0.42255
-0.38791
-1.1153
-0.38996
0.83482
-0.27282
0.4981
-0.39439
0.40509
-1.0155
0.0073832
0.7607
0.63596
-0.80927
0.48624
-0.038718
0.59353
-0.69594
0.26536
-0.91088
1.1559
-0.89881
0.94368
0.30999
-0.20774
-1.0877
0.59093
-0.69852
0.82806
0.89405
-0.90028
1.1299
0.51095
0.20664
0.32118
0.057424
0.7863
-0.50916
-0.32454
0.47936
-0.78415
-0.24874
0.41202
0.11796
-1.0685
-0.88687
-0.6719
0.17825
-0.52268
0.66685
0.60952
-1.0552
-0.85019
-0.96041
0.87227
-0.21518
0.73159
0.55867
-0.22702
1.0736
0.4879
0.63716
1.1884
-0.59419
-0.2472
0.92888
0.17589
0.33204
1.0113
0.22484
-0.44808
-0.99199
0.33348
-0.93782
-0.4624
-0.013019
-0.94933
0.20616
0.60314
1.1803
1.1206
0.92351
0.078177
0.26275
0.38218
0.0069776
-1.0005
-0.98448
-0.33667
-0.30718
-0.24264
-0.84064
-1.0553
0.094466
-0.097334
-0.66738
-0.39372
0.27402
-0.61518
-0.23285
-0.26179
-0.57667
-1.0624
-0.46742
0.92024
-0.41595
0.9488
-0.77474
0.14853
0.71195
-0.49301
0.41703
-0.74367
0.88451
0.77729
0.99031
1.0609
-0.098513
-0.93153
-0.82966
0.52217
-0.94549
0.88972
-0.13626
0.8237
-0.3287
-0.31542
-0.88535
-0.70012
0.63917
-0.84103
-0.44017
-0.98603
0.99303
1.0596
0.3932
-0.44777
0.90815
-0.63308
0.68126
1.1105
0.5778
0.90032
-0.3757
-1.0556
-0.83826
0.46633
1.0947
-0.25924
0.07521
-0.13668
-0.82614
-0.099656
0.61399
0.60764
-0.033619
-0.67844
-1.0699
-0.31418
-0.51487
0.9623
0.92896
0.99967
0.88875
0.75094
-0.29298
-0.16391
-0.65321
-0.016763
0.20673
0.93902
-0.18748
0.70951
-0.15529
0.94632
-0.041875
0.51954
-0.58301
-0.22802
0.52819
-1.0701
-0.51098
-0.63803
-0.026179
-0.77321
-0.85199
-0.90163
-0.55247
-0.1363
-0.78765
-0.8842
0.93482
-0.37008
-0.54562
-1.1032
-0.7845
-0.98604
0.58441
0.59273
0.17449
-0.82053
-0.23778
-0.91106
-0.81223
-0.92795
-0.20264
-0.82754
0.72626
-0.76879
-0.045401
-1.0171
-1.1187
0.95267
0.41082
-0.84314
-0.71915
-0.88997
-0.74652
0.60303
-0.13732
-0.72034
-1.0559
-0.26287
1.0029
0.19983
-0.93796
0.00022737
0.61561
-0.59021
-0.50577
-1.0655
-0.88645
0.45004
0.32038
-1.0019
-0.79605
1.0612
-0.53957
-0.55647
-0.34422
-0.81368
-0.59869
0.45651
-0.15651
-0.38807
1.0678
0.12802
-0.062838
0.45623
-0.92657
-0.92831
-0.75941
0.72037
-0.93724
-0.73721
1.0464
0.80352
0.40115
-0.2487
0.66566
-0.88976
-0.57921
-0.66626
-0.92829
-0.7414
-0.16459
-0.87322
0.36106
0.11475
0.015845
-0.19249
-0.077692
-0.83472
0.10302
-0.1536
0.8464
-0.38717
-0.68706
0.79834
0.55938
0.94675
1.1375
-0.16598
-0.95518
0.91488
0.54189
-0.91213
-0.056538
-0.31391
0.24256
-0.90973
-0.8682
0.066906
0.22371
0.24978
-0.48447
-0.48823
-0.92809
0.66279
-1.0846
0.83239
0.020132
0.84759
0.65047
0.79016
0.71112
-0.93167
1.0216
-0.50265
0.96699
0.85327
0.93296
-0.49362
0.82705
1.2578
1.1183
-0.98215
-0.88245
0.93059
0.87494
0.042585
-0.80772
0.95855
-1.074
-1.0189
0.13483
0.1771
-0.56321
-0.92626
0.70754
0.6292
0.24311
-0.73609
0.8881
0.23783
0.96596
-0.55806
0.25083
0.35358
0.9272
-0.23796
-1.0187
0.90063
0.15387
0.69817
0.89029
-0.20352
-0.076252
-0.86007
-0.99531
0.63664
0.89241
-0.78039
-0.20791
-0.54685
-0.18708
0.37024
0.59369
-0.17494
-0.83496
0.27117
0.14244
0.67779
1.0507
1.0358
-0.73382
0.38257
-0.96715
0.83678
1.0744
-0.77805
-0.87902
-0.61301
-0.8802
0.6763
-0.85248
1.13
-0.37953
0.61287
-0.30026
0.75238
0.90621
-0.31336
0.43872
-0.37446
0.42714
1.0976
-0.030712
1.0492
0.98741
0.88901
0.30108
0.44418
-0.37119
0.14243
0.4337
0.96048
0.91755
0.80094
-0.55868
-0.60616
0.81575
0.28598
0.71215
0.17822
0.15812
0.65957
-1.093
0.72047
-0.76538
0.67621
0.51116
-0.97816
0.28964
-0.99516
-0.58619
0.4231
0.89134
0.45266
0.1022
-0.4637
1.0172
-0.078816
-0.99859
-0.74921
0.70092
0.046889
-0.32632
-0.026489
1.0761
0.93249
0.4215
-0.71156
-0.51798
-0.95996
0.75943
-1.0808
0.48473
0.27896
-0.99398
0.13858
-0.29298
-0.96061
0.99748
0.29677
0.73969
0.45091
-0.78661
-0.48492
-0.79488
-0.62718
-0.57177
-0.47067
0.70216
0.16049
0.8884
0.51464
-0.80289
-0.2288
-0.58035
-0.87851
-0.72441
0.95406
0.0036137
0.55582
1.0891
0.025716
0.52439
0.91389
0.93303
0.8541
-0.47472
-1.0277
0.97485
0.37506
-0.38928
0.17588
1.0288
-0.75383
0.45234
-0.42333
0.30974
0.16901
0.45669
0.21803
0.48596
0.63651
-0.86931
0.95397
-0.46758
1.0753
-0.33258
-1.0625
-0.53644
-0.51557
0.77771
1.0496
-0.43439
-0.92872
1.0089
0.96166
0.80146
0.2244
-0.8944
0.012026
-1.035
-0.77613
0.87097
-0.83373
-0.53328
0.53369
0.72823
0.024865
0.99996
-0.70441
-0.24596
0.40685
0.93321
-0.63654
-0.40625
-0.95866
-1.1343
-1.0907
-1.0104
-1.0096
0.98485
0.13763
0.31746
0.19629
0.41974
1.0127
0.87252
-0.86405
-0.50055
-0.77068
0.73814
0.94398
-0.77254
-1.0069
0.57387
0.40251
-0.31018
0.61666
-0.80479
-0.78066
-1.131
-0.023084
-0.95738
-0.52163
-0.93903
0.79523
-0.53842
0.83066
0.48775
1.0681
-0.85977
0.044227
0.80481
-1.0326
-0.86328
0.46842
0.92998
0.7202
-1.1201
0.16549
-0.78918
0.2122
-0.32128
0.19252
-0.81941
0.83938
0.73682
-0.16762
-0.49389
-0.45676
-1.0473
-1.0234
0.73217
0.46243
-0.63017
-0.72165
0.26471
0.97424
-0.98011
0.23504
0.71175
-0.37841
1.0546
0.88118
0.20936
0.89932
0.99667
-0.73669
-1.1204
-0.24219
-0.97303
-0.31629
0.63879
-0.57076
-0.10562
1.2075
-0.76344
0.85838
-0.10712
0.046767
-0.62666
-0.77324
1.0149
-0.96735
0.96445
-1.0562
-0.55367
-1.0344
1.0401
0.92642
-0.78524
-0.41474
0.11516
0.085723
0.11858
-0.24289
0.047863
0.82195
0.86334
-1.0164
-0.83856
0.037209
0.62704
0.23724
-0.51592
-1.0574
-0.99061
0.31052
0.7275
0.90366
-0.048523
1.0092
0.89465
0.52161
0.51203
-0.65446
1.0318
-0.27939
0.69938
1.0197
-0.058735
-0.23398
0.85268
-0.2539
-1.0175
-0.2771
-0.49933
0.69849
-0.081354
-1.0586
-0.61153
0.83617
0.72342
-0.8617
0.024704
-0.58994
0.69934
-0.15036
-0.9364
0.84897
0.85623
-0.20911
1.0331
0.85154
0.8399
-0.72939
-0.12567
0.90239
0.14194
0.76952
-0.29077
0.8864
0.87494
-0.99384
-0.854
-0.15296
0.85654
-0.9261
0.41228
-0.58818
1.0128
0.38992
-0.51578
0.70633
-0.45275
-0.06125
-1.0532
-0.083423
-0.15346
-0.1551
-1.0847
0.92995
0.18572
-0.46142
-0.44686
-0.90349
-0.43683
0.84398
-0.86172
-1.0694
-0.92999
-0.32631
-0.22357
-0.17303
0.23581
-1.1899
-0.62147
-0.44188
-1.0151
-1.0977
-0.9081
0.47128
-0.85895
-0.95899
-0.68809
-0.8992
0.13171
0.94706
0.89352
0.43994
-0.38347
-0.38922
0.9078
0.97011
1.0235
0.51651
-0.18281
0.66593
0.57486
0.065498
0.42626
1.0799
-0.9569
0.74788
1.1238
0.0077575
0.97622
-0.16834
0.68086
0.3045
-0.54118
-0.78711
-1.216
0.92914
-1.0952
0.12127
-0.60695
0.93248
0.66699
-0.61325
0.67331
1.0681
0.88206
-0.051708
-0.57771
0.91005
-0.61253
-0.70687
-1.0437
-0.22297
0.78628
0.8245
0.93456
0.61161
-0.71507
0.12952
-0.97359
-0.59516
0.23622
0.86246
0.76833
0.030669
0.67162
-0.42732
0.077853
0.42061
-0.017013
-0.4287
0.72542
-1.0358
1.0314
1.0062
-0.39774
0.90047
1.1081
0.97432
-0.39344
0.84596
-0.67081
0.65412
0.62575
0.90573
0.86059
-0.61655
0.74098
-0.61489
0.2889
0.85796
0.7359
-0.067115
0.17763
-0.90865
-0.39579
-0.83693
0.98291
-0.0685
-0.12975
-0.85786
0.14115
-0.3127
0.33565
1.0153
-0.75587
-0.79616
0.11157
-0.40033
0.17639
0.23131
0.42022
0.68119
-0.75696
0.62255
0.52886
-0.92793
0.87451
0.11035
0.4876
-0.74693
0.86495
0.060212
1.141
-0.34984
1.0322
0.81482
-0.46544
0.31888
-0.79995
0.66855
-1.1467
0.061879
-0.85968
0.39009
-0.72035
0.11216
-0.29085
-0.053084
-0.67953
0.07252
-1.0344
-0.18055
-0.58569
-0.61212
-0.91317
-0.89985
-1.2328
-0.82921
0.80532
0.34164
-0.83738
-0.30429
0.66077
-0.71476
-0.79796
0.76822
0.26003
-0.98782
-0.75468
1.1186
-0.21924
0.01534
0.56459
0.11356
0.84298
0.011095
-0.94612
1.1995
0.80978
-0.78103
0.41305
0.92552
-0.88378
0.95445
-0.22493
0.14046
-0.24445
0.14816
-0.30561
0.4435
-0.18644
0.61973
0.104
0.14234
0.87772
0.23597
-0.4497
-0.83408
0.69151
0.87412
-0.10314
-0.91175
1.0261
0.090025
-1.0505
0.93466
0.44701
-0.88297
-0.85744
-1.1468
0.17758
0.70192
0.92536
0.74386
-0.65147
0.2714
-0.16429
-0.47135
0.64785
0.4975
0.94142
-0.61904
-0.54017
0.90982
0.55893
-0.33537
0.18761
0.38412
0.90483
0.2977
1.1781
-1.031
0.38154
0.57666
0.73717
-0.79508
0.98914
1.1927
0.55013
0.59671
0.66916
1.0371
-1.0133
-0.13338
-0.26669
-1.0215
0.93014
-0.34716
-0.23617
-0.2318
0.94634
-0.027352
-0.6583
0.75389
0.92768
1.0336
0.78968
0.49499
0.84135
0.68111
0.71599
-0.91032
0.50065
-1.028
-0.9214
-0.82679
-0.84286
-0.80197
1.0326
0.29555
-0.34998
-0.31781
0.79426
0.2364
0.91822
-0.89934
0.82782
0.97572
0.44663
-0.83835
-0.4444
0.37328
-1.0914
-0.80245
-0.81427
0.21314
-0.88288
0.16222
-0.067502
0.093517
-0.59353
-0.87242
0.43062
1.076
-0.70446
0.77837
-0.0086813
-0.20758
0.67367
0.056454
-0.24976
0.42761
-0.54541
0.38523
0.95613
-0.73833
-1.0659
0.28608
0.48428
0.75064
0.59885
0.070825
-0.70582
0.68757
-0.51195
-0.08421
0.91248
0.85014
-0.7307
-0.86184
-0.58995
-0.47714
0.63061
-0.34711
0.59606
-0.96992
-0.15552
-0.80606
0.79448
0.60988
-1.111
-0.73266
-0.14892
0.91409
-0.42389
0.72532
-0.19226
-0.060631
-1.0411
1.0353
0.031009
-0.52368
-0.10171
-1.0529
-0.88647
-0.47978
0.16016
-0.85459
-0.74983
-1.0606
0.3056
-0.57219
0.25357
0.14503
-1.0368
-0.99619
0.94755
0.65669
-0.89902
0.30616
-0.94577
0.45507
0.34119
-0.64986
-0.943
1.001
1.0724
-1.0013
-0.33738
0.90552
1.0512
1.2319
0.60909
0.81189
0.82112
0.64552
-0.14551
-0.16867
-0.95329
0.90685
0.29928
0.9638
-0.46108
0.88637
0.99096
-0.72162
-0.48838
-0.79915
0.096728
1.0997
-1.0061
-1.0998
0.70932
0.32966
-0.84578
0.79379
-0.81218
-0.79077
0.9333
1.0068
-0.92009
-0.64696
0.42483
-0.15826
-0.23204
-0.32027
0.33093
1.0221
0.81209
0.73652
-0.61023
-0.15531
-0.59126
0.076987
0.54933
0.82409
-1.0078
0.059673
0.76944
1.0063
-0.56437
-0.81461
-0.67137
0.95861
-0.84993
0.84354
-0.89919
-0.057012
0.75614
-0.64546
1.0374
0.023898
-0.4402
-0.28954
-0.80512
0.886
0.96595
0.26789
0.37389
-0.043611
0.49143
0.72627
0.91491
-0.49701
-0.89969
0.74379
-0.73662
-1.1469
-1.0389
-1.0337
0.50531
-0.11835
-0.13721
0.73373
-0.67258
-0.89736
0.667
1.0253
1.0515
0.32074
-0.89721
0.039086
-0.43896
-0.56484
-0.79018
0.1004
0.90184
0.38293
0.37915
-0.083491
0.48118
0.29423
0.43642
0.1315
-0.20175
-0.017681
-0.62406
0.46813
-0.18181
-0.069934
-0.82712
0.13237
0.78562
1.0047
-0.64852
-0.21276
0.68263
0.76191
-0.5324
0.62797
0.61511
-1.0911
-1.0036
-0.93296
0.88323
-0.17508
-1.0116
0.64224
-0.85978
1.0631
-0.68621
-0.56822
-0.1712
0.11349
-0.85166
0.77327
0.66356
0.46784
0.92665
-0.77493
-0.93048
0.52424
-0.37605
0.78818
0.44928
0.59085
0.85254
0.7636
-0.07374
-1.0355
0.94311
0.73195
0.68624
-0.6767
-0.046796
0.26939
-0.70247
0.98227
-0.62595
-0.50156
-0.70288
0.031904
1.057
-0.82608
0.9409
-0.95916
-0.17666
-0.17425
-0.04939
0.74969
-0.23196
-1.006
0.26729
-0.81653
0.60526
0.50846
0.43992
-0.92639
0.037042
0.064706
0.89995
0.21903
-0.69738
0.72376
0.77265
0.62992
-0.57895
0.11148
0.21653
0.87799
0.51518
0.98376
0.38321
0.42117
0.47748
0.82619
-0.045977
0.64252
-0.3838
0.051211
-0.86927
-0.070715
-0.32061
-0.97378
-0.85028
-0.26679
-0.45167
-0.72621
-0.12031
0.43801
0.7206
0.35464
-0.56817
0.18146
0.99885
-0.3792
0.94713
-0.20299
-0.93949
-0.90339
-1.1777
0.71657
0.34099
0.093264
-0.60126
-0.32509
0.88948
-1.1022
-0.72573
-0.97341
0.45593
-1.0847
0.73537
-0.26907
-0.2382
1.0019
0.65705
0.76762
-0.70125
-0.6758
0.98425
0.43263
0.54442
-1.0254
0.88204
-1.1103
-0.02609
-0.91338
-0.75054
-0.10094
-0.92311
-0.12542
1.1786
0.39787
0.92745
0.5101
0.41687
-0.58334
0.069096
-0.89929
-0.20462
0.60306
0.88921
0.52042
-0.056694
0.32943
0.089456
-0.97199
-0.27913
0.78028
0.2133
0.90513
0.69607
0.34641
0.64391
0.98904
0.2149
-0.91216
0.08827
-0.58865
-0.59425
-1.0261
0.55425
-1.111
0.55605
-0.41471
0.16494
0.17946
-0.60367
0.96713
0.69245
0.30691
0.079653
0.91348
-0.60339
1.19
-0.72272
0.70592
-1.0672
0.32119
0.94639
0.082782
0.48865
0.29224
-0.58887
0.8646
0.92814
-0.0091651
-1.0556
0.42363
-0.55556
0.16712
-0.54035
1.1184
-0.14313
-0.52026
1.0126
0.80795
-0.81437
0.26973
-0.12329
-0.23451
-0.045975
0.88401
-0.74405
0.19308
-0.32583
0.22168
-0.93052
-0.15272
0.88591
0.37973
0.45345
-1.0485
0.94311
-1.0313
0.847
-0.017666
-0.67819
0.44164
0.25009
0.82916
-0.18509
-0.84661
-0.65578
0.19627
1.1397
0.92244
-0.86337
0.85382
1.2161
-0.1196
-0.69145
0.4363
0.68712
0.36963
0.59599
0.91094
0.41618
0.43897
0.71074
0.19476
0.25499
-0.14106
1.0649
0.094138
-0.54981
0.976
-0.81982
-0.82284
0.042078
-0.80763
0.67715
0.0021802
0.5007
0.59165
0.60972
-1.0394
0.4687
-0.51536
-0.80933
-0.83027
0.61573
0.9564
0.68395
0.84673
0.27966
0.087052
0.62622
-0.12196
-0.84722
-0.34289
-0.1171
-0.020468
-1.0434
-0.51494
-0.56351
-0.64967
-0.29507
-0.24232
-0.65851
-0.1046
0.87757
-0.92145
0.45585
0.92604
-1.053
-0.33449
0.87183
-0.61776
0.030499
0.51629
0.38225
-0.7849
0.020595
1.0969
-1.1214
-0.0045505
0.018244
0.73461
0.59002
0.97925
1.0319
0.12973
-0.74181
-0.020932
0.90473
0.99083
0.57893
-0.66097
-1.1825
-0.82828
1.0589
0.0072386
0.65406
-0.20521
-1.0333
0.53527
-0.98992
0.9108
-0.53461
0.84229
0.60157
0.59089
0.67808
-1.1457
-0.52557
0.22452
1.023
0.71761
0.2402
0.33485
-0.4407
-0.83381
-0.58112
0.48405
0.60811
-0.42056
-0.75216
-0.86963
-0.82339
0.91436
-0.91223
0.75524
0.70742
-0.98604
0.87138
-0.51757
-0.0075987
0.91835
0.84309
0.14222
0.79165
-0.43656
0.69526
-0.43863
0.66263
-0.99267
-0.93637
0.26697
-0.3885
-1.0348
-0.82228
0.65858
-0.33288
0.29712
0.3343
-0.46592
-0.38761
-0.45857
-0.2188
-1.0814
-0.86074
-0.83457
-0.75947
-0.37507
-0.8645
0.70091
-0.28184
0.50842
-0.77849
0.41398
0.69539
0.42324
1.0119
0.76414
-0.75507
-0.97283
-0.45183
0.78141
0.85431
-0.91933
-0.78279
-1.0636
0.27513
0.96015
-0.86292
-0.77829
-0.30203
-1.1084
-0.98009
0.027285
-0.55392
0.86501
-0.05114
-0.94811
0.44159
0.93206
-0.69546
0.28998
0.019042
0.83211
-0.75269
-0.2138
-0.50432
-0.38117
0.37256
0.31761
-0.29994
-0.57451
-0.89564
-0.21557
-0.46696
0.18239
-0.53931
-1.018
-0.48136
-0.25944
0.1891
0.086918
-0.78085
1.0153
0.36625
0.066218
-0.77955
-0.74172
0.64326
0.49913
0.87554
0.75992
0.0427
0.15431
-0.90327
0.4881
-0.34636
0.63318
-0.39848
0.533
1.2124
-0.68324
-0.91556
0.57356
0.019613
-0.48839
1.1102
-0.39629
-1.0278
-0.59328
0.76308
-0.48836
-0.9202
-0.14346
0.13557
-0.70107
1.0448
0.37407
-0.22886
0.031308
0.49853
0.99256
0.75038
0.47657
1.0051
-0.43155
0.90316
-0.98509
-0.53991
-1.1998
-0.42934
0.10702
0.53049
-0.087417
-0.96301
0.31748
1.0065
-0.8907
-0.0052772
0.65003
-0.28654
0.81211
-1.0291
-0.74377
0.53596
-0.49847
-0.48594
0.06037
1.0509
-0.98917
1.251
-0.62354
-0.81347
-0.98383
0.7276
-0.037523
-0.92099
0.069598
-0.2533
-0.55735
-0.59737
-0.79678
-0.63931
0.96891
0.04704
-0.76244
0.45267
-0.13122
-1.1007
-0.84709
-0.13084
0.25383
-0.25223
-0.38015
0.31949
0.41126
0.070562
0.53984
-1.0333
0.56365
-0.78141
-0.46266
-0.052457
-0.8469
0.84339
-0.50679
-1.0718
0.83447
0.2232
-0.29111
0.74246
0.50523
-0.89613
-0.99717
0.94669
1.0452
1.0372
0.84258
0.051299
0.9489
0.98845
-0.76549
0.86862
-0.43261
0.59875
0.88478
0.21195
-0.94207
0.040325
0.52083
-0.8788
-0.81795
-0.90038
0.7864
0.056855
-0.056684
0.4944
-0.10814
-0.78516
-0.73898
-0.3779
-0.47087
0.93616
-0.40826
-0.34867
-0.67729
0.46328
-1.0335
0.7188
-0.43783
0.38288
-0.62875
0.64236
0.53591
0.97056
0.70433
-0.65698
-0.9917
0.46042
-0.95743
-0.90861
-0.060369
-0.86933
0.20506
0.81723
-0.75196
1.0519
0.52738
0.4378
0.88151
0.4029
-0.10757
-0.46793
0.9722
-0.94059
0.92278
-1.0092
1.1216
0.72169
0.15001
-0.69477
-0.50724
-0.35154
1.0093
-0.71891
0.62908
0.88118
-0.41662
-0.56243
-0.94686
-0.39876
0.12479
0.14663
-0.90777
-1.2428
-0.77403
0.24132
-0.58642
0.34715
0.37118
-0.87201
-0.53458
0.25181
-0.83855
0.92029
-0.72592
-0.14914
0.37488
-0.44391
-0.64544
1.0548
-0.47978
-0.97293
0.94122
-0.91663
0.94592
-0.20201
-0.2517
-0.3473
0.050316
-0.094857
-0.42928
0.69498
0.87629
-0.5967
0.054392
-0.084579
-0.41833
0.92077
1.0016
-1.0857
-0.82851
0.29519
-1.0439
-0.77673
-0.97301
-1.1595
-0.41599
0.42844
-0.60467
-0.87993
-0.89171
0.71911
0.27015
-0.91436
0.87672
1.0259
0.72085
0.82468
0.031624
-0.85729
0.70249
0.50476
0.063095
0.41028
-0.49983
1.0339
1.0667
1.042
-0.15908
0.68092
0.87312
0.90357
1.0352
-0.98042
-0.87484
-0.77086
-1.1982
-0.49841
0.75609
0.85909
-0.47515
-0.67357
-0.64106
-0.80577
0.20974
0.70479
0.40765
-0.58744
0.10171
0.54065
-0.73017
-0.98773
-0.40425
-1.2776
1.0216
0.040275
-0.55271
-0.64079
1.0659
-0.54772
-0.95261
-0.269
-0.86551
1.0283
-0.56603
0.037636
0.74832
0.35937
