64 2
-2.9107 4.844
2.0928 3.5894
-2.6377 2.8556
-3.806 0.13377
1.073 -3.224
-0.49862 -1.0141
-0.41275 -3.6607
1.6194 -4.6911
2.7029 4.3914
-1.4978 -1.9869
1.6201 -2.0447
-0.83841 -1.6706
3.4193 -0.32932
3.3292 1.482
-2.4356 -4.7477
1.1346 3.4221
0.82249 0.59033
0.40739 3.541
3.6994 -1.5212
-2.3522 -0.53973
-1.8193 -4.4576
-3.8079 -3.2289
4.3983 1.6281
1.4555 -1.6917
-0.20537 3.9849
1.3932 -3.8184
0.44716 4.8842
1.4731 0.39982
0.43886 2.0692
2.2105 4.9949
0.22495 -2.1215
4.937 -0.85477
-2.8132 -0.3516
-3.942 2.6396
-3.903 3.182
-4.3641 -3.9978
-0.9542 -3.2188
-0.51627 -1.4037
-1.3418 -4.433
2.635 0.21886
1.279 -1.6415
2.7198 -3.2433
4.3285 -2.9105
4.7274 4.0515
-3.0797 1.7539
-3.6113 -0.31532
1.9627 4.1213
-4.0618 -3.9599
0.25404 2.4555
0.30344 2.3627
3.6114 0.61861
-0.15147 -3.1581
-1.0654 0.97211
1.7143 -2.0006
2.4126 -3.6588
0.20052 -2.874
-1.5229 3.9494
-3.5 -4.2855
0.86092 -2.5751
-2.3785 -4.4625
-4.5555 -0.58278
2.5493 -4.8672
-2.5721 3.9719
-0.57598 -3.0334
