64 2
2.788 2.3864
-0.76547 0.85987
-4.0918 -2.5327
-2.3353 1.6642
-3.4634 -4.1652
-2.1899 1.2596
-0.59915 1.6094
0.27143 2.2975
-0.42576 3.9075
3.7537 4.823
0.18052 2.6903
4.4362 0.81446
1.3771 4.2831
4.5769 0.8009
-2.5929 -4.8302
1.7612 -3.7914
-2.1094 3.6271
1.7181 -0.15703
1.9514 3.4486
-4.3201 -2.9059
-2.4521 0.52291
-2.7596 1.2988
1.6783 -4.6801
3.4439 1.1471
-1.5554 -1.3759
2.8052 -4.5047
1.7533 -0.1043
-4.9328 -3.0749
1.0217 -3.7692
-1.1323 -2.9451
4.1599 -3.5349
-4.9885 -3.1093
-0.37551 -4.5735
-0.75651 1.352
-0.39084 -2.1813
2.7016 0.38597
-1.7753 1.9516
2.8474 -0.0088399
-0.28643 0.35801
-4.6424 -0.54817
-3.2413 -3.7607
2.2176 -0.096427
-0.26514 3.53
-3.4728 3.7393
-1.5888 -2.2971
1.0739 -2.9154
-3.0825 0.6498
2.3843 1.4031
-2.5715 -0.82971
4.1742 -2.9402
-2.3094 4.4793
2.655 -4.1793
-3.1134 -3.9429
-2.125 -3.5796
-4.0889 -3.3354
0.76209 1.2096
1.8336 0.7371
0.46593 -4.4792
-0.74271 4.312
1.4444 2.2866
1.4762 2.3784
1.7902 -4.366
1.3579 3.6044
4.4517 4.3441
