-0.15845
0.84011
-0.38646
0.60781
0.86647
-0.5231
-0.44074
0.95117
0.44249
-0.91749
1.0252
-0.70087
-0.20705
-0.31145
-0.65718
0.92402
0.76871
0.33097
-0.57963
-0.67038
-0.97512
0.64571
-0.99911
0.91167
-0.16587
1.0439
0.51401
0.91862
0.35806
0.7286
0.22098
-1.0056
-0.25678
0.6449
0.60284
0.95022
-0.7562
-0.53378
-1.0372
0.47769
0.8759
0.41026
-0.88581
-0.989
-0.1573
0.42575
0.9091
0.88641
0.29706
0.29595
-0.38724
-0.20312
-0.89241
1.0603
0.74125
0.2357
-0.97431
0.3215
0.79569
-0.73253
1.0164
0.57233
-0.4822
-0.56595
