0.29307
-0.66523
0.79235
-0.70366
0.29872
-0.80089
-0.69216
0.2914
-0.32033
-0.52264
0.22509
-0.9741
0.99035
-0.97863
-0.51673
0.9404
-0.87606
0.98043
0.90441
0.96587
-0.50923
-0.43894
1.0006
-0.36986
-0.93476
0.40058
0.90026
1.073
0.79876
-0.89405
-0.79628
0.96949
-0.25196
-0.54876
-0.37405
0.33058
-0.99742
0.24757
-0.32077
0.94117
0.10341
0.90336
-0.29784
0.31115
-0.94152
0.9397
-0.034734
0.73828
-0.49617
-0.87775
-0.71798
0.45266
-0.073202
-0.81857
0.8152
0.68108
0.98024
0.49864
-0.65664
1.0018
1.0095
0.9786
0.93869
-0.92688
