0.043882
-0.55291
-0.76605
-0.7383
-0.74663
0.38339
-0.62579
0.92767
-0.40127
-0.26712
-0.92597
0.021443
-0.45385
-0.59096
-0.51243
-1.0874
0.012154
-0.82633
-0.67746
-0.49477
-0.071264
0.28222
0.98014
-1.0288
0.80945
-0.82573
-0.27826
1.0141
-0.081509
-0.61375
0.92633
0.020191
-0.5182
0.58337
0.48252
0.35922
0.96439
-0.80252
-0.71637
0.17245
-0.68366
0.97981
-0.94143
-0.6357
0.044922
-0.44002
-0.7905
-0.51003
0.83022
-0.70457
-0.50454
0.78773
-0.073367
-0.73789
-0.47
-0.10941
-0.4088
-0.10368
-0.22021
0.97037
-0.66953
0.43
0.14942
0.99342
-0.051366
-0.46032
0.96635
-1.0233
-1.0075
0.2499
0.78445
0.40967
-0.016348
0.68062
-1.0301
0.21431
0.39756
0.40723
-0.99118
-0.86751
0.34633
0.62224
-0.25132
0.92117
-0.80328
-0.7221
-0.70727
-0.67073
0.94408
0.52389
0.99307
0.78191
0.90869
-0.98082
-1.0647
-0.72284
0.42132
-0.9239
-0.64276
-0.22863
-0.85015
-0.67799
-0.95258
0.87544
-0.74768
-0.7917
0.10274
-0.095293
0.95359
-0.52438
-0.9106
0.83417
1.0364
-0.72815
-1.066
0.45113
1.0003
0.76215
0.95432
-0.68134
-0.029344
-0.37946
-0.85872
-0.99406
0.11363
0.8796
0.78547
0.73994
0.21793
-0.54993
-0.38282
-0.75207
-0.11581
-0.03818
-1.0139
-0.97904
0.89288
-0.055331
0.86357
-0.9482
1.0207
-1.0196
0.3953
0.42666
0.75238
0.95538
0.81853
-0.6157
-0.040567
0.90156
0.19085
0.72396
-0.34196
-0.88755
-0.33445
-0.43424
-0.20176
-0.22581
0.87599
-0.060279
-0.94588
0.94802
0.7761
0.64244
0.37055
-0.90547
-0.8002
-0.50495
0.1335
0.85374
0.97143
0.35596
0.2311
-0.5507
0.61481
-0.63989
-0.35063
0.19536
-0.37161
-0.89386
0.92638
-0.92612
-0.24726
0.044176
0.86653
-0.14622
0.92732
-0.93951
-1.0157
0.8909
-0.94437
-0.92946
-0.47062
-0.60727
-0.71151
-0.98569
0.33103
0.40926
0.19713
-0.68623
-0.50344
1.0299
-0.08385
0.9144
0.34105
-0.90779
0.64969
0.92355
-1.0254
-0.37515
0.78258
-1.0167
-0.83585
0.97552
0.91449
0.32275
1.0337
-0.60761
1.0693
-0.45719
-1.0152
-0.93525
-0.35254
-0.11069
-0.47721
0.29873
-0.61578
-0.19375
0.2121
0.50107
-0.59062
0.10714
-0.80346
0.74917
1.0833
-0.40612
-0.93514
-0.89807
-0.11148
0.31125
0.8089
0.080381
-0.49961
-0.0063119
-1.0484
0.20196
-0.4792
-0.0075727
0.94887
-1.0085
-0.18512
1.0075
0.87955
0.98006
-0.47277
-0.88703
0.70089
0.82277
0.8176
0.73147
0.35527
0.25551
-0.84422
-0.6059
0.41314
0.10804
-0.31771
0.72794
-0.97452
0.58209
-0.0054729
-0.14962
-0.19662
-0.97545
0.75231
-0.45405
0.0080893
-0.30197
1.0329
0.5633
0.051992
-0.37076
-0.0065831
-0.69243
-0.42295
-0.98913
-0.98533
0.94385
-0.33786
0.048273
-0.14455
0.86034
0.24222
0.0034921
-0.39733
-0.60298
0.32247
0.9294
0.0078643
-0.9532
0.96859
0.80995
0.51143
0.97083
0.81081
0.39837
0.079231
0.20321
0.43074
-0.99061
0.13013
0.66557
0.066794
-0.31121
-0.54628
-0.98841
-0.4417
0.44886
0.88156
-0.87007
-0.53744
0.89473
0.66544
-0.36858
0.89612
0.78183
0.82756
0.18519
-0.025549
-0.87224
-0.82974
-0.42697
-0.4742
0.44374
-0.6994
0.078149
0.91392
0.42307
-0.40243
-0.14277
-0.72804
-0.91074
0.73956
-0.13728
-0.16009
-0.061153
0.89811
-0.9074
0.1166
0.49183
-1.0366
0.96499
0.37501
1.0526
0.98948
0.36816
-0.31228
-0.74012
0.88468
-0.60425
0.12827
0.65214
0.44121
0.52733
0.14917
0.79018
-0.97381
0.40912
-0.91132
1.0285
-0.48422
0.98489
0.24784
-0.26134
-0.70851
-0.55247
-0.45695
1.0058
0.93813
-0.19461
0.5016
-0.92994
-1.0341
0.020153
0.37542
0.41456
0.29075
0.061145
-0.2847
-0.018952
-0.51335
0.53505
0.089154
0.19288
-0.61286
-0.18877
-0.097479
-0.84435
-0.72581
-0.3288
-0.073773
0.50179
-0.70371
-0.93672
0.95079
1.0184
-0.62919
0.22445
0.88763
-0.79512
0.97093
-0.1136
0.45763
0.26639
0.66586
-0.052186
0.8577
-0.77078
0.02507
-0.94374
-0.98166
-0.14424
0.58844
-0.0506
-1.0186
-0.53815
-0.66982
0.82188
-0.96307
0.70804
0.62077
-0.89352
-0.70947
-0.51116
0.8903
0.78233
-0.82142
0.47801
1.0107
1.1145
0.32892
1.0353
0.46586
0.99111
0.10987
-1.068
0.68717
-0.79882
-0.75125
1.0288
-0.83511
-0.81748
-0.98881
-0.085976
-0.98584
-0.94953
-0.80902
-0.94968
-0.86454
0.26598
-0.41001
0.56079
-0.889
-0.98257
-0.15115
-0.97412
0.17418
-0.090591
0.77381
-0.79108
-0.17015
-0.9084
0.10359
-0.78179
0.73279
0.066894
0.81114
0.90104
-0.19974
-0.507
-0.28238
0.71801
-0.75255
-0.86932
0.87768
1.0347
0.87869
-0.47733
-0.98315
-0.81654
-0.99241
0.15957
-0.97185
0.2199
0.13109
0.13981
0.98061
0.70495
0.29892
-0.95487
-0.16548
1.1038
0.85013
-0.019099
-0.90526
-0.43549
-1.0479
-0.5401
-0.77405
-0.6598
0.92098
-0.31215
1.0402
0.58106
0.79514
0.71241
0.97191
0.050152
-0.074551
1.0124
0.59244
-0.89222
0.80802
-0.8259
-0.9407
-0.9687
-1.0321
0.0089125
0.2924
-1.029
0.86692
0.54707
0.76211
0.97629
0.94514
-0.53112
0.93611
0.57535
-0.21087
0.73085
0.17715
-1.0516
-0.32702
0.072913
0.5086
-0.71879
0.67769
-0.67124
0.89678
0.5674
-0.030642
0.80988
0.85126
0.95387
-0.77327
-0.32764
-0.4952
-0.10885
-0.21062
0.42858
0.3384
-0.35722
0.23298
0.91003
-0.96871
0.84236
-0.28252
-0.59759
0.97112
0.88538
-0.8453
-0.81308
-0.56386
0.59471
-0.62891
0.6537
-0.98266
-0.69795
0.79044
0.74711
0.52115
0.3349
-0.392
-0.99504
0.56504
0.51945
-0.45082
0.5099
-0.9299
-0.81169
0.98341
0.54159
-0.14017
-0.88163
0.78287
-0.15323
0.11462
-0.29508
-1.0266
0.90523
1.0682
0.64019
-0.93636
1.0639
-0.22903
0.070453
0.53875
0.69905
-0.91609
0.80029
-1.0035
0.66516
0.84356
-0.6955
-0.48629
0.99368
-0.007214
-0.30196
0.17369
0.958
-0.077478
-0.27679
0.669
0.34088
0.85738
-1.0072
0.22328
0.24934
0.07544
0.47128
-0.92441
-0.2009
-1.0262
-0.063057
-0.37891
-0.44916
0.96563
-0.54643
0.9298
0.73274
0.85292
-0.93213
0.13484
-1.0158
0.80235
0.83702
-0.38488
0.17194
-0.60076
0.7631
-1.0017
0.1776
0.62686
-0.75383
-0.69143
1.0139
1.0144
-0.032791
1.0516
-0.8497
-0.60599
-0.43815
1.0133
0.68746
-0.30235
0.80328
0.54623
-0.52828
0.23273
0.71621
-0.81804
0.80766
0.070957
-1.0383
-0.61595
-0.94069
0.21179
0.86448
-1.0676
0.32954
-0.14307
1.0089
0.87787
-0.99908
0.54055
1.0171
-1.0055
0.65721
-0.41069
0.67809
-0.85468
0.085118
-0.99651
-0.94019
-0.85877
-0.47952
-1.0526
-0.31984
-0.15897
0.88357
0.72306
1.0463
0.20314
-0.79178
0.96649
-0.4789
0.16382
-0.42996
-0.27457
-0.4273
0.63813
0.97045
0.9516
0.95976
-0.7577
0.31643
-0.89788
-0.89334
0.16539
0.26272
-0.32396
0.61437
0.92825
0.79776
-0.26461
-0.26653
0.7808
-0.45717
0.70137
-1.0387
-0.6526
0.097322
-0.37357
0.059077
0.6054
0.024083
-0.71722
-0.99774
-0.91733
0.91349
-0.12283
0.98699
0.76414
0.8641
-0.70707
-0.58272
-0.23857
0.41471
0.53164
-1.0373
-1.0513
0.26788
0.86752
-0.4848
-0.97294
1.0191
-0.98213
0.64605
0.23702
-0.81511
-0.93403
0.73836
0.97754
-0.93992
-0.53044
0.95204
-0.070012
0.44562
-0.22158
-0.90937
-0.38118
-0.66381
0.72322
0.46853
-0.89143
0.84525
0.21214
1.0088
-0.89064
-0.81123
0.95816
0.81498
0.89361
1.0411
-0.95721
-0.18308
-0.96646
-0.1816
0.17967
-0.70432
0.84934
-0.60758
0.067318
-0.49134
0.0095211
0.78896
0.96969
0.66741
-0.60614
-0.88092
0.94765
-0.84496
0.4609
-0.10998
-0.39041
-0.64059
-0.50526
-0.057307
-0.52924
-0.2253
-0.28913
0.96004
0.0034838
0.043666
0.86637
0.76372
0.80868
0.78771
0.94637
-0.69738
-0.86867
0.85945
0.63789
0.68768
-1.0804
0.81863
0.9417
0.86878
0.94364
-0.5444
-0.51617
-0.97726
-1.0036
0.31925
-0.84675
0.9021
0.85591
0.55691
0.66559
0.12615
-0.22825
-0.92815
-0.85868
-0.83739
-0.20917
-0.41795
0.86907
-0.80974
-0.53383
-0.09131
-0.049389
-1.0078
0.069816
-0.040542
-0.59997
-0.41486
-1.0388
0.91622
-0.41662
0.24657
0.62634
-0.32164
-0.84113
-0.90816
0.8947
-0.85176
-1.0452
0.90223
-0.63947
-0.87354
0.62862
-0.80123
-0.085953
-0.11015
0.54751
0.93062
-0.0507
-0.80721
-0.71677
-0.79364
0.37103
-1.0036
-0.7037
0.40907
-0.88818
-0.8801
0.96407
0.62784
-0.12887
1.0182
0.8116
0.012297
0.8645
0.983
-0.71815
0.92338
0.74274
-0.97489
-0.7065
-1.0044
0.61161
-0.5203
0.33652
0.86184
0.94646
0.94825
0.69166
0.40678
0.7707
-0.9373
-0.90381
1.0479
-0.79718
-0.77109
0.7671
0.28038
0.90608
-0.94588
0.9598
0.68582
-0.66441
-0.31581
-0.96061
-0.94672
-0.030102
0.65275
0.74976
-0.25633
-0.22101
-0.24659
-0.6245
-0.19109
-0.86386
-0.78973
-0.12688
-0.56072
-0.95478
-0.93419
0.82389
-0.91147
-0.69809
-0.30942
-0.31327
-0.012514
0.7407
-1.0657
0.95529
0.27487
0.38661
-0.43039
-0.80952
0.4134
-0.040323
0.6291
0.99873
-0.87816
-0.59788
0.97349
0.75578
0.31362
-0.17325
-0.52413
-0.47567
0.83549
-0.64412
1.0129
0.87471
0.2984
-0.17792
0.35863
-0.29457
-1.0058
-0.068042
-1.0084
-0.787
-0.87068
-0.81162
0.0045474
-0.68902
0.20051
-0.51324
0.99315
1.0282
-0.97843
0.52443
0.76303
-0.61567
0.19779
0.96957
0.090374
-0.84174
0.090717
-0.88861
0.92692
0.15765
-0.80993
-0.67328
-0.85771
0.95128
0.80849
-0.87079
0.43333
0.82331
0.9625
-0.1921
-0.97632
0.98598
-1.0309
-0.092853
0.093001
-0.11711
0.42726
0.93983
0.83355
0.074731
0.25374
-0.26571
-0.5282
-0.039577
-0.96072
1.0922
0.88498
0.64956
-0.64217
-0.17392
0.55676
0.44499
0.15622
0.13533
1.0396
-0.94879
-0.21493
-0.66905
-0.44844
-0.48379
-0.049592
1.063
-0.94698
0.1775
0.94625
-0.32326
0.60757
-1.0181
0.97006
-0.45354
0.57651
0.065387
0.99593
0.64081
-0.4845
0.59419
0.97063
-0.95593
-0.3938
0.9173
-0.90521
0.95354
0.30892
-0.18151
-0.94843
-0.86953
0.93395
-0.077622
0.47835
0.024453
-1.0407
-0.99568
0.40278
0.33813
0.43107
-0.85804
0.70208
0.66886
-0.9332
-0.25852
0.20285
0.689
-0.99934
0.77304
0.8524
0.3779
-0.85293
-0.5674
-0.27363
0.89175
-0.28147
0.42423
0.87059
0.74773
0.76081
0.41043
-0.067811
0.14197
0.23491
-0.94776
0.33639
0.9796
-0.70497
-0.98218
0.32435
-1.0459
0.92572
-0.6433
0.94689
-0.86148
-1.0132
0.49942
0.94907
0.99891
0.20807
0.98861
-0.17572
0.57737
-0.70992
-0.92672
0.88542
-0.31317
0.62557
-0.94241
-1.0426
0.04265
-0.097412
0.28838
-0.48297
0.23551
-0.09738
0.37958
0.53472
0.74797
-1.0217
-0.96303
-0.34132
-0.15957
0.79655
0.39006
-0.4745
-0.89775
0.24685
1.0149
0.81015
0.0017144
-0.35154
0.78911
-0.03437
-0.57742
-0.10796
-0.9411
0.92083
-0.99857
-0.94658
0.77114
-0.95986
0.074111
-0.97048
-0.72323
0.17035
-0.50888
0.74641
0.789
-0.49468
0.73205
-0.69849
0.81834
0.26928
0.94353
-0.53973
-1.0076
0.64101
-0.69162
0.29653
-0.38724
0.95603
0.046477
-0.52727
0.80981
-0.086952
-0.64981
0.079805
0.53484
0.169
-0.65277
1.0557
0.89524
-0.86438
-0.45742
0.025457
0.66298
0.16614
-0.92993
0.81433
0.61496
1.0046
-0.65173
0.11823
-1.0087
0.78805
-0.95478
-0.26868
0.77865
-0.32025
0.17109
-0.53425
0.63321
0.37344
-0.98477
-0.32967
0.54324
0.078525
0.072636
0.43691
-0.29274
0.66598
0.67558
-0.90954
-0.083513
-0.44277
0.83327
0.094582
-0.2068
0.95603
0.66059
-0.54059
-0.24482
0.33708
-0.47773
-1.0035
0.19818
-0.64281
0.33001
0.46787
-1.0286
0.77288
0.7046
-0.04534
-0.062022
-0.73524
1.0252
0.97543
-0.07235
0.90547
-0.95351
0.65037
0.34644
0.59425
0.62332
0.69695
-0.18532
1.006
-0.93734
-0.5067
-0.85247
0.97677
0.49624
0.74942
0.79391
-0.4572
-0.87387
0.68154
-0.3132
-0.48829
0.15139
-0.35253
-1.059
-0.92111
-0.75474
0.67642
-0.84153
-1.093
0.40046
-0.82193
-0.26872
0.71517
-0.99449
-0.8891
0.30376
-0.70173
-0.54503
-0.10894
-0.7356
0.32418
-0.89735
0.95611
0.36047
0.033119
-0.15365
-0.7346
-0.38791
0.79768
0.93199
-0.92531
0.59492
1.0461
0.95694
-0.48591
0.75585
-0.97525
0.47019
0.77378
-0.1116
1.0676
0.57641
0.41628
-0.95686
-0.055129
-0.64783
-0.81333
0.17544
0.037791
0.64768
0.9085
1.056
-0.97734
0.64775
-0.93744
0.49925
-0.69136
0.69616
-0.72277
-0.96075
-0.24206
-1.0229
0.71307
-0.27176
-0.89389
0.42759
-0.72852
0.49306
0.29332
-0.68497
0.54585
-0.4146
0.75168
-0.75376
-0.13816
0.35916
0.98724
-0.020955
1.008
0.67981
-1.0006
0.1502
-0.65912
-0.83283
0.78712
0.31675
0.53446
-0.41551
0.73159
-0.63326
-0.64898
-0.41897
0.06598
-0.61568
0.73856
0.00084646
1.0011
0.92485
0.62997
0.83242
0.8116
0.57358
-0.026331
-0.72867
0.47278
0.79691
0.67112
-0.9107
0.94769
0.84891
-0.75146
-0.71194
-0.94165
-0.71086
0.90127
0.50225
-1.0141
-0.87542
1.018
0.037834
0.3006
0.82729
0.86475
0.63975
-0.46199
-0.39485
-0.37661
0.96709
0.23353
1.0005
-0.5752
0.42277
0.87983
-0.96905
0.16435
0.2317
-1.0679
0.20721
0.20955
-0.23678
-0.47695
0.24359
-0.93768
0.13198
0.95035
0.63101
-0.93268
-0.20628
-0.18248
-0.98856
0.98988
0.48967
0.11693
0.67273
0.81748
-0.95842
0.55451
1.0082
-0.18804
0.79986
0.22109
0.65457
-0.91319
0.9807
-0.955
0.048765
-0.35323
0.89909
-0.90651
-0.87831
0.94995
-0.068445
0.99362
-0.50169
-1.0676
0.81305
1.0103
0.64921
-0.57807
0.91334
0.87016
0.49347
0.039796
0.90536
0.26356
-0.59835
0.51258
-0.74852
0.84904
1.0314
-0.90898
-0.23153
-0.57186
0.65159
-1.0148
0.68335
0.78517
0.38464
-0.57553
-0.0076415
0.68504
-0.97629
0.77086
-0.84887
-0.89929
1.0029
-0.83531
0.5418
0.2117
-0.17979
0.27597
0.37074
-0.23173
-0.90293
0.73486
0.26271
0.56809
-0.60676
-0.99272
-0.57074
-0.59973
-0.93018
-0.16386
-0.95351
0.85762
1.0166
0.70721
0.85671
0.88077
0.87492
0.029789
0.94231
0.58684
-0.28347
-0.74753
-0.99731
0.72424
0.67164
0.64439
0.95131
0.56677
-0.90811
0.098355
0.76348
-0.24944
0.31287
-1.0112
-0.10742
-0.46328
-0.23757
0.778
0.70759
-0.85435
0.96045
0.91259
-0.88331
0.99411
-0.89695
0.15592
-1.0028
-0.23519
-0.3412
-0.94659
-0.64884
-0.24591
-1.02
0.97921
-0.6394
1.0009
0.82257
0.0033839
1.0648
-0.56671
-0.44008
-0.071477
-0.65102
-0.35612
-0.43716
-0.98258
-0.73521
0.8305
0.96507
-0.40834
0.86135
0.96326
-1.0132
1.0181
0.97291
0.11694
1.009
0.8089
-0.75552
-0.99252
-0.58976
-0.61369
-0.47773
-0.40484
0.97279
-0.79636
-0.56129
0.21465
0.88715
0.73051
-0.26701
-0.2481
0.058029
-0.68735
0.7069
0.97015
0.71474
0.9008
-0.46989
0.85844
0.71064
-0.92353
-0.61003
-1.0104
0.15723
0.24412
-0.36416
0.65073
0.1153
-0.90823
-0.87754
1.0375
-0.96333
1.0435
-0.62079
-0.73907
-0.018253
-0.88779
-0.81074
0.059211
-0.43218
-0.37958
-0.66555
0.20083
0.11733
0.48933
-0.97273
0.43921
0.50514
-0.42433
1.071
0.2521
-0.64037
1.0178
-0.61446
-0.87468
-0.64983
0.89054
-0.11257
0.55356
0.76429
-0.022119
0.95671
-0.98126
-0.17682
0.89229
0.55658
-0.32449
0.3062
0.89776
-0.12179
-0.32317
0.946
0.27426
-0.74707
-0.60853
-0.40963
0.0034768
0.24083
-0.074949
-1.0269
0.90934
-0.34743
-0.97674
0.81467
0.93915
-0.89336
-0.4854
0.59771
-0.9763
-0.6921
0.20668
-0.86776
0.84771
-0.83869
0.33678
0.9647
-0.16757
-0.57516
0.97033
0.83204
-0.0077394
0.97723
0.25784
-0.52407
-0.36771
0.80771
-0.4692
-1.0889
-0.80746
-0.44217
0.59394
0.33675
0.94497
-0.61105
0.93968
0.31749
1.0447
0.033084
-0.13027
0.62671
0.59967
0.62583
-0.73044
0.49893
1.0343
0.42771
0.81831
1.0192
0.55355
1.0095
-0.79821
-0.86929
-0.94098
-0.67545
-0.055574
-0.12209
-0.34406
0.89043
0.10634
0.82122
-0.96348
-0.97357
1.0553
-0.65374
-0.66879
0.2722
0.62038
0.89724
-0.25057
-0.76069
1.0046
-0.2734
-0.7595
0.52474
0.23346
-0.86478
0.86857
0.47743
0.66287
0.75793
-0.78655
-0.76499
0.56606
0.29493
-0.54763
-1.0847
-0.80594
-0.52241
0.85856
0.18716
0.7891
-0.37991
-0.90513
0.94857
-0.89002
0.7134
0.86231
0.81931
0.71496
-0.53356
-0.29885
0.21057
0.93581
-0.36948
0.31644
-0.99805
0.0031526
-0.85889
0.72817
0.0090105
-0.92654
0.36181
0.72805
-0.49577
-0.15171
0.21444
-0.0019345
-0.19558
0.48367
0.94789
-0.5776
-0.58028
0.30408
-0.4687
-0.40211
0.44096
-0.78724
-0.92056
0.69799
-0.1137
-0.086897
0.70471
0.8826
1.0306
-0.35975
0.70982
0.65382
-0.96132
-0.81181
0.87789
0.78235
0.99083
0.66813
-0.80066
0.90509
-0.35316
1.0278
-0.25982
-0.28899
0.83472
-0.97834
-0.1012
0.9951
-0.31345
0.98062
-0.432
1.0066
0.76675
-0.41664
-0.55603
-0.98361
-0.81031
0.22764
0.84466
0.27775
-0.5977
-0.51465
0.56247
0.32667
-0.6515
0.45187
-0.90586
0.63465
-0.27141
-0.06252
0.63489
0.9097
-1.0202
1.0145
0.53862
-0.86885
-0.95183
-0.057951
-0.2243
-0.33669
-0.32319
-0.64184
-0.43075
1.0449
1.0828
-0.062667
-0.65423
0.97561
1.0471
-0.87713
0.94459
-0.11609
0.48231
-0.99739
-0.68009
-0.75962
-0.51733
-0.88904
0.070186
0.82994
-0.93782
-0.67297
-0.77945
0.25391
0.46161
-0.95883
-0.56689
-0.48852
0.78693
0.67356
0.59552
-0.64233
0.76231
0.90374
1.0187
-0.28784
-0.41856
1.1173
0.98491
1.0394
-0.85561
0.28364
-1.0294
-0.61746
-0.93417
-0.89502
0.67187
0.015427
-0.42369
0.33212
0.97341
-0.33522
-0.88777
-0.96746
-0.55483
-0.42257
0.91707
0.34911
-0.7094
0.90525
-0.23935
-0.8783
-0.158
0.53817
0.32374
0.87867
0.83179
0.80655
-0.70529
-0.54903
-0.64829
-0.88124
0.98614
0.54807
0.95955
0.36013
-0.7268
-0.79003
0.93182
-0.64045
-0.97415
-0.29464
0.32191
-0.64466
0.11995
0.16438
-0.83215
0.18691
-0.93041
-0.14755
-0.31686
0.93633
-0.78714
-0.12192
-0.63462
-0.2664
0.64445
-0.88464
-0.98143
-1.0066
-1.0063
0.71733
-0.067634
-0.068068
-0.20386
0.95223
0.26868
0.1956
0.62819
0.24807
-0.45096
-0.97479
-1.0568
-0.88531
0.32973
-0.60431
0.69463
0.57883
0.93343
-0.96819
-0.70822
0.029149
0.47879
-0.69832
-0.98941
0.95899
-0.21294
1.0269
0.45231
0.55556
-0.86359
-0.9875
0.82035
-0.70548
0.61523
-0.19361
0.73532
0.087377
0.74307
1.0158
-0.94126
1.0917
1.0057
0.75279
-0.63046
0.36602
0.91497
0.87427
0.7642
-0.7125
-0.80381
0.99581
0.56094
-0.98593
0.55376
-0.86955
1.0454
0.76659
0.88721
-0.74907
0.47291
-0.50792
-0.47104
1.0248
-0.16058
0.71629
0.92201
-0.53519
0.03815
0.61085
0.8106
0.08743
-0.92647
-0.66691
-0.45221
-0.64528
0.33291
-0.028944
0.25592
0.19334
-1.0509
0.79309
-0.41382
0.084427
0.77074
-0.80268
0.9485
0.31394
-0.87746
-0.92856
0.79665
-0.53826
-0.86204
0.70791
-0.65442
-0.018743
0.90016
0.47587
0.67011
0.89916
0.77717
-0.36965
0.97174
-0.94702
0.83898
-0.41457
-0.67762
-1.0131
-0.74322
-0.99054
-0.52307
0.91698
-1.0248
-0.93404
0.51876
0.18008
-0.7148
-0.55263
0.98454
-0.90666
-0.15506
0.63815
-0.79444
0.68233
0.90661
-0.97937
0.6595
0.70339
0.43052
0.69852
0.56985
-0.82373
0.86176
-0.70934
-0.5157
0.14144
0.30069
0.89224
0.47238
-0.36009
0.25652
0.94552
-0.36948
-0.81945
0.92787
-0.26362
-0.58063
0.27085
1.0289
-0.48395
-1.0298
-0.40292
-0.3664
0.8162
0.044439
0.7583
0.7329
-0.44884
0.38285
-0.6706
-0.98414
-1.0301
-1.0796
0.12222
-0.85985
0.91928
0.3808
-0.9386
-0.65118
-0.23733
-0.5022
0.59082
-0.87172
0.96289
0.95786
1.0412
0.089061
0.08546
-0.58185
0.96381
0.74537
-0.879
0.47404
0.69938
-0.99082
0.49484
-0.66411
-0.60577
0.23009
0.49679
0.88811
0.78098
0.71228
0.13006
-0.31508
0.71871
-0.17541
-0.016596
0.25909
-1.0546
0.50954
-0.32073
-0.43286
0.16202
0.89266
0.21148
-0.37161
0.93431
0.10614
1.0835
0.68346
0.94766
0.14071
-0.60543
1.0071
-0.2542
-0.9759
1.0877
-0.17714
1.0819
-0.33723
-0.64177
0.41629
-0.73959
-0.71999
-0.83491
-0.84292
-0.23105
0.26136
1.0829
0.78747
-0.96676
-0.65898
-0.8438
0.84483
-0.063273
-0.8117
-0.78225
-0.95599
0.29579
0.46677
0.50443
-0.02231
-1.0304
-0.87671
0.85346
-0.27978
0.95585
0.71585
0.76322
0.94008
-0.9561
-0.55277
-0.73653
-0.99854
-0.40821
0.9798
-0.15599
0.35177
0.55452
-0.24224
-0.70058
-0.59677
0.88437
-0.90447
-0.35236
0.67966
-0.91772
1.0583
-0.21755
0.3411
0.37771
0.55001
-0.6509
-0.95794
-0.20824
-0.98477
1.0681
-0.25534
-0.67079
-0.30365
1.01
0.88681
0.10829
0.98338
0.93512
0.79788
1.0267
1.0932
-0.51104
-0.76968
0.79367
0.89475
-0.90241
-0.6497
1.0985
0.0095862
-0.80831
0.73887
-0.69551
0.99181
0.76017
-1.0387
-0.76039
-1.0175
-0.98953
-0.96531
1.0025
-0.97501
-0.35289
0.96338
-0.81719
0.60384
0.35409
0.29562
0.19514
-0.77594
0.99276
-0.6577
-0.73128
-0.87876
-0.83085
-0.5483
0.69166
-0.42255
-0.52322
-0.44131
0.16737
1.0441
-0.9125
-0.60794
0.16632
-1.0052
-0.26098
0.95938
0.35833
0.45204
-1.0171
-0.19962
-0.016988
0.16081
1.1287
-0.55769
0.16305
0.34497
-0.5889
0.07058
0.83937
-0.92336
-0.46224
-0.85417
-0.87906
-0.48353
-0.2086
-0.035972
-0.99036
-0.21483
1.0901
-0.034821
0.91949
0.16864
0.47155
-0.098782
0.97019
0.58515
-0.1242
-0.87115
0.63932
0.77472
-0.31427
0.80199
-0.63368
-0.28967
-0.73538
-0.97911
0.97098
0.89663
-0.88194
-0.85131
0.56142
0.82165
0.77514
0.094774
1.0176
0.93965
0.17487
-0.28144
0.6089
-0.65308
0.057005
-0.26527
-0.9951
-0.40388
-0.27544
-0.054876
-0.59845
-1.0039
-0.047962
-0.89079
-0.74116
0.68173
-0.25629
-0.058406
-0.75344
-0.19088
0.3665
0.52191
-0.942
0.34022
0.83914
-0.59602
-0.18301
0.50564
-1.0496
1.0028
-0.95557
-0.55249
0.6315
-0.77576
-0.55474
0.09292
-0.26222
-0.65221
0.91473
-0.75991
-0.25158
0.61987
0.79233
-0.90402
-0.027587
-0.50327
-0.20442
-0.82635
0.39643
0.1344
0.41382
-0.20134
-0.921
0.82224
0.0407
-1.0478
1.0002
0.65252
0.68133
-0.94732
-0.95191
0.13468
-0.56797
-0.60735
-0.94346
-0.96847
-0.71075
0.90935
0.7721
0.5132
-0.46438
-0.78298
0.69947
-0.62667
-0.85336
-0.96026
0.22293
0.58686
-0.56069
0.10252
-0.89327
0.9957
0.72972
0.67136
-0.36018
1.0672
0.50218
0.21906
-0.99931
-0.49118
0.13207
0.80001
0.34101
0.74285
-0.1723
0.7846
-0.30042
0.18293
0.21736
-0.5692
0.32173
-0.62387
-0.56922
-0.020464
0.56422
0.93994
-0.89948
-0.8319
0.97637
1.015
0.70795
0.057809
-0.36747
0.83592
0.92695
0.50234
-0.399
-0.79003
0.56968
0.57113
0.96658
0.048502
-0.59158
0.92753
0.34537
0.8498
-0.71214
-0.8607
-0.6325
-0.85258
-0.09266
0.68586
-1.009
0.4454
0.88309
-0.94812
0.75798
0.79989
-0.99207
-0.01408
-0.65157
1.0136
0.99287
0.78993
0.73749
1.0245
0.73777
-0.26706
0.054587
0.6682
-0.42263
0.37339
-0.99721
-0.98546
0.35714
-0.47079
0.98702
0.70145
-0.077162
1.0095
-0.2604
0.95992
1.0734
0.95049
0.7174
-0.45458
-0.28951
1.0149
0.92047
0.72922
-0.94012
0.99525
0.54765
-0.93801
0.8934
-0.78456
-0.76434
-0.94256
-0.83565
0.065921
0.98723
-0.38957
-0.55039
0.20627
0.90731
0.47366
-0.74895
-0.81749
0.22914
1.0404
-0.10265
-0.077486
0.93994
-0.97511
0.099779
-0.24455
-1.0027
1.0137
0.51575
0.8016
-0.96149
0.9308
1.0109
0.40234
0.20824
0.94456
-0.23457
-0.91567
-0.065495
-0.84527
-0.82645
0.7222
0.12598
-0.18401
0.037545
-0.055853
1.0534
-0.995
-1.0716
-0.17453
0.95018
-0.084624
-0.94621
0.24024
0.99959
1.0137
0.97751
-0.89352
-0.88681
-0.97217
-0.77692
0.73345
-0.54892
-0.82868
-0.37955
0.51302
-0.87497
-0.65362
-0.4291
-0.90887
0.93182
-0.88446
-0.1058
-0.48459
0.92318
0.80018
0.9701
0.12061
0.88998
0.92989
0.816
0.76032
-1.0117
-1.0192
0.91177
0.33978
-0.42215
-0.15093
-0.6001
-0.52613
-1.0071
1.0639
0.88554
0.39852
-0.92311
-0.3082
-0.46376
0.77501
-0.28796
-0.59134
-0.99471
-0.49043
0.5277
0.29622
0.26487
0.6592
-0.63119
-0.049079
-0.96227
0.5202
0.4984
0.43802
-0.71832
-0.21009
0.41822
-0.40364
-0.36208
-0.9462
-0.57315
0.82821
-0.33842
0.91231
0.83689
0.072647
0.13733
0.73538
0.78763
0.75273
1.0023
-0.90454
-0.69852
-0.33002
-0.85431
-0.8179
-0.62831
0.71448
-0.65619
-0.18729
-0.35406
0.032997
-0.51056
0.38156
-1.0436
0.28302
0.22474
-0.91438
0.18352
0.47231
0.9285
-0.045171
-0.28627
-0.34053
0.7272
-0.43471
-0.30145
0.9181
0.64511
0.1685
-0.84366
-0.55314
0.041141
-0.72879
-0.007542
0.92149
-0.9781
0.49366
-0.50256
-0.14083
-0.011807
0.55982
-0.13595
-0.37874
-0.54144
-0.15536
-0.92561
-0.58165
0.79594
0.965
0.66133
0.39336
-0.73744
-0.51736
-0.47678
0.36667
-1.0773
-0.16592
0.65699
-0.96132
0.79915
0.7194
-0.41876
-0.92412
-0.9462
-0.77665
0.96964
-0.24897
0.5072
-0.99251
-0.72746
0.78012
0.15323
0.94853
0.9265
0.89406
0.015833
-0.91263
-0.37662
0.077954
0.82051
0.93681
0.59777
-0.95952
0.51437
0.71997
0.82668
-0.92196
-0.13471
0.54284
-0.069069
0.42451
-0.40901
-0.44399
0.97472
-0.70757
-0.66606
-0.54486
-0.92793
-0.88901
0.9779
0.90304
-0.01283
0.12273
-0.093517
-0.6178
-0.50599
0.4588
-0.93658
0.42479
-0.83456
0.96886
0.58297
0.81301
0.74514
0.68342
1.021
0.71732
-0.51034
0.9997
-0.25985
0.97235
0.91408
-0.90751
0.72353
-0.98675
0.22649
0.17031
-0.63104
-0.91344
0.79122
-0.84025
-0.02246
0.96901
0.86728
-1.0378
0.4721
-0.079588
0.78048
0.8445
-0.070126
-0.99075
1.0066
-0.50466
0.97805
0.84674
0.076828
0.87559
-0.72894
-0.72322
-0.22759
-1.0917
0.11956
0.84907
-0.25986
-0.27968
1.0312
-0.28182
-0.94009
0.49484
0.24367
0.78807
1.0407
1.0161
-0.92847
0.96055
0.82539
0.94302
0.51649
-0.57956
-0.81377
-0.25995
0.46447
-0.5182
0.34312
0.61644
0.14908
0.5167
-0.95135
0.9839
-0.12925
-1.0226
0.45429
0.97289
0.28214
-0.94924
0.5781
0.25624
0.65968
-0.9341
-0.92747
0.98533
0.79605
-1.0069
0.54012
-0.18575
0.92375
0.78873
0.15328
-0.48376
-0.085553
-0.94456
0.91303
-0.39454
0.80737
0.92183
0.90176
0.055566
0.96576
-0.77478
-0.25713
0.70488
0.3702
-0.12546
-0.2578
-0.3293
-0.99563
0.66719
0.38234
0.957
-1.0395
-0.2099
-0.04411
-0.58881
0.55791
1.0203
0.9623
0.32092
0.89772
0.83156
0.42305
0.7711
0.9679
0.62957
-0.99577
0.58469
-0.44155
-0.20573
0.56408
-0.57341
0.90251
-1.0101
0.98319
-0.84714
-0.14301
-1.055
-0.72394
0.41548
0.57074
0.76772
-1.0138
-0.13753
0.77299
0.32675
0.71966
0.34026
0.85473
0.55453
0.35593
0.81754
0.9739
-0.37026
-1.005
0.8426
0.90983
-0.95171
0.97926
0.59886
-0.8441
0.67165
-0.73641
-0.6759
-0.8435
0.15743
-0.49052
-0.78499
0.33989
-0.33245
-0.47986
-0.7025
0.13976
0.070498
-0.23271
0.92027
0.80539
0.72517
-0.078493
-0.95698
-0.88838
1.0041
-0.43238
0.79245
0.97401
-0.86336
0.83744
0.297
0.40611
0.99156
-0.73696
0.77898
0.55398
0.61971
0.77197
0.539
-0.12047
0.8454
0.99571
-0.43521
-0.13041
-0.98458
-0.61773
0.33941
-0.82014
-0.19203
-1.0064
-0.45362
-0.67
-0.76151
0.60916
-0.94521
-0.95305
0.89338
-1.0503
0.15688
0.3739
0.5836
-0.764
-0.67909
0.24277
-0.71516
-0.95315
-0.41284
0.68448
-0.96567
-0.75775
0.27524
0.95372
-0.21658
0.12175
-0.69874
0.80735
-0.93412
0.8564
0.91876
-0.45591
0.98648
-0.043467
0.67556
0.38445
0.78742
0.98784
0.61717
0.5352
-0.94597
0.64318
0.95007
-0.97637
-0.33696
0.22772
1.019
0.18099
0.5484
-0.26053
-0.98387
0.70115
0.457
0.095165
0.94597
0.51466
-0.89459
0.31376
0.49637
-0.80021
0.70063
0.7262
0.86546
-0.48326
0.81221
-0.7435
0.54896
-0.61365
0.37044
-1.032
-0.83769
0.89701
1.0144
-1.0144
0.86062
-1.0033
0.87563
0.66811
0.7229
1.0096
0.80279
1.0033
0.96593
-0.47479
0.052032
-0.091842
0.96796
-0.88954
0.61195
0.69894
0.36364
0.3272
0.019975
-0.6526
0.90194
-0.52988
0.42258
-0.11896
-0.23763
0.91563
-1.0273
0.017889
-1.0009
0.6156
-0.20559
0.98752
-0.20346
-0.87972
-0.21839
-0.64186
-0.83568
0.89234
-0.0184
-0.97791
-1.0503
-0.6769
0.70998
-0.6632
-0.082257
0.61443
-0.85625
0.67863
0.7301
0.87108
1.0251
-0.76272
0.98003
0.45103
0.95918
0.90632
0.94679
-1.0181
0.68234
-0.096024
0.33294
-0.58695
-0.26996
-1.104
0.46437
0.80086
0.22433
-0.73513
0.78776
0.54654
-0.62498
-0.19214
-0.62898
-0.30772
0.22225
0.13235
0.53485
-0.9516
-0.6636
-0.83304
-0.96205
-0.22588
0.52526
-0.98986
0.72509
0.34972
0.98375
0.71876
-0.74573
-0.87361
-0.49896
-0.7657
0.93224
-0.60697
-1.0108
-0.95094
0.77114
-0.94261
0.9719
0.77823
-0.68575
0.453
-0.32976
-0.20156
0.61184
-0.11599
0.97232
0.20028
-0.45236
-0.50613
-0.57196
-0.63752
-0.65837
0.97035
0.52621
-0.034275
-0.80292
-0.092623
-0.56304
-0.69412
-0.88711
0.88072
-0.6895
-0.91615
0.54338
0.70078
0.28127
-0.36147
0.86829
-0.82041
0.53593
-0.36039
0.35425
0.66305
0.93406
0.17389
-0.53882
-0.9904
-0.22478
-0.13173
0.1764
-0.97382
0.82194
0.81019
-0.4952
0.38977
-0.69807
-0.80651
0.61265
-0.62323
0.99207
-0.83114
0.77969
-0.29931
0.38913
0.84633
0.77861
-0.95036
-0.97817
-0.67923
-0.63865
-0.97221
0.3811
0.94187
0.97516
0.82784
-0.75151
-0.16213
-0.72915
-0.81344
0.96832
-0.033764
-0.018916
0.64802
0.92873
-0.95998
-1.0879
0.43393
0.0099529
0.72411
-0.025949
-0.45373
-0.4294
-1.0233
0.23341
-0.53679
-0.94457
0.53957
-1.0065
0.99486
-0.28839
-0.34843
-0.75297
-0.4968
-0.21974
0.97681
0.76792
0.52232
0.39867
-0.25334
0.91413
-0.40261
-0.62658
-0.24252
0.50115
0.19699
0.96271
0.16235
-0.96836
-0.61269
-0.94986
-0.74551
0.53092
1.0443
-0.38263
0.57232
0.44985
-1.0098
1.012
-0.95509
-0.31644
-0.089145
-0.77521
0.38348
-0.83076
-0.90878
0.9224
0.88095
-0.14702
0.19127
0.88929
-0.3146
0.76609
-0.68128
-0.1007
0.89216
-0.52851
-0.040343
0.086377
0.97628
0.73263
-0.98793
-0.48999
-0.93115
0.12075
-0.36695
0.056667
1.023
0.49542
0.54059
-0.41367
0.43672
-0.95571
-0.13589
0.090862
0.042753
-0.48898
1.0731
0.15898
0.30103
-0.51695
1.0111
0.36083
0.92587
1.014
0.63806
0.91672
0.60882
-0.0070034
0.88774
0.83809
0.90531
-1.043
-0.71539
-0.67164
-0.81952
-0.49461
0.66904
-1.0563
0.94877
-0.7756
-0.80173
-0.82461
1.0023
-0.94273
0.46357
0.5103
-1.0701
0.15012
-0.5956
0.45479
0.83841
0.77909
0.94399
0.92316
0.24038
0.19522
-0.66646
-1.0034
-0.97903
0.92428
0.55039
-0.97257
0.60233
1.0821
-0.60593
-0.68616
-0.14965
0.9342
0.94308
-0.11663
0.37441
0.94528
0.70772
-0.025676
0.42604
-1.0659
-0.93846
0.51109
-0.099856
0.12724
-0.91443
0.75215
0.34573
-0.93242
-0.87373
0.48593
-0.67664
0.20603
-0.54041
0.94892
-0.59379
0.66176
-0.8014
-0.6657
-0.37209
1.0035
-0.88212
0.29806
-0.74637
0.98415
0.82897
0.96639
0.69543
-0.16994
0.6717
0.8761
-0.3534
0.97257
-0.99326
1.0048
0.3287
0.98891
-0.81254
0.68527
0.51944
0.83913
-0.94901
0.13991
-0.67051
0.72229
-0.15327
0.27534
-0.52
0.15609
-0.066396
0.58637
1.0042
-0.75742
0.75286
0.53537
0.97069
-0.97395
0.83469
-0.30558
-1.0092
0.87268
0.19302
0.39593
0.095404
0.48385
-0.60659
-0.97053
-0.96
0.67135
-0.2411
0.8528
1.0421
-0.804
0.98809
-0.33454
-0.79021
-0.69794
-1.03
-0.61296
0.88509
0.087374
0.37935
0.90432
0.79857
-0.16814
0.83153
-0.85666
0.51156
0.9855
-0.54886
0.90903
-0.65675
-0.34946
0.13592
-0.37138
0.31131
0.72663
-0.90708
-0.81153
0.38395
0.93649
1.0379
0.74907
-0.39761
0.986
-0.55316
1.048
0.96378
-0.60404
-0.73621
0.87464
0.77155
-0.90358
-0.7249
0.35701
-0.80201
0.18312
-0.51137
-0.97275
-0.93987
-0.94514
0.6623
-1.0251
0.54694
0.67169
-0.89683
0.84783
-0.90165
0.8194
-0.59138
0.20363
-0.97368
-0.77596
0.9637
0.99438
-0.95886
-1.001
-1.0263
-0.61108
-0.5754
-0.80461
-0.053927
0.40964
0.50596
-0.92313
0.79909
0.78563
0.18292
-0.42934
-0.79889
-0.18342
0.99198
-0.93334
-0.69697
1.0328
1.1122
0.36907
0.95388
0.16599
-0.96247
0.37176
-0.077404
0.8627
-0.036801
0.6313
0.30519
-0.090728
-0.44587
-0.21336
0.82009
0.12841
0.84652
0.71526
0.83676
-0.53206
-0.98003
0.93246
-0.4572
1.0618
0.084778
0.9933
-0.018461
0.77777
-0.94751
0.85846
0.2664
0.97181
0.97347
1.0331
-0.7325
-0.99549
-1.052
-0.4943
-0.85171
0.99289
-0.83936
-0.63092
-0.18943
-0.8601
0.47452
1.0055
-0.083927
-0.34864
-0.92625
0.14353
-0.74121
-0.19884
-0.99933
-0.82309
-0.14271
0.27185
-0.66993
1.0101
0.70609
-0.63779
0.2839
0.54076
-0.83947
0.48105
-0.091566
-0.46208
0.88881
0.97242
-1.0468
0.67735
0.74921
0.52727
-0.25909
0.87694
0.73578
-0.048929
0.48419
0.25528
-0.70252
0.87215
-0.22249
-0.92063
0.85107
0.76457
0.99701
-0.93586
-0.62391
-0.72397
-0.76609
-1.0766
0.13951
-0.97182
0.86545
0.98057
0.24063
0.27127
0.87425
-0.9286
0.94513
0.063208
0.47508
-0.48107
-0.531
0.34195
0.95303
0.45891
0.97786
0.071031
0.36643
0.25173
-0.30492
0.70314
0.83782
0.076817
0.29377
-0.25505
0.52915
-0.96614
0.90406
-0.92638
0.41145
0.66053
-1.0099
-0.74759
-0.94224
-0.77967
0.84022
-0.074533
-0.95815
0.91522
-0.04425
-0.80724
0.6068
0.3681
0.99682
0.12335
-0.34402
-0.61201
0.69614
-0.96444
-1.0491
-0.86139
-0.78684
0.90472
-0.28577
1.0754
0.58306
0.32757
-0.86479
-0.50019
-0.58667
0.69289
0.69212
-1.0622
-0.21484
0.0086843
0.96134
0.83632
0.75867
0.1311
0.35114
-0.21883
-0.92206
-0.75778
0.42478
-0.089587
0.91939
0.4398
0.51897
0.92677
0.57133
-0.86319
0.63058
0.7033
-0.65778
0.21663
-0.94093
-0.8634
-0.16314
-0.84278
-0.30232
0.65486
-0.82038
0.40887
-0.55383
0.21369
0.47136
0.68587
0.89681
0.97043
0.19289
-0.83108
0.72467
0.31487
0.89846
-1.0047
-0.10012
-0.12304
-0.60257
0.82925
-0.82301
1.0703
0.6522
-0.75781
0.78601
0.46492
0.74163
-0.51876
0.50719
0.98744
-1.041
1.0169
0.54588
-0.89649
0.92015
-0.68334
-0.72403
0.36841
0.32348
0.43953
-0.57364
0.98381
-0.94651
1.0073
-0.79548
0.83544
0.79052
0.16193
-0.59361
0.96111
-1.0176
0.64777
-0.77366
0.1923
0.79325
-0.5062
-0.71649
-0.28441
0.50318
-0.97769
0.92449
0.92721
0.058288
0.88111
0.95059
1.0808
0.94092
-1.0204
0.32278
0.9955
-0.43048
0.96256
-0.71578
0.34926
-1.0256
0.91571
-0.55712
-0.33142
0.75053
-0.58734
0.49256
0.44381
0.86996
-0.41591
0.85657
-0.61418
-0.33172
0.31668
0.56652
-0.29365
0.54453
0.95681
-0.8635
-0.27333
0.99469
0.54497
-1.0375
-0.10944
-0.7773
0.99812
-0.64064
-0.79607
0.72306
-0.97951
-0.70605
-0.54048
0.082005
0.70704
-0.29834
0.9605
0.63664
-1.0322
1.0307
0.23588
-0.53407
-0.41387
-0.24191
-0.31106
1.0576
0.88259
1.0339
-0.18695
0.53965
0.81805
-0.16676
-0.10887
-1.0817
0.64829
0.99095
0.51431
-0.05324
-0.85113
0.0057711
-0.22598
-0.8348
0.71823
0.76334
0.87576
-0.7975
0.092879
-0.10965
-0.34073
-1.0233
-0.57562
0.2882
-0.078489
-0.96493
1.0665
-0.91485
-0.49379
0.096499
1.0269
0.85004
0.69685
0.90265
0.57322
0.99027
0.97854
-0.66277
0.92408
0.8306
-0.84304
0.57884
-0.72109
-0.87075
-0.65962
0.30135
-0.24292
-0.57403
-0.70718
-0.7096
0.54046
0.70925
0.86155
0.83072
-0.38791
0.82029
0.65757
-1.0042
-0.31815
-1.0103
-0.11188
0.051299
-0.8236
-0.44473
0.19197
1.0096
-0.77307
-0.061396
-0.87088
1.0027
0.84001
-0.71499
0.18871
-0.95008
0.62989
-0.38101
0.92718
0.74435
0.80397
-1.0381
-0.20484
-0.23268
-0.17003
-0.69459
-0.17734
0.91871
0.85684
-0.84549
-0.95356
0.054047
-0.5944
0.94799
-0.49225
0.21922
0.48592
0.39548
-0.71021
-0.89919
-0.93206
-0.66362
-1.0267
-0.58497
-0.95432
0.31326
-1.0037
-0.053515
-0.29204
-0.85362
0.88965
-0.64585
0.28371
0.90595
-0.83471
-0.17233
0.22911
-0.83093
-0.51012
0.91464
-0.22445
0.01051
-0.89104
-0.40655
0.87013
1.02
0.88489
-0.99596
0.070862
-0.78334
1.0224
-0.098187
-0.76775
-0.88263
0.59581
-0.55804
-0.45524
-0.63043
-0.13999
-0.022609
-1.0239
0.85825
0.85069
-0.17764
0.060948
0.26337
-0.99553
0.23949
0.029905
-0.19055
-0.33808
0.76494
0.97898
-0.51554
0.9985
0.94163
-0.90382
0.97557
0.97027
-0.59968
0.87352
0.50733
-0.51048
-0.44532
0.43033
-0.64375
0.69505
-0.95762
-0.57951
0.32276
1.0203
0.96779
-0.29731
0.78176
-0.18384
-0.88321
0.9244
-0.91519
-0.38842
0.68982
-0.67812
-0.21782
1.0494
0.84385
-0.37605
0.97079
0.69501
0.48819
0.91582
-0.78153
-0.15257
-0.086477
-0.87504
-0.94656
-0.29884
0.73485
-0.87589
-0.77427
-0.91849
0.69826
0.15441
0.92821
0.67522
0.81133
-0.71049
0.72705
-0.77049
-0.81927
-0.34412
-0.55267
-0.88844
-0.26226
-0.80463
0.91111
0.70213
-0.63315
-0.078668
0.16789
0.68842
0.59822
-0.073446
0.95359
-0.13039
-0.96013
0.4119
-0.90465
-0.50656
0.98243
-0.71207
1.0011
0.24294
0.45532
-0.98056
0.086908
0.72159
-0.48572
0.96799
0.68301
0.33115
-1.0024
-0.93793
0.71889
-0.27737
-0.54087
0.45872
-0.17238
1.081
0.86873
-0.85153
-1.032
-0.94734
-0.80588
0.4151
-0.9515
0.89238
1.0709
-0.7795
-0.62181
0.12084
-0.24662
-0.8324
-0.28059
0.044544
-0.94079
0.89186
-0.98711
-0.78156
1.0516
0.12266
0.55933
0.14104
-0.71862
0.18364
-0.52729
0.4937
0.96449
0.84314
-0.81497
-0.97244
-0.39946
-0.71567
0.038433
-0.44083
0.88978
-0.96818
0.11383
1.0949
0.23334
-0.37237
-0.03249
-0.23744
-0.32309
-0.64157
-0.57389
-0.087837
0.46944
-0.2714
1.0099
-0.82601
0.62521
-0.77584
-0.99736
0.2276
0.56704
0.14844
-0.74694
-0.89926
0.57381
-0.81216
0.48627
-0.44619
0.76354
-0.57581
-0.45277
-0.7664
0.28341
-0.92674
0.7729
0.15512
-0.98938
-0.61046
0.97105
-0.4431
-0.99405
0.031135
0.44287
1.0424
-0.41243
-0.31635
-0.8898
-0.77962
-1.0209
1.0101
0.71046
-0.68562
0.88635
1.0668
0.20101
0.96324
0.67672
-0.092921
0.61291
0.38578
0.90488
-0.48049
0.3548
-0.58176
0.2331
-0.79453
0.34695
0.73207
0.33011
0.79632
0.39459
0.082566
-0.97772
0.9485
0.93516
-0.66286
0.92896
0.80674
-0.34369
-0.77554
0.88121
0.63137
-0.71271
-0.98172
0.84271
0.52073
0.67045
-0.095501
0.9403
-1.0676
-0.45514
0.56566
0.037022
0.39428
-1.0632
-0.45781
-0.012007
-0.94471
0.80017
0.071162
0.886
0.018171
-0.65221
-0.96617
0.0026549
-0.74334
-0.66925
-0.97806
-0.30072
0.95282
0.44821
0.85997
0.28847
-0.44401
-0.9016
-0.17278
-0.3591
-0.5607
0.97776
-0.23606
-0.072605
-1.0358
0.87302
0.038866
-0.13855
-0.87114
-0.64447
1.0637
-0.91176
-0.14389
0.99208
-0.97841
-0.14829
-0.82303
-0.99286
-0.6882
-0.94034
-0.87964
0.95231
0.4671
-0.32473
-0.13902
-1.0404
0.051201
-0.99634
-0.88684
-0.64258
-0.77651
-0.85279
-0.36157
-0.063922
-0.3269
0.89228
0.16943
0.86323
0.4018
-0.34028
-0.93246
0.60121
-0.63918
0.7401
0.74315
0.97262
0.94104
-0.89762
-0.86476
0.58496
0.67802
0.79218
-0.54338
0.026665
-0.89696
-1.0264
-0.351
0.70558
-0.79449
-0.87457
-0.70888
-0.48318
-0.41938
-0.97677
0.28646
-0.84332
0.53919
-0.22984
0.092667
0.7012
-0.10361
-0.87681
-0.23209
1.0555
-0.87585
1.0506
0.81881
0.70314
-1.0767
-1.0228
0.37845
-0.26996
-1.005
-0.57141
-1.0767
-0.79066
0.2734
0.58354
0.67041
0.021031
0.51877
0.33301
0.49977
-0.91573
0.28671
0.0089864
1.0567
0.29434
-0.49561
-0.93371
-0.99763
1.0612
0.44573
0.91365
-0.95893
-0.86544
0.056464
-0.7224
-0.86551
0.6604
-0.38035
0.44261
1.0063
-1.0056
-0.15778
0.88689
0.87195
0.90828
0.11301
0.49509
-0.94673
-0.69708
-0.26419
-0.94675
0.16988
-0.72043
-0.059324
-0.63887
-0.728
-0.9853
0.7103
1.0041
1.0819
-0.71333
-0.88764
-0.15481
0.83846
-0.073097
0.81812
0.57558
-1.0798
-0.58297
0.90016
0.9375
-1.0236
-0.082764
0.72186
-0.88501
-0.65437
-0.47712
0.75081
0.94572
-0.038585
0.1476
-0.66009
0.15031
0.8981
0.22802
0.016737
-0.63823
0.66309
1.0327
0.8525
-0.020677
1.0162
-0.75581
-0.96031
0.53434
0.52864
-0.2804
-0.82246
0.086917
0.91698
-0.78463
0.43726
0.28876
0.9037
-0.93887
-0.29658
-0.85447
0.85259
0.94798
-0.78923
1.0514
0.76363
0.7667
-0.032506
-0.41922
-0.54681
-0.84598
0.43748
-0.29496
0.86781
-0.9449
1.0792
-0.34283
-0.73472
-0.3445
0.9759
-0.7231
-0.69449
0.56808
0.50908
-0.81239
0.49224
0.73723
0.46041
-0.74267
-0.73715
-0.81181
-0.72275
0.9264
-0.79289
0.28238
0.41887
-0.077671
0.90433
0.95917
-0.95602
-1.0718
0.70366
-0.18489
-0.97668
0.81706
0.93323
0.80163
-0.77661
-0.3522
-0.29238
-0.62037
0.97725
-0.64001
-0.62465
0.63398
0.68065
0.41807
0.59246
0.89473
-0.71231
-0.82129
-0.71181
-0.94124
-0.34327
0.86215
0.061075
0.59063
-0.86452
-0.051409
0.79714
0.38225
-1.0082
-0.22149
-0.53082
-0.15184
-0.62867
-0.057367
0.94236
-0.22516
0.69626
0.95358
0.14248
-0.91302
0.85573
-0.2822
0.96877
0.88432
-0.60675
-0.24896
0.11539
0.29313
0.54374
-0.73557
-0.67484
-0.68657
0.12094
-0.83761
0.29721
0.75106
-0.77505
0.79156
-0.52582
0.61936
0.8788
0.91341
-0.98306
-0.87524
0.92231
0.34322
-0.82834
-0.36662
0.97819
0.61797
-0.50841
0.77414
-0.712
-0.80163
-0.83759
-0.92258
0.95261
-0.98098
0.75612
-0.94945
-0.93476
0.53871
-1.0393
0.98163
-0.0027915
-0.33861
-0.38631
-0.56093
0.9988
0.87066
-0.13333
0.60208
0.53494
-0.028585
-0.4928
-0.99266
0.98003
0.14741
-0.68971
-0.92836
0.10066
0.41469
0.60488
-0.041243
-0.033797
0.48626
0.23132
0.76694
0.62032
0.19961
-0.56294
0.074758
-0.70777
0.68134
0.84198
0.17587
0.56997
0.76235
-0.8807
0.54441
0.44492
-0.15583
0.93457
-0.5168
0.80993
0.043608
-0.73522
-0.12372
0.96019
-0.30359
0.91309
0.97269
1.0305
-0.24008
-1.0027
-0.86803
-0.84685
-0.49219
0.031143
-0.097271
-0.57112
-0.82997
0.056857
-0.33753
-0.14167
0.5476
-0.43205
-0.99671
0.14401
-0.84779
0.98403
1.0078
-0.9838
0.047563
0.098541
-0.70544
-0.95182
1.0045
0.4294
0.97555
-0.97845
-0.15332
0.92459
-0.75128
-0.9068
0.64107
0.89823
0.02015
0.76144
-0.93668
-0.5778
-0.89133
-0.77618
-0.02513
0.21021
-0.54191
1.012
-0.51982
0.4046
-0.81472
0.0011912
-0.98819
0.85972
0.7806
0.45788
-0.19622
-0.36759
0.77929
-0.73993
0.9783
0.50598
-0.15759
-1.0363
0.29141
-0.96474
-0.73646
0.97051
-0.99015
0.32138
-0.173
0.88855
-0.38837
0.24856
0.30014
0.058774
0.24421
-1.0295
-0.97726
0.94862
1.057
0.93289
0.47453
-0.98376
-0.63274
-1.073
-0.77822
-0.26191
0.77975
0.33504
0.89907
-0.88226
-0.10199
0.53441
-0.57826
0.83521
-0.9494
-0.96145
0.41564
0.22595
0.49672
0.53947
-0.67494
0.47283
-0.56851
-0.79303
-0.077139
-0.93273
0.77686
0.42601
0.54818
-0.11634
0.48862
0.86803
-0.010345
-0.11512
-0.9257
-0.83146
0.97423
-0.28483
-0.19076
-0.4332
0.716
0.68389
0.335
-0.54573
-0.66743
0.71815
0.37364
0.99199
-0.43275
-0.98746
-0.85187
-0.9974
-0.12285
-0.32329
0.92642
-0.12263
-1.0469
0.59315
-0.89667
0.99204
0.53522
-0.97158
0.41563
0.11009
0.60882
-0.87072
-0.53325
-0.69919
-0.12584
-1.0253
-0.010892
-0.88903
-0.23818
0.13305
-0.9602
-0.87682
0.62653
0.16056
-0.82584
0.41043
0.63499
0.87791
0.56273
0.6447
-0.91294
0.44976
0.89084
-0.59311
-0.64188
0.75782
-0.23445
0.9624
-0.34215
-0.92719
0.15748
-0.79472
-0.44595
0.84807
-0.21014
-0.79966
0.67206
-0.27192
0.76012
0.85239
-0.68764
0.60119
-0.30363
0.19716
-0.23773
0.35935
0.18022
0.8635
-0.61018
0.96625
0.37186
0.27818
-0.62664
-0.13371
0.78459
-0.93869
0.38778
-0.090409
1.001
-0.8164
0.43482
0.88939
0.69626
-0.53476
-1.0014
0.43659
0.32171
-0.85355
0.86245
-0.44757
-0.91701
-0.97456
0.94126
0.79526
1.0007
0.12232
0.04525
0.91039
0.80941
-0.16013
-0.94414
0.98737
-0.10246
0.59664
-0.91586
-0.92017
0.71469
-0.61273
0.36097
0.62006
-0.9876
-0.94212
-0.30767
-0.79983
-0.063297
-0.97559
0.71486
-0.92624
0.93782
-0.66832
-0.89479
0.22377
0.59916
0.70344
0.13302
-0.61464
-0.56045
0.55246
-1.0949
0.22585
-0.34724
-0.54242
-0.74074
-0.94609
-0.85838
0.22735
-0.71914
0.027415
0.86047
-1.0786
-0.19298
1.025
-0.35132
0.81317
-0.25243
-0.37987
1.0374
0.23421
0.17442
-0.73999
-0.015759
-0.67401
0.89814
0.95694
-0.97911
0.71133
-0.92292
0.30325
0.27588
-0.85647
-1.0387
0.91119
-1.0003
0.78355
0.21471
-0.91865
-0.28931
-0.58493
0.91562
-0.82195
-0.54802
-0.7702
0.22927
-0.21771
-0.66487
0.045612
-0.9263
-0.72451
1.0475
0.73469
0.90173
0.45518
0.73562
-0.66274
-0.058181
0.94254
-0.83443
0.14312
-0.97417
-0.031213
-0.66762
-0.6738
-0.83444
-0.80077
0.029069
-0.96198
-0.23494
0.30129
0.035469
-0.38056
-0.35664
-0.20028
-0.38563
-0.23172
-0.14391
-0.9555
0.71338
0.48783
0.94024
-0.064004
-0.020288
-0.0035439
-0.98611
0.38259
0.92751
0.50769
0.93551
-0.18122
0.78373
-0.89446
-0.94495
-0.98918
0.97481
-0.88587
-0.50297
0.80024
0.49223
0.85222
0.16808
0.801
0.44635
-1.0029
0.81196
-0.72457
0.98128
0.36418
0.58494
0.62866
0.96111
0.66121
-0.83738
-0.99519
0.047051
-0.29554
-1.0863
0.41385
-0.20517
0.2787
-0.86386
1.0257
0.81013
0.50956
-0.67109
-0.95748
-0.69425
0.99149
0.7968
0.76675
-0.55603
0.73126
-0.36775
0.71596
0.60959
-0.89581
-0.60409
0.88522
0.75712
-1.0709
0.53747
-0.64633
-0.79712
-0.10233
-0.68686
0.86934
0.96639
-1.0123
-0.011151
1.0102
0.40314
-0.90277
-0.97151
0.959
0.95234
0.84785
-1.1325
-0.43221
-0.22964
0.01129
-0.67581
0.59074
0.29794
-0.91806
-0.87
-0.6308
-0.85273
0.0051492
-0.092681
0.88307
0.8177
0.075448
0.53094
0.91662
-0.086843
-0.72248
-0.9199
-0.26391
0.93949
-0.19637
0.5427
-0.15414
0.89135
-0.99796
0.95661
-0.13887
0.35908
-0.73232
-0.12929
0.060208
0.711
0.23803
-0.41373
-0.93042
0.97453
0.80456
0.099389
0.44688
-0.16238
1.0845
-0.52616
0.78323
-0.37391
-0.41669
-0.005467
0.51969
0.55378
-0.93442
0.031194
0.5933
-0.4734
-0.85593
-0.7896
-0.21585
0.96851
0.90563
-0.90365
0.3891
-0.45348
-0.84172
-0.21126
0.21047
0.80523
-0.94593
-0.76848
-0.95556
-0.19615
-1.0132
-0.92739
-0.25708
0.54074
-0.59941
-0.62416
0.40491
-0.99252
-1.0294
-0.71088
-0.63991
-0.33397
-0.80279
-0.067069
-0.14732
-0.91804
0.94765
-0.83034
0.87821
-0.28041
-0.11742
0.94971
-0.91667
0.47813
-1.0548
1.0467
-0.20161
0.13697
-0.96271
0.95482
0.13603
-0.37015
-0.854
-0.67821
-0.6608
-0.53392
-0.70373
0.69926
-0.62457
0.12592
-0.93881
-0.43541
0.66816
0.69969
0.9688
0.72567
-0.41577
-0.86551
1.0602
-0.48605
-0.11372
0.23015
0.49196
-0.82179
-0.74686
-0.7396
0.97914
0.5744
-0.63577
0.43386
0.91928
-0.9263
0.97122
0.94404
-0.58883
-0.88821
0.892
-0.079436
0.13989
0.9134
0.12345
-0.87927
-0.25406
-0.97444
-0.19705
1.0624
0.33494
-0.77142
-0.99831
0.86377
-0.30281
-0.16932
-0.76318
0.77117
-0.41059
0.12894
-1.0177
0.93683
-0.95609
-0.8328
-0.72641
0.48851
-0.31541
-0.72579
0.90331
0.97283
-0.41903
-0.83746
0.40695
-0.19285
-0.28284
-0.65767
0.31791
0.98936
0.50538
-0.05534
-0.36709
-0.26976
-0.905
-0.88623
-0.78409
0.82955
-0.94559
0.033771
-0.99285
1.0039
0.52393
0.96361
-0.25259
-0.77123
0.035792
-0.42733
-0.48607
0.25581
0.0032062
-0.90397
-0.68579
0.63464
0.9692
-0.21247
0.1834
0.43575
-0.90409
-0.71277
-0.91164
0.51544
1.0083
0.31546
-1.0706
-0.86154
-0.86633
0.14497
0.10886
0.098154
-0.88846
-0.84201
1.0426
0.7892
1.1
-1.0046
0.048983
-0.29402
-0.86673
-0.4859
-1.0037
-0.88262
0.011648
-0.88211
-0.89468
0.4044
0.37582
0.11949
0.81456
-0.95059
-0.95269
0.34742
0.85677
-0.76326
0.1728
0.56813
0.21462
-0.47859
-0.97276
-0.66833
-0.80054
-0.86545
-0.97281
0.94205
-0.35869
-0.61018
1.0217
0.93165
0.8616
0.3575
0.22732
-0.89982
0.65643
0.84365
0.93828
-0.73897
-0.99281
-0.21225
0.99316
0.37217
0.68637
0.14817
-0.72654
-0.78515
-0.52045
-0.59436
-0.54045
0.12521
-0.44928
0.72308
0.29681
-0.61787
-0.67005
-0.84601
-0.24226
1.0222
-0.61487
-0.74905
-0.99465
-0.87569
-0.28293
0.82337
-0.83148
0.60495
0.32186
0.88725
0.98139
-0.85853
0.02233
-1.0045
-0.54994
0.20085
-0.87412
0.18853
0.2445
-0.61263
0.90376
-0.74413
-0.46879
-0.73716
0.077958
-0.60515
-0.82852
0.11442
0.75163
-0.92676
0.31898
0.82318
-1.001
-0.99892
-1.0309
-0.067842
0.39624
-0.97767
0.76854
-0.0779
0.95397
0.67773
0.64289
0.96574
0.61139
0.99929
-0.97683
0.7598
-0.74439
0.9195
0.58914
1.0234
-0.031922
-0.80288
-0.70015
0.11845
-0.068632
-0.65731
-0.8192
0.90765
0.20517
0.77032
0.20468
-0.73177
-0.61725
0.11684
1.0039
1.0591
-0.85532
0.85477
-0.86369
-0.057181
-0.20689
-1.0229
0.60404
0.84599
-0.80344
0.52781
-0.38476
0.26452
-0.85258
0.0092655
0.34859
0.096736
-0.67796
0.77418
0.92205
-1.0176
1.0282
0.88539
0.11363
-0.36264
0.10184
-1.038
0.047776
0.24126
-0.067619
-0.96605
0.61232
-0.99663
-0.99521
0.68313
1.0118
0.63464
-0.80682
0.10125
-0.9737
-0.33507
-0.76995
-0.5513
0.98981
0.90575
-0.68277
-0.19347
-0.46903
0.15032
-0.89785
0.96023
-0.90638
0.22
0.94122
0.19359
1.032
-0.85855
1.0432
0.98465
-0.099399
0.11722
0.063774
-0.97083
-1.0303
0.13713
-0.83845
-1.0449
0.87851
0.058528
0.067056
-0.87501
-0.49025
0.50973
-0.65801
-0.4453
-0.45076
-0.4887
-0.4077
-0.46938
-0.95185
0.88682
0.31306
-0.67722
0.77353
-0.56584
1.005
0.8557
0.79213
0.7754
0.97998
0.85884
-0.80494
0.17792
1.0377
0.35718
-1.033
0.076082
0.96299
-0.24858
-0.97916
-1.0104
0.023172
1.0709
0.87065
-0.59338
-0.92264
0.99641
0.53509
-0.84797
0.97188
-0.85934
-0.89011
-0.94785
-0.92172
0.83707
-0.93806
-0.18084
0.98499
-0.26713
-0.40632
0.492
0.8067
0.70561
-1.0495
0.91781
0.25036
-0.074828
0.43825
0.96012
-0.62087
1.0141
-0.89824
-0.16422
-1.1007
-0.87606
-0.58849
-0.53683
-0.65288
-0.58784
-0.8045
-0.96817
-0.84035
0.93229
0.059447
0.16926
-0.8588
-0.80911
-0.98529
-0.1885
-1.0507
0.58783
0.94498
0.50212
-0.70125
0.81236
-0.87256
-0.70335
0.48885
-0.17742
-0.15392
1.0011
-0.5354
-0.59767
-1.0274
1.0451
0.26256
0.92073
-0.82168
0.10867
0.9189
0.95504
-0.8681
-1.0092
-0.38046
0.42769
0.079298
-0.13706
0.82437
-1.1138
-0.5224
-0.93447
0.038821
-0.91251
0.71296
-0.29888
0.9847
-0.79236
-0.50395
-0.73321
-0.5373
-0.91365
-1.0273
0.88864
0.80185
0.16475
-1.0457
-0.22991
-0.95819
-0.7882
0.074775
-0.015178
-0.72365
-0.86889
-0.75276
-0.93923
-0.32214
-0.93261
-0.64574
0.69009
0.82309
0.90054
0.063455
0.89047
0.46121
-1.0491
-0.42138
-0.38463
-0.42707
0.97113
-0.78981
-0.84568
0.56445
-0.26012
0.95493
0.37871
0.63648
0.33622
-1.0442
-0.58932
0.86832
1.0742
0.58003
0.33418
0.44608
-0.89158
-0.68557
-0.98072
-0.50797
-0.61662
0.99463
0.056996
0.50515
0.92159
0.21494
-0.39326
0.39174
0.86179
0.89817
-0.84356
0.47185
-1.0608
0.29418
0.42965
0.89208
0.1258
-0.50967
-0.81105
0.43759
0.87944
-0.97768
-0.94416
-1.0104
0.74725
0.68496
-1.024
0.8847
0.73732
-0.4959
0.94675
-0.43572
-0.80675
-0.86931
0.47706
0.88604
0.93872
-0.24925
-0.4748
-0.80036
-0.43711
-0.97828
-0.56852
-0.98777
-0.16393
-0.92952
0.96107
0.62289
-0.72679
-1.0048
0.63148
0.92775
-0.032445
-0.82594
-0.9446
0.11906
0.34855
1.0301
-0.8707
0.58595
0.66775
-0.47835
0.9786
-0.50429
-1.0262
0.67494
0.98588
-0.37245
-0.67244
-0.72567
0.46967
1.0058
-0.97331
-0.66006
0.68812
-0.83844
0.80055
-0.97093
0.074965
-0.76832
-0.99395
0.52051
-0.86416
0.31234
-1.0202
0.95237
-0.35466
-0.82947
-0.88586
-0.87176
0.45428
0.48463
1.09
0.84724
0.67962
-0.60945
-0.47398
0.91035
1.0435
0.90904
1.1217
0.28283
-0.27126
0.93991
-0.80253
0.99521
-0.79677
0.93591
0.97674
0.49832
-0.93824
0.98705
0.16456
-0.42289
-0.84904
0.16871
-1.007
0.63764
0.87
-0.87441
-0.84993
0.96393
-0.30319
0.22368
-0.52678
0.82816
0.98673
-1.0845
0.75528
-0.55315
1.0378
-0.84754
-0.75506
0.80958
-0.86297
0.4668
-0.65249
0.48269
0.75762
0.46496
-0.87682
-0.99445
-0.79449
-1.0307
-0.99799
-0.89547
-0.97955
-0.65444
-0.84174
-0.032193
0.69044
-0.020957
0.95805
0.93594
0.45596
-1.0534
0.49626
0.25991
-0.88071
-0.97519
0.97243
-0.33102
0.93232
0.79112
0.39803
-0.37946
0.29302
0.35518
0.52635
0.91613
0.85032
-0.71964
-0.56356
-1.0098
-0.38935
0.49281
-0.81539
0.16954
0.034844
0.85481
-0.83462
-0.88001
-0.71579
0.30282
-0.53956
0.78187
-0.69293
0.81772
-0.64308
0.24115
-0.62602
-0.86704
-0.95098
0.7334
-0.69325
-0.87753
-0.76463
0.88924
-0.40132
0.59747
-0.60805
-0.64061
-0.82387
0.57278
-0.91127
-0.24644
0.86388
0.7736
0.93006
0.40488
0.8778
-0.78401
-0.59617
-0.59894
-0.0085717
-0.33318
-0.79098
0.94993
0.067596
0.041077
0.5614
0.97892
0.93632
0.95052
-0.82629
0.90557
0.96883
-0.78683
-1.0041
-0.49357
0.9056
1.0042
0.95541
-0.66698
0.8692
-0.61975
0.8097
0.33167
0.26921
-0.11249
-0.73457
-0.74787
0.10912
0.98174
0.471
-0.068451
0.58552
0.45211
0.42453
-1.0105
-1.0109
-0.97085
1.0733
-0.85153
1.0107
0.1818
0.95345
-0.80929
-0.84399
0.30347
-0.82058
-0.83053
-0.87133
0.91549
-0.94415
0.00095892
-0.84653
-0.16536
-0.90999
-0.68341
-0.61939
-1.028
0.84583
0.96071
-0.46489
1.0476
0.69562
0.39365
0.18811
0.53702
0.84143
-0.082165
0.9793
0.86039
-0.10075
0.8197
-0.90147
0.10374
-0.51177
0.77627
-0.67191
0.19178
0.82849
-0.63135
-0.65024
-0.92862
-0.95795
0.97742
1.1069
0.99587
0.73123
-0.66269
0.84061
-1.0258
0.75356
0.24803
-0.87946
0.30438
0.72248
-0.95368
0.30551
0.29969
-0.87681
-0.77417
0.94815
-0.82421
0.64201
0.26135
-0.26328
0.0092081
-0.23878
0.90164
-0.15182
-0.48811
-0.90828
0.87767
-0.53605
-0.40406
0.63736
-0.81112
0.15955
-0.85559
-0.52594
-0.027035
-0.19247
0.43628
0.22825
-0.048392
0.93568
-1.0027
0.97534
0.56649
1.1064
-0.70644
-0.15338
-1.0488
-0.38973
0.17388
0.28919
-0.25781
-0.85717
-0.99875
0.45724
-0.66222
0.9878
0.24521
-0.098257
0.91553
0.82194
0.93164
0.75619
-1.0204
-0.51334
-0.82686
-0.40048
0.98271
-0.73145
-0.42316
-0.73411
1.0178
-0.70442
0.67015
-0.73451
-0.31367
1.0685
0.97579
0.64426
-0.53513
-1.009
0.92604
-0.7567
-0.12249
-0.33513
1.0005
0.084142
0.82753
0.56849
-0.9642
0.93088
0.75205
-0.55588
0.94082
-0.40079
-0.63999
0.10288
-0.96673
0.65599
-0.93211
-0.81555
0.67742
-0.77201
-0.99511
0.4538
0.66675
1.0214
0.81218
-0.95969
1.0172
-0.38198
-0.59761
-0.97386
0.182
0.58085
-0.49274
0.32117
1.0558
0.83975
0.76885
-0.31979
-0.68013
-0.15373
-0.044167
0.27895
-0.71594
0.59365
-0.79509
0.041297
-0.64098
-0.33161
-0.066591
-0.92747
0.3335
0.93002
0.44244
-0.81927
0.47457
0.88851
0.97648
0.7164
0.44131
-0.9903
-0.9624
0.52682
0.85871
0.2676
0.51529
-0.84106
-0.88883
-0.4931
-0.49733
0.58612
0.53357
0.82664
0.084242
-0.27261
1.0323
0.49453
0.41936
-0.93343
0.86251
0.97216
0.8337
-0.8324
-0.92169
0.92277
0.59025
0.059589
-0.48875
-1.0227
0.60751
-0.26919
1.0203
-0.32872
-0.66846
-0.87113
0.79798
-0.63871
0.41626
-0.062947
0.7475
1.0194
-0.21504
-0.93155
0.78774
0.98235
0.079166
-0.73695
1.1133
-0.71218
-0.92614
-0.38449
-1.0454
0.77794
-0.34333
1.0331
