0.043882
-0.55291
-0.76605
-0.7383
-0.74663
0.38339
-0.62579
0.92767
-0.40127
-0.26712
-0.92597
0.021443
-0.45385
-0.59096
-0.51243
-1.0874
0.012154
-0.82633
-0.67746
-0.49477
-0.071264
0.28222
0.98014
-1.0288
0.80945
-0.82573
-0.27826
1.0141
-0.081509
-0.61375
0.92633
0.020191
-0.5182
0.58337
0.48252
0.35922
0.96439
-0.80252
-0.71637
0.17245
-0.68366
0.97981
-0.94143
-0.6357
0.044922
-0.44002
-0.7905
-0.51003
0.83022
-0.70457
-0.50454
0.78773
-0.073367
-0.73789
-0.47
-0.10941
-0.4088
-0.10368
-0.22021
0.97037
-0.66953
0.43
0.14942
0.99342
-0.051366
-0.46032
0.96635
-1.0233
-1.0075
0.2499
0.78445
0.40967
-0.016348
0.68062
-1.0301
0.21431
0.39756
0.40723
-0.99118
-0.86751
0.34633
0.62224
-0.25132
0.92117
-0.80328
-0.7221
-0.70727
-0.67073
0.94408
0.52389
0.99307
0.78191
0.90869
-0.98082
-1.0647
-0.72284
0.42132
-0.9239
-0.64276
-0.22863
-0.85015
-0.67799
-0.95258
0.87544
-0.74768
-0.7917
0.10274
-0.095293
0.95359
-0.52438
-0.9106
0.83417
1.0364
-0.72815
-1.066
0.45113
1.0003
0.76215
0.95432
-0.68134
-0.029344
-0.37946
-0.85872
-0.99406
0.11363
0.8796
0.78547
0.73994
0.21793
-0.54993
-0.38282
-0.75207
-0.11581
-0.03818
-1.0139
-0.97904
0.89288
-0.055331
0.86357
-0.9482
1.0207
-1.0196
0.3953
0.42666
0.75238
0.95538
0.81853
-0.6157
-0.040567
0.90156
0.19085
0.72396
-0.34196
-0.88755
-0.33445
-0.43424
-0.20176
-0.22581
0.87599
-0.060279
-0.94588
0.94802
0.7761
0.64244
0.37055
-0.90547
-0.8002
-0.50495
0.1335
0.85374
0.97143
0.35596
0.2311
-0.5507
0.61481
-0.63989
-0.35063
0.19536
-0.37161
-0.89386
0.92638
-0.92612
-0.24726
0.044176
0.86653
-0.14622
0.92732
-0.93951
-1.0157
0.8909
-0.94437
-0.92946
-0.47062
-0.60727
-0.71151
-0.98569
0.33103
0.40926
0.19713
-0.68623
-0.50344
1.0299
-0.08385
0.9144
0.34105
-0.90779
0.64969
0.92355
-1.0254
-0.37515
0.78258
-1.0167
-0.83585
0.97552
0.91449
0.32275
1.0337
-0.60761
1.0693
-0.45719
-1.0152
-0.93525
-0.35254
-0.11069
-0.47721
0.29873
-0.61578
-0.19375
0.2121
0.50107
-0.59062
0.10714
-0.80346
0.74917
1.0833
-0.40612
-0.93514
-0.89807
-0.11148
0.31125
0.8089
0.080381
-0.49961
-0.0063119
-1.0484
0.20196
-0.4792
-0.0075727
0.94887
-1.0085
-0.18512
1.0075
0.87955
0.98006
-0.47277
-0.88703
0.70089
0.82277
0.8176
0.73147
0.35527
0.25551
-0.84422
-0.6059
0.41314
0.10804
-0.31771
0.72794
-0.97452
0.58209
-0.0054729
-0.14962
-0.19662
-0.97545
0.75231
-0.45405
0.0080893
-0.30197
1.0329
0.5633
0.051992
-0.37076
-0.0065831
-0.69243
-0.42295
-0.98913
-0.98533
0.94385
-0.33786
0.048273
-0.14455
0.86034
0.24222
0.0034921
-0.39733
-0.60298
0.32247
0.9294
0.0078643
-0.9532
0.96859
0.80995
0.51143
0.97083
0.81081
0.39837
0.079231
0.20321
0.43074
-0.99061
0.13013
0.66557
0.066794
-0.31121
-0.54628
-0.98841
-0.4417
0.44886
0.88156
-0.87007
-0.53744
0.89473
0.66544
-0.36858
0.89612
0.78183
0.82756
0.18519
-0.025549
-0.87224
-0.82974
-0.42697
-0.4742
0.44374
-0.6994
0.078149
0.91392
0.42307
-0.40243
-0.14277
-0.72804
-0.91074
0.73956
-0.13728
-0.16009
-0.061153
0.89811
-0.9074
0.1166
0.49183
-1.0366
0.96499
0.37501
1.0526
0.98948
0.36816
-0.31228
-0.74012
0.88468
-0.60425
0.12827
0.65214
0.44121
0.52733
0.14917
0.79018
-0.97381
0.40912
-0.91132
1.0285
-0.48422
0.98489
0.24784
-0.26134
-0.70851
-0.55247
-0.45695
1.0058
0.93813
-0.19461
0.5016
-0.92994
-1.0341
0.020153
0.37542
0.41456
0.29075
0.061145
-0.2847
-0.018952
-0.51335
0.53505
0.089154
0.19288
-0.61286
-0.18877
-0.097479
-0.84435
-0.72581
-0.3288
-0.073773
0.50179
-0.70371
-0.93672
0.95079
1.0184
-0.62919
0.22445
0.88763
-0.79512
0.97093
-0.1136
0.45763
0.26639
0.66586
-0.052186
0.8577
-0.77078
0.02507
-0.94374
-0.98166
-0.14424
0.58844
-0.0506
-1.0186
-0.53815
-0.66982
0.82188
-0.96307
0.70804
0.62077
-0.89352
-0.70947
-0.51116
0.8903
0.78233
-0.82142
0.47801
1.0107
1.1145
0.32892
1.0353
0.46586
0.99111
0.10987
-1.068
0.68717
-0.79882
-0.75125
1.0288
-0.83511
-0.81748
-0.98881
-0.085976
-0.98584
-0.94953
-0.80902
-0.94968
-0.86454
0.26598
-0.41001
0.56079
-0.889
-0.98257
-0.15115
-0.97412
0.17418
-0.090591
0.77381
-0.79108
-0.17015
-0.9084
0.10359
-0.78179
0.73279
0.066894
0.81114
0.90104
-0.19974
-0.507
-0.28238
0.71801
-0.75255
-0.86932
0.87768
1.0347
0.87869
-0.47733
-0.98315
-0.81654
-0.99241
0.15957
-0.97185
0.2199
0.13109
0.13981
0.98061
0.70495
0.29892
-0.95487
-0.16548
1.1038
0.85013
-0.019099
-0.90526
-0.43549
-1.0479
-0.5401
-0.77405
-0.6598
0.92098
-0.31215
1.0402
0.58106
0.79514
0.71241
0.97191
0.050152
-0.074551
1.0124
0.59244
-0.89222
0.80802
-0.8259
-0.9407
-0.9687
-1.0321
0.0089125
0.2924
-1.029
0.86692
0.54707
0.76211
0.97629
0.94514
-0.53112
0.93611
0.57535
-0.21087
0.73085
0.17715
-1.0516
-0.32702
0.072913
0.5086
-0.71879
0.67769
-0.67124
0.89678
0.5674
-0.030642
0.80988
0.85126
0.95387
-0.77327
-0.32764
-0.4952
-0.10885
-0.21062
0.42858
0.3384
-0.35722
0.23298
0.91003
-0.96871
0.84236
-0.28252
-0.59759
0.97112
0.88538
-0.8453
-0.81308
-0.56386
0.59471
-0.62891
0.6537
-0.98266
-0.69795
0.79044
0.74711
0.52115
0.3349
-0.392
-0.99504
0.56504
0.51945
-0.45082
0.5099
-0.9299
-0.81169
0.98341
0.54159
-0.14017
-0.88163
0.78287
-0.15323
0.11462
-0.29508
-1.0266
0.90523
1.0682
0.64019
-0.93636
1.0639
-0.22903
0.070453
0.53875
0.69905
-0.91609
0.80029
-1.0035
0.66516
0.84356
-0.6955
-0.48629
0.99368
-0.007214
-0.30196
0.17369
0.958
-0.077478
-0.27679
0.669
0.34088
0.85738
-1.0072
0.22328
0.24934
0.07544
0.47128
-0.92441
-0.2009
-1.0262
-0.063057
-0.37891
-0.44916
0.96563
-0.54643
0.9298
0.73274
0.85292
-0.93213
0.13484
-1.0158
0.80235
0.83702
-0.38488
0.17194
-0.60076
0.7631
-1.0017
0.1776
0.62686
-0.75383
-0.69143
1.0139
1.0144
-0.032791
1.0516
-0.8497
-0.60599
-0.43815
1.0133
0.68746
-0.30235
0.80328
0.54623
-0.52828
0.23273
0.71621
-0.81804
0.80766
0.070957
-1.0383
-0.61595
-0.94069
0.21179
0.86448
-1.0676
0.32954
-0.14307
1.0089
0.87787
-0.99908
0.54055
1.0171
-1.0055
0.65721
-0.41069
0.67809
-0.85468
0.085118
-0.99651
-0.94019
-0.85877
-0.47952
-1.0526
-0.31984
-0.15897
0.88357
0.72306
1.0463
0.20314
-0.79178
0.96649
-0.4789
0.16382
-0.42996
-0.27457
-0.4273
0.63813
0.97045
0.9516
0.95976
-0.7577
0.31643
-0.89788
-0.89334
0.16539
0.26272
-0.32396
0.61437
0.92825
0.79776
-0.26461
-0.26653
0.7808
-0.45717
0.70137
-1.0387
-0.6526
0.097322
-0.37357
0.059077
0.6054
0.024083
-0.71722
-0.99774
-0.91733
0.91349
-0.12283
0.98699
0.76414
0.8641
-0.70707
-0.58272
-0.23857
0.41471
0.53164
-1.0373
-1.0513
0.26788
0.86752
-0.4848
-0.97294
1.0191
-0.98213
0.64605
0.23702
-0.81511
-0.93403
0.73836
0.97754
-0.93992
-0.53044
0.95204
-0.070012
0.44562
-0.22158
-0.90937
-0.38118
-0.66381
0.72322
0.46853
-0.89143
0.84525
0.21214
1.0088
-0.89064
-0.81123
0.95816
0.81498
0.89361
1.0411
-0.95721
-0.18308
-0.96646
-0.1816
0.17967
-0.70432
0.84934
-0.60758
0.067318
-0.49134
0.0095211
0.78896
0.96969
0.66741
-0.60614
-0.88092
0.94765
-0.84496
0.4609
-0.10998
-0.39041
-0.64059
-0.50526
-0.057307
-0.52924
-0.2253
-0.28913
0.96004
0.0034838
0.043666
0.86637
0.76372
0.80868
0.78771
0.94637
-0.69738
-0.86867
0.85945
0.63789
0.68768
-1.0804
0.81863
0.9417
0.86878
0.94364
-0.5444
-0.51617
-0.97726
-1.0036
0.31925
-0.84675
0.9021
0.85591
0.55691
0.66559
0.12615
-0.22825
-0.92815
-0.85868
-0.83739
-0.20917
-0.41795
0.86907
-0.80974
-0.53383
-0.09131
-0.049389
-1.0078
0.069816
-0.040542
-0.59997
-0.41486
-1.0388
0.91622
-0.41662
0.24657
0.62634
-0.32164
-0.84113
-0.90816
0.8947
-0.85176
-1.0452
0.90223
-0.63947
-0.87354
0.62862
-0.80123
-0.085953
-0.11015
0.54751
0.93062
-0.0507
-0.80721
-0.71677
-0.79364
0.37103
-1.0036
-0.7037
0.40907
-0.88818
-0.8801
0.96407
0.62784
-0.12887
1.0182
0.8116
0.012297
0.8645
0.983
-0.71815
0.92338
0.74274
-0.97489
-0.7065
-1.0044
0.61161
-0.5203
0.33652
0.86184
0.94646
0.94825
0.69166
0.40678
0.7707
-0.9373
-0.90381
1.0479
-0.79718
-0.77109
0.7671
0.28038
0.90608
-0.94588
0.9598
0.68582
-0.66441
-0.31581
-0.96061
-0.94672
-0.030102
0.65275
0.74976
-0.25633
-0.22101
-0.24659
-0.6245
-0.19109
-0.86386
-0.78973
-0.12688
-0.56072
-0.95478
-0.93419
0.82389
-0.91147
-0.69809
-0.30942
-0.31327
-0.012514
0.7407
-1.0657
0.95529
0.27487
0.38661
-0.43039
-0.80952
0.4134
-0.040323
0.6291
0.99873
-0.87816
-0.59788
0.97349
0.75578
0.31362
-0.17325
-0.52413
-0.47567
0.83549
-0.64412
1.0129
0.87471
0.2984
-0.17792
0.35863
-0.29457
-1.0058
-0.068042
-1.0084
-0.787
-0.87068
-0.81162
0.0045474
-0.68902
0.20051
-0.51324
0.99315
1.0282
-0.97843
0.52443
0.76303
-0.61567
0.19779
0.96957
0.090374
-0.84174
0.090717
-0.88861
0.92692
0.15765
-0.80993
-0.67328
-0.85771
0.95128
0.80849
-0.87079
0.43333
0.82331
0.9625
-0.1921
-0.97632
0.98598
-1.0309
-0.092853
0.093001
-0.11711
0.42726
0.93983
0.83355
0.074731
0.25374
-0.26571
-0.5282
-0.039577
-0.96072
1.0922
0.88498
0.64956
-0.64217
-0.17392
0.55676
0.44499
0.15622
0.13533
1.0396
-0.94879
-0.21493
-0.66905
-0.44844
-0.48379
-0.049592
1.063
-0.94698
0.1775
0.94625
-0.32326
0.60757
-1.0181
0.97006
-0.45354
0.57651
0.065387
0.99593
0.64081
-0.4845
0.59419
0.97063
-0.95593
-0.3938
0.9173
-0.90521
0.95354
0.30892
-0.18151
-0.94843
-0.86953
0.93395
-0.077622
0.47835
0.024453
-1.0407
-0.99568
0.40278
0.33813
0.43107
-0.85804
0.70208
0.66886
-0.9332
-0.25852
0.20285
0.689
-0.99934
0.77304
0.8524
0.3779
-0.85293
-0.5674
-0.27363
0.89175
-0.28147
0.42423
0.87059
0.74773
0.76081
0.41043
-0.067811
0.14197
0.23491
-0.94776
0.33639
0.9796
-0.70497
-0.98218
0.32435
-1.0459
0.92572
-0.6433
0.94689
-0.86148
-1.0132
0.49942
0.94907
0.99891
0.20807
0.98861
-0.17572
0.57737
-0.70992
-0.92672
0.88542
-0.31317
0.62557
-0.94241
-1.0426
0.04265
-0.097412
0.28838
-0.48297
0.23551
-0.09738
0.37958
0.53472
0.74797
-1.0217
-0.96303
-0.34132
-0.15957
0.79655
0.39006
-0.4745
-0.89775
0.24685
1.0149
0.81015
0.0017144
-0.35154
0.78911
-0.03437
-0.57742
-0.10796
-0.9411
0.92083
-0.99857
-0.94658
0.77114
-0.95986
0.074111
-0.97048
-0.72323
0.17035
-0.50888
0.74641
0.789
-0.49468
0.73205
-0.69849
0.81834
0.26928
0.94353
-0.53973
-1.0076
0.64101
-0.69162
0.29653
-0.38724
0.95603
0.046477
-0.52727
0.80981
-0.086952
-0.64981
0.079805
0.53484
0.169
-0.65277
1.0557
0.89524
-0.86438
-0.45742
0.025457
0.66298
0.16614
-0.92993
0.81433
0.61496
1.0046
-0.65173
0.11823
-1.0087
0.78805
-0.95478
-0.26868
0.77865
-0.32025
0.17109
-0.53425
0.63321
0.37344
-0.98477
-0.32967
0.54324
0.078525
0.072636
0.43691
-0.29274
0.66598
0.67558
-0.90954
-0.083513
-0.44277
0.83327
0.094582
-0.2068
0.95603
0.66059
-0.54059
-0.24482
0.33708
-0.47773
-1.0035
0.19818
-0.64281
0.33001
0.46787
-1.0286
0.77288
0.7046
-0.04534
-0.062022
-0.73524
1.0252
0.97543
-0.07235
0.90547
-0.95351
0.65037
0.34644
0.59425
0.62332
0.69695
-0.18532
1.006
-0.93734
-0.5067
-0.85247
0.97677
0.49624
0.74942
0.79391
-0.4572
-0.87387
0.68154
-0.3132
-0.48829
0.15139
-0.35253
-1.059
-0.92111
-0.75474
0.67642
-0.84153
-1.093
0.40046
-0.82193
-0.26872
0.71517
-0.99449
-0.8891
0.30376
-0.70173
-0.54503
-0.10894
-0.7356
0.32418
-0.89735
0.95611
0.36047
0.033119
-0.15365
-0.7346
-0.38791
0.79768
0.93199
-0.92531
0.59492
1.0461
0.95694
-0.48591
0.75585
-0.97525
0.47019
0.77378
-0.1116
1.0676
0.57641
0.41628
-0.95686
-0.055129
-0.64783
-0.81333
0.17544
0.037791
0.64768
0.9085
1.056
-0.97734
0.64775
-0.93744
0.49925
-0.69136
0.69616
-0.72277
-0.96075
-0.24206
-1.0229
0.71307
-0.27176
-0.89389
0.42759
-0.72852
0.49306
0.29332
-0.68497
0.54585
-0.4146
0.75168
-0.75376
-0.13816
0.35916
0.98724
-0.020955
1.008
0.67981
-1.0006
0.1502
-0.65912
-0.83283
0.78712
0.31675
0.53446
-0.41551
0.73159
-0.63326
-0.64898
-0.41897
0.06598
-0.61568
0.73856
0.00084646
1.0011
0.92485
0.62997
0.83242
0.8116
0.57358
-0.026331
-0.72867
0.47278
0.79691
0.67112
-0.9107
0.94769
0.84891
-0.75146
-0.71194
-0.94165
-0.71086
0.90127
0.50225
-1.0141
-0.87542
1.018
0.037834
0.3006
0.82729
0.86475
0.63975
-0.46199
-0.39485
-0.37661
0.96709
0.23353
1.0005
-0.5752
0.42277
0.87983
-0.96905
0.16435
0.2317
-1.0679
0.20721
0.20955
-0.23678
-0.47695
0.24359
-0.93768
0.13198
0.95035
0.63101
-0.93268
-0.20628
-0.18248
-0.98856
0.98988
0.48967
0.11693
0.67273
0.81748
-0.95842
0.55451
1.0082
-0.18804
0.79986
0.22109
0.65457
-0.91319
0.9807
-0.955
0.048765
-0.35323
0.89909
-0.90651
-0.87831
0.94995
-0.068445
0.99362
-0.50169
-1.0676
0.81305
1.0103
0.64921
-0.57807
0.91334
0.87016
0.49347
0.039796
0.90536
0.26356
-0.59835
0.51258
-0.74852
0.84904
1.0314
-0.90898
-0.23153
-0.57186
0.65159
-1.0148
0.68335
0.78517
0.38464
-0.57553
-0.0076415
0.68504
-0.97629
0.77086
-0.84887
-0.89929
1.0029
-0.83531
0.5418
0.2117
-0.17979
0.27597
0.37074
-0.23173
-0.90293
0.73486
0.26271
0.56809
-0.60676
-0.99272
-0.57074
-0.59973
-0.93018
-0.16386
-0.95351
0.85762
1.0166
0.70721
0.85671
0.88077
0.87492
0.029789
0.94231
0.58684
-0.28347
-0.74753
-0.99731
0.72424
0.67164
0.64439
0.95131
0.56677
-0.90811
0.098355
0.76348
-0.24944
0.31287
-1.0112
-0.10742
-0.46328
-0.23757
0.778
0.70759
-0.85435
0.96045
0.91259
-0.88331
0.99411
-0.89695
0.15592
-1.0028
-0.23519
-0.3412
-0.94659
-0.64884
-0.24591
-1.02
0.97921
-0.6394
1.0009
0.82257
0.0033839
1.0648
-0.56671
-0.44008
-0.071477
-0.65102
-0.35612
-0.43716
-0.98258
-0.73521
0.8305
0.96507
-0.40834
0.86135
0.96326
-1.0132
1.0181
0.97291
0.11694
1.009
0.8089
-0.75552
-0.99252
-0.58976
-0.61369
-0.47773
-0.40484
0.97279
-0.79636
-0.56129
0.21465
0.88715
0.73051
-0.26701
-0.2481
0.058029
-0.68735
0.7069
0.97015
0.71474
0.9008
-0.46989
0.85844
0.71064
-0.92353
-0.61003
-1.0104
0.15723
0.24412
-0.36416
0.65073
0.1153
-0.90823
-0.87754
1.0375
-0.96333
1.0435
-0.62079
-0.73907
-0.018253
-0.88779
-0.81074
0.059211
-0.43218
-0.37958
-0.66555
0.20083
0.11733
0.48933
-0.97273
0.43921
0.50514
-0.42433
1.071
0.2521
-0.64037
1.0178
-0.61446
-0.87468
-0.64983
0.89054
-0.11257
0.55356
0.76429
-0.022119
0.95671
-0.98126
-0.17682
0.89229
0.55658
-0.32449
0.3062
0.89776
-0.12179
-0.32317
0.946
0.27426
-0.74707
-0.60853
-0.40963
0.0034768
0.24083
-0.074949
-1.0269
0.90934
-0.34743
-0.97674
0.81467
0.93915
-0.89336
-0.4854
0.59771
-0.9763
-0.6921
0.20668
-0.86776
0.84771
-0.83869
0.33678
0.9647
-0.16757
-0.57516
0.97033
0.83204
-0.0077394
0.97723
0.25784
-0.52407
-0.36771
0.80771
-0.4692
-1.0889
-0.80746
-0.44217
0.59394
0.33675
0.94497
-0.61105
0.93968
0.31749
1.0447
0.033084
-0.13027
0.62671
0.59967
0.62583
-0.73044
0.49893
1.0343
0.42771
0.81831
1.0192
0.55355
1.0095
-0.79821
-0.86929
-0.94098
-0.67545
-0.055574
-0.12209
-0.34406
0.89043
0.10634
0.82122
-0.96348
-0.97357
1.0553
-0.65374
-0.66879
0.2722
0.62038
0.89724
-0.25057
-0.76069
1.0046
-0.2734
-0.7595
0.52474
0.23346
-0.86478
0.86857
0.47743
0.66287
0.75793
-0.78655
-0.76499
0.56606
0.29493
-0.54763
-1.0847
-0.80594
-0.52241
0.85856
0.18716
0.7891
-0.37991
-0.90513
0.94857
-0.89002
0.7134
0.86231
0.81931
0.71496
-0.53356
-0.29885
0.21057
0.93581
-0.36948
0.31644
-0.99805
0.0031526
-0.85889
0.72817
0.0090105
-0.92654
0.36181
0.72805
-0.49577
-0.15171
0.21444
-0.0019345
-0.19558
0.48367
0.94789
-0.5776
-0.58028
0.30408
-0.4687
-0.40211
0.44096
-0.78724
-0.92056
0.69799
-0.1137
-0.086897
0.70471
0.8826
1.0306
-0.35975
0.70982
0.65382
-0.96132
-0.81181
0.87789
0.78235
0.99083
0.66813
-0.80066
0.90509
-0.35316
1.0278
-0.25982
-0.28899
0.83472
-0.97834
-0.1012
0.9951
-0.31345
0.98062
-0.432
1.0066
0.76675
-0.41664
-0.55603
-0.98361
-0.81031
0.22764
0.84466
0.27775
-0.5977
-0.51465
0.56247
0.32667
-0.6515
0.45187
-0.90586
0.63465
-0.27141
-0.06252
0.63489
0.9097
-1.0202
1.0145
0.53862
-0.86885
-0.95183
-0.057951
-0.2243
-0.33669
-0.32319
-0.64184
-0.43075
1.0449
1.0828
-0.062667
-0.65423
0.97561
1.0471
-0.87713
0.94459
-0.11609
0.48231
-0.99739
-0.68009
-0.75962
-0.51733
-0.88904
0.070186
0.82994
-0.93782
-0.67297
-0.77945
0.25391
0.46161
-0.95883
-0.56689
-0.48852
0.78693
0.67356
0.59552
-0.64233
0.76231
0.90374
1.0187
-0.28784
-0.41856
1.1173
0.98491
1.0394
-0.85561
0.28364
-1.0294
-0.61746
-0.93417
-0.89502
0.67187
0.015427
-0.42369
0.33212
0.97341
-0.33522
-0.88777
-0.96746
-0.55483
-0.42257
0.91707
0.34911
-0.7094
0.90525
-0.23935
-0.8783
-0.158
0.53817
0.32374
0.87867
0.83179
0.80655
-0.70529
-0.54903
-0.64829
-0.88124
0.98614
0.54807
0.95955
0.36013
-0.7268
-0.79003
0.93182
-0.64045
-0.97415
-0.29464
0.32191
-0.64466
0.11995
0.16438
-0.83215
0.18691
-0.93041
-0.14755
-0.31686
0.93633
-0.78714
-0.12192
-0.63462
-0.2664
0.64445
-0.88464
-0.98143
-1.0066
-1.0063
0.71733
-0.067634
-0.068068
-0.20386
0.95223
0.26868
0.1956
0.62819
0.24807
-0.45096
-0.97479
-1.0568
-0.88531
0.32973
-0.60431
0.69463
0.57883
0.93343
-0.96819
-0.70822
0.029149
0.47879
-0.69832
-0.98941
0.95899
-0.21294
1.0269
0.45231
0.55556
-0.86359
-0.9875
0.82035
-0.70548
0.61523
-0.19361
0.73532
0.087377
0.74307
1.0158
-0.94126
1.0917
1.0057
0.75279
-0.63046
0.36602
0.91497
0.87427
0.7642
-0.7125
-0.80381
0.99581
0.56094
-0.98593
0.55376
-0.86955
1.0454
0.76659
0.88721
-0.74907
0.47291
-0.50792
-0.47104
1.0248
-0.16058
0.71629
0.92201
-0.53519
0.03815
0.61085
0.8106
0.08743
-0.92647
-0.66691
-0.45221
-0.64528
0.33291
-0.028944
0.25592
0.19334
-1.0509
0.79309
