0.043882
-0.55291
-0.76605
-0.7383
-0.74663
0.38339
-0.62579
0.92767
-0.40127
-0.26712
-0.92597
0.021443
-0.45385
-0.59096
-0.51243
-1.0874
0.012154
-0.82633
-0.67746
-0.49477
-0.071264
0.28222
0.98014
-1.0288
0.80945
-0.82573
-0.27826
1.0141
-0.081509
-0.61375
0.92633
0.020191
-0.5182
0.58337
0.48252
0.35922
0.96439
-0.80252
-0.71637
0.17245
-0.68366
0.97981
-0.94143
-0.6357
0.044922
-0.44002
-0.7905
-0.51003
0.83022
-0.70457
-0.50454
0.78773
-0.073367
-0.73789
-0.47
-0.10941
-0.4088
-0.10368
-0.22021
0.97037
-0.66953
0.43
0.14942
0.99342
-0.051366
-0.46032
0.96635
-1.0233
-1.0075
0.2499
0.78445
0.40967
-0.016348
0.68062
-1.0301
0.21431
0.39756
0.40723
-0.99118
-0.86751
0.34633
0.62224
-0.25132
0.92117
-0.80328
-0.7221
-0.70727
-0.67073
0.94408
0.52389
0.99307
0.78191
0.90869
-0.98082
-1.0647
-0.72284
0.42132
-0.9239
-0.64276
-0.22863
