100 10
12.589 -10.71 3.2492 9.6375 6.0716 13.008 -15.423 -11.349 12.784 -5.9667
16.232 9.5933 -17.176 -9.3013 15.707 -16.368 7.4955 -0.24417 12.156 -2.5236
-14.921 15.56 -5.0301 -10.23 -1.9912 -11.745 -1.8843 8.6569 -7.7767 3.8274
16.535 14.392 -18.656 -13.386 14.677 11.73 13.749 -2.5438 -5.8658 18.246
5.2944 3.8824 -3.7543 4.2866 10.019 7.2693 -12.283 16.376 -2.8543 8.9577
-16.098 6.1901 6.3183 4.6029 -2.0735 -1.2004 6.7633 -1.8764 13.026 9.9152
-8.8601 16.601 3.0096 17.1 4.2661 15.911 1.4996 -2.8512 6.3678 6.5591
1.8753 -2.6727 19.038 18.329 8.0097 -3.6588 -0.41273 -0.10704 -13.534 -19.651
18.3 -8.4096 -2.3344 12.072 -10.661 6.3419 -7.8832 -1.0808 13.312 1.7755
18.596 5.2753 11.113 4.5062 -1.8367 18.337 17.861 5.97 14.924 -14.003
-13.695 -8.1831 2.7783 15.536 -18.091 -7.9272 -16.986 -1.0526 -14.944 -0.29138
18.824 4.8812 -19.156 0.75521 4.4532 8.9942 -6.4745 0.0082176 -15.863 -18.986
18.287 -18.099 0.49094 -1.4668 -19.316 10.076 0.68854 4.6959 7.6574 -13.998
-0.58497 19.784 -3.6979 -10.152 4.9728 -12.575 19.96 9.411 -17.75 16.817
12.011 -11.729 -11.207 10.319 -12.225 2.7352 -13.551 -1.0113 -4.7783 -1.7486
-14.325 4.2946 -10.782 3.7945 0.23292 -17.555 -13.149 11.643 -8.8887 -0.74689
-3.1295 -6.0948 -2.458 -19.805 -0.80805 7.3313 -13.652 0.88065 -1.2113 -15.082
16.629 8.7095 16.796 6.1279 8.4219 6.749 -8.9083 19.688 18.023 -10.197
11.688 -18.88 -7.2385 18.213 7.6132 -14.632 9.2293 6.1364 0.13504 17.486
18.38 -17.326 -8.6266 -0.050512 9.042 15.724 6.5955 1.4186 7.9733 11.004
6.2296 17.083 -5.4488 4.184 -2.3586 -13.213 -13.59 10.998 11.52 -0.12867
-18.572 -16.489 -0.027298 8.5401 -6.8547 1.7644 -18.856 -3.863 -14.484 -6.1467
13.965 -6.7041 12.541 -17.481 1.8841 -18.615 17.098 -18.881 -7.3229 12.882
17.36 1.0472 -10.607 -12.702 14.335 12.583 9.7789 14.367 17.296 -13.288
7.1494 -10.134 -19.109 15.121 16.575 3.8041 4.1182 14.885 9.1206 -11.991
10.31 1.716 -7.9551 11.426 5.04 -3.768 -5.6149 17.218 14.887 -1.5717
9.7253 11.235 -8.0775 17.548 0.68844 5.7614 4.9291 4.1011 -16.372 18.515
-4.3109 0.8753 13.037 -7.9915 1.4992 -5.3463 -3.8456 -11.96 -6.9538 18.194
6.2191 17.278 -14.544 14.288 -13.56 19.999 5.943 -9.5331 -12.136 14.8
-13.153 -14.116 12.583 12.709 -14.471 8.2418 2.4392 -15.781 -1.5831 -7.9467
8.2418 -3.3294 14.444 13.216 3.8182 -12.128 -12.185 -16.267 -11.709 13.241
-18.727 -8.7883 2.1177 -2.582 4.2784 13.183 -16.699 8.6627 -14.172 -9.5132
-8.9231 3.924 -19.259 1.6234 5.7723 -7.9005 9.108 -10.919 12.13 -0.28214
-18.153 -18.541 0.31286 16.544 -17.456 0.92071 0.85785 11.676 -1.3608 -17.868
-16.115 -17.453 8.5458 3.9089 -17.462 4.9946 0.66888 -7.3579 18.32 -4.441
12.938 -7.0847 7.9099 -19.725 4.1542 -19.81 -18.976 13.136 16.28 15.491
7.7931 -16.065 15.738 -9.1065 -3.6698 11.015 -1.4127 14.831 -6.7164 4.5293
-7.316 -13.198 8.0474 -14.501 -2.4478 -11.504 -0.070025 5.9575 -1.3265 9.1527
18.009 -5.1534 17.492 8.348 -16.823 -11.841 -10.089 15.711 16.338 7.2909
-18.622 -18.41 -19.564 -18.34 -3.6935 11.792 13.545 4.4521 -11.935 2.7335
-2.4502 8.3696 12.79 -2.5302 -15.484 -9.204 17.284 -17.504 7.7304 12.927
-4.7377 5.6537 -18.629 7.2143 19.884 13.232 19.468 9.0545 -7.3958 -2.5453
10.621 -13.038 0.64641 2.0697 8.2356 19.89 6.3283 11.798 8.8265 15.898
11.808 -17.514 6.1332 -12.882 -1.3822 -4.185 -10.203 -9.599 -5.0311 -7.4568
-12.525 -3.7336 10.165 -16.578 -15.18 15.986 -0.39076 -3.4725 9.479 8.8293
-0.40942 -1.4775 -8.8001 -12.529 10.031 1.2337 5.4038 17.594 -17.419 -10.828
-2.1766 -11.893 4.122 -5.2494 18.61 -16.71 -17.717 -5.6834 6.4558 -13.31
5.8525 14.782 15.551 17.244 14.669 -3.258 -16.547 -17.45 -1.9364 -13.458
8.3746 3.9176 5.7294 7.8655 15.191 -19.244 -12.307 10.909 0.97545 1.521
10.187 -19.079 11.443 -13.346 -13.054 16.061 -10.403 -12.567 13.051 9.7607
-8.959 15.977 -0.35435 10.94 -8.4907 -5.0016 10.826 16.461 19.276 -13.032
7.1881 -1.8822 -3.8616 -3.4719 14.052 -19.526 -19.96 0.82252 -0.25556 9.4094
6.2039 -17.679 15.098 8.3445 -1.4976 0.045999 -18.009 8.8339 4.6271 6.0324
-13.496 -15.749 8.3273 -6.7145 19.886 -2.2647 12.64 16.514 -4.3448 12.614
-15.24 19.937 13.06 2.0423 -8.7563 14.098 -14.59 17.055 -2.6818 17.702
-0.065438 14.653 -19.573 19.859 -5.6729 0.034513 -7.1984 -4.985 -7.1077 -15.638
18.39 4.6082 -16.178 6.6873 9.6003 -15.512 -11.8 4.1692 6.4667 9.4715
-6.3846 -18.922 1.7314 15.558 1.8648 11.656 -12.894 4.0973 6.477 4.5011
3.4107 -7.0991 14.249 -5.6697 2.8579 17.393 -12.673 -8.0386 0.7011 -7.277
-11.048 -1.449 -9.4258 -2.6394 -17.046 14.236 18.308 -4.7852 -1.8791 11.544
10.051 -16.039 11.022 9.322 -16.67 -13.8 2.4091 -8.6806 -1.5378 -17.056
-9.7962 2.8395 5.5168 19.781 -12.099 -16.748 10.947 -1.3884 -0.64866 -7.1469
0.23828 -6.965 9.0024 -0.93419 15.872 5.1305 13.829 -8.3938 18.272 -18.95
7.9631 -1.9803 15.786 -6.7377 6.9404 -16.122 -0.89243 13.162 19.805 -1.1439
15.636 3.1138 10.719 4.2138 4.2936 -18.663 -19.024 -17.219 -9.4931 6.9606
18.372 -17.006 -11.726 10.926 -17.934 -7.0556 -7.0062 -4.7213 11.114 -11.357
1.8886 -17.706 -18.268 -4.5741 0.31382 5.802 -11.608 -3.7551 17.193 14.949
-14.455 -7.9617 -13.857 -11.845 -7.9617 3.371 14.666 -0.88394 -11.936 -5.5174
-14.028 0.86885 8.7325 -4.533 -10.378 6.8871 -5.2186 -11.359 19.762 6.6112
-9.6997 2.4752 -14.854 -17.399 11.04 11.708 -7.0579 12.736 11.491 5.3277
13.629 -10.338 -11.168 -2.7072 15.701 -4.7922 1.9349 17.384 1.1503 -14.586
-9.8287 16.509 -1.8576 7.5894 -17.877 -16.828 -11.587 14.835 6.6331 -11.534
12.571 13.029 -1.3896 0.2625 2.2653 -2.6323 -15.865 -0.87866 -14.98 -14.679
-10.259 -2.2182 -16.409 8.6767 -13.946 11.419 -9.1024 19.004 -14.117 12.22
17.171 19.283 0.26919 -7.9513 19.573 -7.8047 -4.4568 -12.587 12.501 -17.099
-6.0006 3.1307 -16.94 8.2403 1.0484 9.3613 8.2089 4.2616 1.7054 -18.494
-12.136 -10.623 -13.339 16.608 1.4602 -15.992 -2.818 -1.6986 14.563 11.854
-9.9566 12.424 9.9084 8.2319 8.499 -13.089 3.7552 -12.177 -14.375 -19.739
4.6418 -1.949 -6.6173 -14.675 12.749 17.005 -7.5225 -7.8083 -16.915 -17.845
-1.0684 -10.001 -7.7978 6.6187 14.964 11.537 9.1084 -7.2859 -12.774 8.2891
-5.9336 18.218 12.755 -4.9774 4.8685 11.153 -6.2274 4.2091 -11.68 -1.5926
13.233 -14.294 19.282 0.097675 -19.576 15.092 18.946 -1.386 3.1698 7.9976
3.4106 0.50254 18.759 -4.0397 -11.109 16.389 -3.4834 -5.1619 13.432 -15.695
1.9889 18.877 3.0649 18.417 -17.895 17.215 -0.81635 17.546 -18.377 14.739
16.688 5.9328 -10.661 -15.373 0.57822 -3.8398 5.6828 16.498 -11.807 12.652
-8.5664 4.5868 -8.3161 2.4488 15.713 -8.434 10.865 18.673 1.265 6.6068
10.288 -1.214 6.9506 -1.311 3.185 10.748 -9.6139 3.0055 1.7051 4.5952
10.149 3.1112 2.9495 -13.643 5.1219 17.755 -12.706 -2.8565 19.627 19.961
-4.7822 16.453 -12.012 1.0079 -14.228 -8.8241 19.122 -19.78 19.821 -18.926
2.7129 -4.9512 18.328 -7.2104 9.9446 -5.1548 11.984 -18.99 -9.445 11.289
-16.966 -10.849 -6.5538 11.254 -8.7736 -9.0714 -6.9569 3.8696 -7.8046 6.8551
-17.842 -3.059 -14.013 -17.483 14.751 -1.0584 -6.6792 -14.725 -7.4649 16.102
1.2319 -9.0562 -6.8647 4.8937 12.085 18.422 -11.746 17.488 5.3777 8.7874
11.167 -2.2174 -15.476 5.4822 -0.46491 -15.93 7.2387 -7.5807 -10.021 -17.046
17.36 5.1006 10.877 -16.756 18.943 1.6258 -12.136 13.25 -0.40258 -3.2297
-14.804 1.3857 11.703 13.853 1.0865 -7.6988 -8.9083 -18.665 -5.329 16.358
2.7529 -4.5823 3.4828 14.477 -11.298 -13.934 5.4378 14.391 -18.428 -14.076
-1.2244 14.938 -16.832 10.349 -12.137 -3.0951 -15.921 16.205 -4.0065 -16.367
-19.524 -7.9861 -12.284 17.509 -19.292 -7.0315 -16.773 -12.435 4.6012 0.31978
-6.5151 -3.9988 11.016 5.9047 -6.2269 2.2563 9.7083 0.59063 6.2527 -2.344
