-0.15697
1.0301
-0.90353
0.90574
0.6335
-1.0678
0.90796
0.89895
0.26632
0.2314
-0.43385
-0.2131
0.20724
-0.32553
-0.28036
-0.77147
-0.91514
0.87517
-0.45695
0.19501
0.19475
-0.11481
0.60241
0.72436
-0.30065
-0.76125
-1.0667
-0.86763
0.038604
-0.32395
-0.92908
-0.036462
0.84146
-0.20516
-1.0476
0.071723
-0.74842
0.61174
0.48571
-0.044503
-0.8036
-0.52756
-0.68841
-0.40447
0.016614
-0.25397
-1.0626
0.13798
-0.89958
-0.89967
0.90742
-0.36824
0.10256
-0.32926
-0.89246
0.1402
0.23395
0.17396
1.0116
0.89333
-0.89567
1.0863
0.064505
-0.7654
1.2377
0.18135
0.79115
-0.81453
-0.62518
0.8638
0.23622
1.0447
-0.037919
1.0593
0.50329
-0.058238
0.24
1.0507
0.66854
-0.61823
-0.26409
0.36235
0.90492
0.84392
1.0625
0.94155
-0.68973
-0.97227
-0.77437
0.90483
-0.7854
-0.56056
0.52319
-0.68439
0.62231
-0.99331
0.84304
-0.78832
0.3819
0.17241
-0.52447
-0.34199
0.52587
0.62194
-0.49315
1.0238
0.9257
0.0065902
-0.50488
-0.93686
-0.96316
-0.79326
0.78654
0.88843
-0.73946
0.27653
0.63265
-0.54728
-0.90263
-0.86378
-0.95794
0.20552
0.57828
-0.82796
0.10831
0.72776
-0.828
-0.88438
1.0591
-0.40301
-0.82494
0.90375
-0.064513
1.1247
-0.73194
-0.9481
0.80118
0.89935
0.92091
-0.71922
0.64635
0.53113
-0.24055
0.23997
-1.0021
-0.71659
0.78344
-1.1291
-0.021369
1.0151
-0.96858
-0.204
0.83909
0.34372
-0.14533
-0.077124
0.19173
1.0423
-0.69046
-0.95947
-0.78553
-0.77079
0.8822
-0.84721
-0.96579
-0.88845
0.57346
0.36808
0.97725
-0.80985
0.60081
-0.2158
0.20052
0.17591
-0.088256
-0.46865
0.10519
-0.94927
0.27509
-0.9608
0.88854
0.7892
-1.0767
0.13641
-0.49906
-0.16142
-0.54194
0.69946
-0.59609
-0.69029
0.76572
-0.6453
-0.1635
-0.73862
-0.88647
0.77195
0.32839
0.14328
0.20066
-0.29711
0.24772
-0.74776
-0.095043
0.40734
-0.18257
0.6168
0.90734
0.81976
0.6745
0.9928
0.5101
0.77506
-0.69895
0.75335
0.77465
0.41375
0.75029
-0.33769
0.74991
-0.99457
0.68496
0.89919
-0.97569
0.090463
1.2068
-0.23861
-1.0815
-1.0901
0.86263
-0.9041
0.89308
1.0453
0.94067
-1.0282
0.63115
-0.83066
0.72855
0.60765
-0.9299
0.14668
-0.91525
1.1993
-0.22197
0.017595
0.58009
-0.97127
-0.15955
0.9928
0.93106
-0.67365
0.15665
0.70708
0.36635
0.79002
-0.26566
0.58103
-0.23443
-0.84241
-0.43026
-0.17945
-0.05368
0.91571
1.036
-0.47075
-0.97921
1.0817
0.32629
-0.6273
-0.55661
-0.8075
-0.86302
0.045777
0.15056
-0.66126
-0.80474
1.0278
1.0672
0.13314
-0.78276
0.32946
-0.15633
-0.81098
-0.0724
-0.33092
0.83762
0.7643
0.68313
0.77438
0.014681
0.70631
-0.014285
0.84445
0.88337
0.03868
-0.18675
-0.24221
-0.2292
-0.76488
-0.04492
-0.64811
-0.58638
-0.52916
-0.22494
-0.93144
0.44056
-0.76482
0.15374
-0.018333
-1.0289
-0.51416
-0.070648
0.12163
-0.019551
0.0456
-0.24329
-0.68574
-1.1035
0.43608
-0.86846
-0.98608
-0.23907
-0.7349
0.47905
-0.40508
-0.69328
-0.84739
0.51436
-0.94325
0.18161
0.58856
0.76226
-1.2138
0.18014
-0.2342
-0.45333
-1.1654
-0.4771
0.12251
-0.085468
0.13863
0.4216
0.88683
-0.44295
-1.2474
1.0518
-0.87981
0.73693
0.54773
-0.87739
-0.17735
0.63509
-0.83604
-0.13237
0.68171
-0.73124
-0.17788
-0.11489
-1.042
-0.59828
-0.34341
-0.1286
0.85312
0.88193
-0.18314
0.14693
-0.48646
-0.75936
-0.16408
-0.61168
0.60863
0.27179
-0.46717
0.068836
-1.0947
-0.15488
-0.96777
0.89928
0.85056
-0.74828
1.0137
0.98959
0.96193
0.75923
1.0243
0.074697
-0.1101
-0.98243
0.035031
0.9615
-0.93023
0.94362
0.92888
0.15462
0.9141
1.1196
0.20055
-0.91509
0.31574
-0.50167
-0.19046
-0.89837
-0.9445
1.0123
-0.56889
-0.73055
-0.70343
0.30575
-0.30183
-0.81921
0.34077
0.64683
0.078012
-0.93189
0.014512
-0.81219
0.075849
0.5716
0.28312
-1.0114
0.69229
-0.60444
-1.0333
-0.96892
1.0999
-0.56556
1.0533
-0.92838
0.49823
-0.84461
0.95612
0.24454
0.59442
0.29029
0.26073
0.86027
-0.2981
0.89801
-0.32679
-0.71188
-0.85826
1.1132
0.61785
-0.14596
0.66786
0.017078
-0.59908
-0.38145
0.6169
0.78096
-0.816
0.85436
0.5277
-0.54025
-1.1269
-0.54222
-0.72827
0.29848
-0.40404
-0.48859
-0.15776
-0.22644
-1.1121
-0.55214
-0.49848
0.014896
0.8455
0.053658
-1.0211
0.76374
0.74944
1.0785
-0.89495
0.040473
0.87598
-0.91549
1.0818
-0.59225
0.73451
-1.0774
0.24476
0.13823
-0.34944
0.46477
0.46999
0.29738
-0.92239
0.93738
-0.94498
0.84192
-0.86217
-0.63643
-0.1876
-0.8603
-0.13482
-0.011377
-1.0118
0.67969
0.3793
1.0479
0.78925
0.98754
0.57053
0.93951
1.0374
0.58394
-1.0606
0.49554
0.29458
-0.40099
0.41914
0.64109
0.095932
0.58328
-0.91545
0.361
-0.55058
0.51232
-1.0402
-0.89541
-0.37361
-1.0706
-0.84555
-0.66156
-0.86559
0.58251
-0.82154
0.83008
0.066869
0.099199
-0.7459
-0.74379
-0.7528
0.42766
0.53366
0.74107
-0.26664
-0.78068
-0.36285
-0.83673
0.41141
-0.067398
-0.83342
0.85898
0.99804
-0.30641
-0.97027
0.95794
-1.007
-0.57448
-0.27497
-1.0518
-0.75345
-0.46613
-0.73982
-0.81575
0.21637
0.1242
-1.2487
1.0523
0.018342
0.032045
-1.1127
0.84041
-0.92233
-0.82508
-0.9483
0.028105
-1.0073
-0.49788
0.51298
-0.38302
0.54418
0.32216
-0.3474
-0.99133
0.33762
-0.90211
-0.29107
0.77617
-0.38843
-0.016542
1.0012
0.91601
-0.48402
0.31737
-0.94768
-0.98563
0.22283
-0.38461
0.33796
0.66548
-0.8745
-0.79802
-0.7494
-0.52103
-0.1012
-0.016838
-0.1909
-0.69395
-0.37473
0.66255
0.91015
0.7106
-0.51823
0.9369
0.095964
1.2259
-0.45685
0.76024
0.86682
0.63814
-0.32089
0.59408
-0.35505
-0.27733
0.64652
-0.035898
0.92192
1.2243
0.58594
-0.9389
0.84646
1.1206
-0.14598
-0.83632
0.72825
-0.24182
-0.99246
1.0935
-0.26817
-0.88238
0.8756
0.75259
1.0971
0.32737
-0.99439
0.80474
-0.38431
0.55365
0.50486
1.0911
0.55424
0.11322
0.66577
-0.31052
-0.44865
-0.19392
0.19148
-0.87602
0.28837
-0.73401
-0.0045602
-0.049126
0.57172
0.92577
0.73532
-0.76061
-0.017237
0.65877
-0.80736
-0.95377
-0.13967
0.75888
0.81821
0.84982
0.47609
1.1082
0.35225
-1.1226
0.48378
0.42726
-0.94656
-0.73397
-0.78769
-0.2823
0.70945
0.9581
-0.36834
0.69443
-0.86723
-1.0504
-0.67365
0.54554
0.71411
-0.086557
0.82523
-0.64864
0.26207
-0.11381
-1.0426
-0.81053
-0.21758
0.72321
0.67557
0.87834
0.23062
-0.56442
0.28885
0.16042
0.53894
0.92828
0.77498
-0.017121
-0.93333
-0.39691
-0.029952
0.048663
0.18374
1.1561
-0.82943
-0.30675
0.75802
-0.70819
-0.6744
0.81761
-1.0591
-0.69709
-0.61251
0.086302
-1.0033
-0.3368
-0.3355
-0.5699
0.42722
0.1278
-0.40392
0.42858
0.87074
-0.50164
-0.64935
0.78738
-1.0256
-0.94954
-1.0587
0.97197
-0.15899
0.87163
0.71226
-0.90416
0.33181
0.9104
-0.66525
0.87635
-0.40663
-0.98053
0.48998
1.0586
-0.027606
-0.91074
0.51155
-0.76702
-0.98127
-0.45302
0.16405
0.72452
-0.62646
0.59685
-0.30756
0.21627
-0.88784
0.50204
-0.95947
-0.94007
-0.89074
1.0599
0.60769
-1.048
0.057348
0.019298
0.73525
-1.005
0.49436
-0.2603
-0.1768
0.98205
0.4488
-0.91231
-0.81847
-0.61018
0.90748
-0.57952
0.76177
-0.83299
-0.58519
-0.54429
0.19326
0.83879
-1.0035
-0.89783
-1.0626
0.91507
-0.51466
1.0631
-0.12405
-1.019
-0.1541
-0.77653
-1.0658
-0.20965
0.5181
-0.52967
-0.7662
-0.9181
-1.0016
-1.0085
0.15424
0.40385
0.13733
-0.97248
0.99923
-0.98579
1.029
-0.85266
-0.078882
0.9635
-0.79253
-0.42166
-0.42184
-0.62102
1.0488
-0.51001
-0.45753
0.47096
-1.0175
-0.58167
0.58955
-0.73218
1.1467
0.59606
0.25879
-0.21833
-0.6757
-0.81152
-0.98077
0.71403
0.91542
0.5367
-1.056
-0.96648
-0.95701
-0.97972
-0.46028
0.84759
0.81467
0.23923
-0.90566
-0.78734
-1.0263
-0.9298
0.0847
-1.054
0.68562
0.019291
1.0634
-0.28485
-0.17013
-0.77049
-0.74105
0.97512
-0.039773
-0.23679
-1.0059
-0.82499
0.71888
-0.59209
0.72976
-0.80967
-0.73062
-0.80455
-0.864
-0.79273
0.41733
-0.9576
0.15277
-0.92314
0.63995
-1.1753
0.46699
-0.80947
-1.0323
-0.87365
-0.77189
-0.45415
0.082207
0.36538
0.46848
0.57096
1.0479
1.1088
-0.82272
0.75992
-0.0071178
0.63642
-0.75271
1.0101
-0.76488
0.79842
0.54242
-0.37323
0.72976
-0.34195
-0.4588
0.73233
-0.8014
-0.62796
-0.56476
-0.81363
-0.11778
-0.96065
0.68848
-0.49
-0.64407
-0.56551
-0.97983
0.88742
-0.21416
-0.3927
0.77619
0.83714
0.33138
0.93624
0.23293
0.57775
-0.74962
-0.99748
-0.36663
1.123
-0.99278
-1.1264
-1.0349
-0.75872
0.18815
0.93589
0.60761
0.15578
0.32061
0.6628
-0.71091
0.8709
-0.72573
-0.87428
-0.87127
-1.1123
-0.91221
-0.60324
-0.7526
0.65402
-1.1594
0.40044
-0.26136
-0.43102
-0.27429
1.0461
0.27657
-0.85277
-0.6123
0.45246
0.69473
-0.36341
0.042084
-0.13528
-0.97548
-1.0322
0.47996
0.48667
0.72445
-0.89979
-1.0446
-0.042638
1.0451
0.12791
0.78029
0.101
0.55774
-0.38364
0.80034
-0.43064
1.0511
-0.98484
0.95299
-0.96464
0.88273
-0.70442
-0.85744
-0.39919
-0.83022
0.39168
-0.96059
-0.84347
0.050906
0.67975
-0.041685
-0.50292
0.90148
0.060613
0.56959
0.50244
-0.96222
-0.54896
0.74413
0.34557
-0.14389
-0.47629
0.75375
0.027579
0.81329
-0.78907
-0.76693
-0.03423
-0.9287
0.039826
-0.9221
-0.5558
0.51638
-0.96957
1.036
-0.2335
0.4149
1.1559
0.833
0.64089
-0.5834
-0.88919
0.3551
0.010662
-0.14843
-0.88551
-0.14421
-0.16402
-0.65021
0.40818
0.30541
0.90776
-0.27854
-0.98025
-0.1205
-0.68133
0.71749
0.95509
0.74246
1.0598
1.1327
-0.89483
0.84575
-0.24042
-0.30385
0.12528
0.67281
-0.74116
0.11705
-0.4118
-0.82195
0.71774
0.24591
-0.52316
-0.45118
0.67179
1.1117
0.91797
0.72839
-0.60783
0.54765
-0.25754
-0.25859
-0.88174
0.80182
0.53254
-0.45446
-0.82651
-0.30797
0.53487
-0.28479
-0.46633
-0.62523
0.062335
0.0034155
1.0213
0.96114
-0.63997
0.42375
-0.81266
0.82547
-1.0202
1.051
0.88824
1.0198
0.21269
-0.8511
-0.90925
-0.4122
-0.27844
0.029365
-0.14446
1.0707
-0.7417
-1.2114
0.73015
-1.0072
0.77334
-0.94613
-0.45714
-0.81645
0.40087
0.52475
0.9391
-0.72842
-0.13971
-0.723
-0.84559
-0.9605
0.68344
0.97505
-0.15247
-0.47778
0.7176
0.78839
-0.041786
0.32077
-0.46781
0.59995
-0.96928
0.0030683
-0.95691
-0.14186
0.099128
0.9657
-0.97471
-0.25888
0.61048
-0.42698
0.6463
-0.25495
0.026304
0.54807
0.1685
1.0098
0.61358
-0.98344
-0.95739
-0.46694
-0.03916
-1.0771
-0.56694
-0.035015
-0.42842
0.85879
-0.90874
-0.71893
0.66433
0.94682
-0.80719
0.80758
-0.017179
0.66583
-0.72528
-0.86089
0.3106
0.353
-0.83576
-0.74643
0.54747
0.53704
0.81328
-0.21161
0.75915
0.26142
0.6864
-0.32277
-0.9297
-0.97378
-0.14556
-0.69265
0.11195
0.43648
0.44672
-1.0154
0.40227
0.021088
-0.31349
0.090823
0.73327
0.70686
-1.0057
0.59347
1.085
-0.0043755
-0.26337
-0.038414
-0.91812
0.7904
-0.95754
0.68141
1.1046
-1.1792
-0.77963
0.39092
-1.0147
0.8854
-0.50726
-0.0326
0.092141
-0.23856
1.0195
-0.55233
-0.64087
0.16629
-0.37706
0.061215
0.1724
-0.16675
0.94787
-0.23748
-0.51218
0.69414
-0.049139
0.17408
-0.88559
0.026148
0.11567
0.78958
-1.0036
-1.0305
0.83736
0.83925
0.12935
-0.74074
-0.1778
-1.0136
1.0007
-0.87383
0.80761
-0.92522
-0.33911
0.10588
-1.0569
-0.30028
0.67836
-0.46517
1.004
-0.40409
0.73026
-0.43495
0.13492
-0.97206
-0.91268
0.90819
0.82174
-0.63524
0.82456
-0.3109
0.85197
0.91302
-0.305
-0.89912
0.57329
-1.1426
-0.58551
1.0416
0.8431
-1.0785
0.14055
0.22477
0.73079
-0.93626
-0.48395
-0.43849
-0.56256
-0.65753
-0.30171
-0.78557
0.16594
0.76129
0.88926
0.52911
-0.11101
0.84399
-0.15333
1.0723
0.91904
0.99806
0.32974
1.0278
-0.88136
0.9948
0.16543
-0.81576
0.3541
0.27373
-0.62397
0.57979
0.27939
0.65741
-0.64237
0.96884
0.98455
0.70912
-0.15573
0.40025
0.08793
-0.80401
-0.81335
-0.17073
0.63006
-0.12713
-0.25316
-0.87772
-1.091
0.20693
-0.48397
0.592
-0.89199
-0.8429
0.88048
-0.53636
0.85811
1.0741
0.85637
0.91936
-0.54163
0.93462
-0.85311
0.2802
0.86431
-0.90803
1.0363
0.91337
-0.31152
-0.28868
-0.80515
-0.91204
0.94165
-0.90932
0.97731
0.96648
0.35386
-0.82599
-0.091928
-0.50981
0.47488
0.95532
1.1304
0.33665
-0.70312
-1.0041
0.80613
-0.97004
-0.020986
-0.32667
-0.79797
-0.92709
-0.92828
0.1225
0.30885
0.85453
0.1683
-0.64734
0.69599
0.95728
-1.0361
-0.82836
0.30895
0.039728
0.33714
-1.2186
-0.79261
0.25016
-0.89985
-0.66452
-0.57245
-0.39463
0.35012
0.6656
0.21063
0.6213
-0.95269
-0.75477
0.30859
0.85372
-0.12605
0.99597
-0.32707
0.93149
0.32606
0.15651
-0.96037
-0.070091
-0.85279
1.0025
-0.69972
-0.93676
0.17527
-0.80152
0.76588
0.14864
0.97649
0.73046
0.21311
0.88447
0.98952
0.99584
0.22237
0.97449
0.072983
0.4953
0.35574
-0.80243
-1.0284
0.014676
0.73542
-0.80788
-1.019
-0.073971
0.37769
0.83164
-0.52383
0.96971
-0.77723
-0.96326
0.29939
-1.1297
-0.32375
-1.0245
-0.69978
-0.74082
-0.92396
-0.87016
-0.73057
0.40412
-0.58145
-1.0334
-1.0861
-0.70516
0.95172
-0.65005
-0.45219
0.78256
0.50691
0.38679
0.86462
-1.016
-0.39091
-0.091512
0.77725
1.1284
-1.0457
-0.27275
0.99399
-0.57575
-0.54251
-0.51849
0.11438
-1.0079
0.26446
0.56156
0.3394
0.74057
-0.84743
0.86572
-0.94019
0.42968
-0.82829
1.0828
0.45852
-0.70522
0.57989
0.84979
-0.31092
0.081033
0.98669
-0.97212
0.24145
0.94556
-0.94493
-0.88543
-0.17221
0.3806
-0.35553
0.53525
0.96476
-0.95528
0.52785
0.066752
-0.95365
0.29515
0.64663
0.94243
-0.42092
-0.51472
0.86788
1.0131
0.89059
-0.91928
-1.1041
-0.77754
0.74839
-0.9959
0.32606
-0.90514
-0.63549
-0.20302
-0.75706
0.99758
-0.93033
-1.0021
1.058
0.81914
-0.92536
-0.83396
-0.09452
-0.78074
0.94275
-0.56841
-0.85789
-0.85936
0.38413
0.64017
0.68733
0.04999
-0.85958
0.96784
-0.25249
-0.83178
0.93632
0.86982
0.57308
0.63915
-0.54507
-0.73221
0.27009
1.1967
-0.8316
-0.96404
-0.33196
-0.10858
0.33029
-0.9853
0.17588
-0.64666
0.4385
-0.41037
-0.90589
0.27833
0.8639
0.46975
-0.75296
0.79864
-0.63912
0.90518
0.8062
-0.98477
0.4212
0.76795
0.91326
1.0046
0.79857
0.14396
0.75059
-0.74209
0.90229
-0.0069461
0.55669
-0.88156
0.029601
0.17229
0.028165
0.42592
-1.0141
0.81238
-0.30912
0.82595
0.87546
0.88318
0.81073
-0.62291
0.047784
0.69652
0.049093
-0.97998
-0.1443
-0.35833
0.17081
0.4268
0.40257
-0.83549
0.61784
0.7966
-0.8696
0.92753
0.03956
-0.69935
-0.91617
1.2131
-0.91635
0.30613
-0.97157
0.048812
0.080924
-0.90899
-0.85008
0.12414
-0.28127
-1.0621
-0.69061
1.066
0.62427
0.82503
0.97725
0.405
1.0914
-0.88977
0.21072
-0.32603
0.31485
-0.11522
-0.6285
-0.97376
0.88189
-0.49136
-0.86504
0.1987
-1.0755
-0.47207
0.92873
-0.8905
-0.59686
-0.13345
1.0146
1.029
0.068308
-0.035301
0.027318
-0.10212
0.48997
-0.61059
0.8705
-0.70189
-0.75433
-0.49236
-0.85141
-1.1916
-0.86758
0.66899
0.22328
1.0659
-0.4341
1.0016
-0.6567
0.99908
-0.56232
-0.017643
0.31311
0.70453
0.47872
-0.099318
0.68151
0.20061
0.86914
-1.1371
0.76056
0.26124
0.76797
0.84849
-0.11565
-1.1052
0.89175
0.69926
1.0388
-0.65651
-1.136
0.72484
0.9448
-0.22686
-0.93906
-0.38422
-0.82198
0.49696
0.18474
-0.43753
-0.91906
0.80093
0.71037
0.2698
0.81144
-0.53206
0.61269
-0.86343
-0.97481
-0.94022
-1.0262
1.0475
0.45307
0.0020983
-0.85807
0.52633
0.83208
0.54324
1.0692
0.43553
1.1638
-0.78309
0.51651
0.98195
0.40043
-0.64088
0.92792
0.75284
0.28034
0.14971
-0.74077
-0.74734
0.42468
-0.41316
0.49807
0.46852
-1.0208
-0.185
0.88258
-0.27564
-0.75711
-0.401
0.97988
0.80997
-0.0099091
-0.41674
-0.33841
-0.84115
-0.69178
-0.52317
-0.44246
0.80188
-0.95669
0.98206
0.31938
0.07185
0.071856
-0.66352
1.0308
-1.0326
0.60844
0.90159
-0.99257
-0.36967
-0.027196
-0.65574
0.24147
-0.55518
-0.15795
-1.1114
-0.8696
0.066475
-0.12108
-0.12571
-0.74165
0.96903
1.0407
0.3492
-0.83158
-0.70853
-0.39592
0.33539
-0.79283
1.0856
-0.0082019
-0.14885
0.49644
-0.36126
0.69369
0.10065
-0.39321
-0.98144
0.48261
-0.45842
1.0055
-0.85736
-0.57087
0.84191
-0.75034
-0.4932
0.24472
0.35348
0.187
-0.96714
-0.4173
0.75707
1.0314
0.58988
0.94468
0.68887
-1.0383
0.72804
-1.1011
0.10262
-0.30467
-0.85762
-0.48448
1.0671
-0.40831
-0.18398
-0.27145
1.0855
0.27817
0.14566
0.34026
0.85465
-0.54669
-0.83935
0.012598
0.29517
-0.99924
0.72918
0.72946
-0.68717
0.81974
-0.64671
-0.49282
-0.01993
1.0177
-0.98239
0.21824
0.8349
0.99157
-0.75187
-0.57241
-0.83386
0.193
0.70622
0.72563
0.48072
-0.79876
-0.17288
-0.77475
-0.59909
0.25212
1.0806
0.2855
0.57124
-0.011852
0.28525
-0.73967
-0.9345
0.35302
-1.244
-0.23744
-0.72345
-1.0524
-1.0553
-0.59944
-0.58865
-1.0006
0.99132
0.71833
0.4445
0.93951
0.059035
-0.31123
0.71697
0.65071
0.58365
-1.1209
-0.11106
-0.64796
0.41492
0.94132
-0.48645
-0.911
1.0245
-1.0978
0.892
-0.80463
-0.18346
0.43828
0.76965
0.52639
-0.22692
-0.62631
-0.33613
-0.96983
0.87037
0.28924
0.70096
-1.0599
-1.0285
1.0151
0.84917
-0.60883
0.2285
-1.0467
0.40508
-1.1153
-0.69008
0.79918
-0.42519
-0.55839
-0.18963
0.9852
-0.65761
-0.49217
0.97732
0.8207
0.84861
0.11007
-0.96828
0.1684
-0.79939
-0.71083
0.078232
0.49636
-1.1496
-0.11111
-0.74997
0.38909
0.070259
-0.99708
-0.97096
0.35741
-0.67371
-0.8808
0.67486
0.68277
0.39901
0.94554
1.0424
0.91008
0.78893
-0.1265
0.96906
-0.99776
-0.2697
-0.97722
-0.50802
-0.86599
0.75987
0.88794
0.30774
-0.82852
-0.82452
-0.70618
0.65878
-0.39533
0.04564
-0.94366
0.49399
-0.75656
0.82217
-1.11
-0.65221
0.084177
0.13752
0.78168
0.44804
0.48054
0.36089
0.28595
-0.19782
0.92577
1.0772
-0.59264
0.89678
-1.0011
-0.63809
0.60012
-0.29788
-0.91755
-0.23799
0.85415
0.57301
-0.5488
-1.0475
1.1204
0.73683
-0.42869
0.63459
-1.0113
0.43828
0.6539
0.50964
0.766
0.33525
-1.3179
-0.983
-0.97692
0.95704
0.01235
0.29547
0.825
0.22818
1.0469
-0.29471
0.80201
-0.053741
0.53391
-0.41382
-0.99498
-0.94131
0.12392
0.22579
-0.96149
-1.0283
-0.57817
-0.33718
-1.0003
1.0318
1.061
-0.75584
0.67334
-0.2396
0.81963
0.84131
-0.62588
0.88163
-0.29656
0.40182
-0.36833
-0.20405
-0.47037
-0.29059
-0.35085
0.32771
-0.85504
-0.0045979
0.61579
0.70545
-0.38703
0.15618
-0.88528
0.69874
0.52528
0.78298
-0.38847
0.818
0.84475
-0.69802
0.25497
1.0047
-0.3602
0.30218
0.70508
0.45544
0.91504
0.33143
0.96847
-0.87419
1.0064
0.85468
-0.42117
0.31557
0.24888
-0.41123
0.76979
-0.24731
-0.97579
0.88204
-0.297
-0.96586
0.22686
0.39615
-0.2155
-1.0295
0.90435
-0.75036
-0.92988
-0.72181
-0.73435
-1.0752
0.31245
0.90689
0.66146
0.98883
0.61884
0.89393
0.24416
-0.98261
-0.12212
0.43388
-0.8982
1.124
0.93029
-1.0032
-0.57666
-0.65395
0.78188
1.1787
-0.85666
0.67149
0.25888
0.74425
-0.31744
0.18428
-0.29392
-0.28725
-0.48786
0.73898
-0.84162
-0.49726
-0.15188
0.090355
0.36182
1.0744
-0.8801
0.40279
-0.18142
1.1602
0.75145
-0.84857
-0.35637
0.31658
0.95064
0.28925
-0.87025
-0.26535
-1.0862
0.0057893
0.85227
-0.43665
0.17138
-1.0285
-0.25403
0.59866
0.81004
0.27214
-0.84359
-0.1336
0.38785
0.95654
0.091527
0.65755
-0.14954
-0.82684
0.33095
-0.54519
0.87862
0.44018
0.80433
-1.1376
0.67163
0.64535
-0.0022107
-0.6944
0.93155
0.83452
0.94524
-0.86467
-1.0174
0.7879
-0.57629
-0.98123
-0.10954
0.63277
-0.5234
-0.64095
0.35455
0.37458
0.81807
1.1104
0.82798
1.0322
-0.7892
-0.12589
0.37319
-1.1739
-0.8492
-0.69223
-0.85753
0.71552
-0.31236
-0.76682
0.93725
-0.47269
0.51296
-0.73582
0.29012
-0.31443
-0.9619
0.080443
-0.67884
-0.92385
0.082984
0.17628
-1.2293
-0.27352
-0.9663
-0.57473
0.49864
0.34645
0.28275
0.83527
0.71583
0.011225
-0.70814
-0.81703
0.77109
0.2547
0.73906
-0.13218
0.68286
-0.67548
1.0343
0.31563
0.19787
1.0411
-0.52479
0.066547
0.44804
-0.70907
0.63625
0.7965
-0.80953
0.14146
-0.75504
-1.0386
-0.58638
0.65298
-0.2659
-0.5524
0.10065
0.63782
0.44052
0.030804
-0.70068
0.29976
-0.60528
0.8529
-0.56726
0.8687
-0.55106
0.6779
-0.44336
1.0562
0.77558
0.54648
0.21613
0.050325
0.82384
0.89437
0.86676
-0.48598
-0.19391
-0.86183
-0.89952
-0.42962
0.91744
-0.2449
1.0591
0.92062
-0.93358
1.0265
-0.70115
-0.79271
-0.73691
0.25811
-0.68047
1.0302
-0.93423
0.22456
-0.86131
0.87516
-0.27626
0.047047
0.90124
0.54164
0.92884
-0.15534
-0.12681
0.25536
-0.018446
-0.36163
0.5036
-0.93114
1.0105
-0.76678
0.2917
0.70202
-0.12292
0.77584
0.92136
-0.7547
0.11369
0.41322
-0.053827
0.24813
0.050592
0.56448
0.88549
1.013
0.65281
-0.46735
-0.38793
0.022108
-0.5412
1.0245
-1.0602
-0.32156
0.86014
-0.65709
-0.4301
-0.78409
-0.59294
-0.97972
0.87507
0.89066
-1.0445
0.89337
-0.76184
-0.93231
0.28866
0.28842
0.39128
-0.19411
-1.1644
-0.64577
0.23687
0.23306
-0.13335
-0.73089
-0.68002
-0.090328
0.82612
-0.9325
0.91047
-0.93367
1.2182
-0.89501
1.1467
-0.85628
-0.89988
0.74208
0.93791
0.65719
0.21595
0.98291
0.93662
0.90377
-0.84538
0.95096
1.0505
0.31887
0.34483
-0.41235
0.13919
0.18123
-0.27433
0.71907
0.73833
-0.84774
0.32533
0.36318
0.89675
-0.028805
1.2291
0.15905
0.80802
0.25685
0.0010643
0.15711
-1.1907
0.71996
-0.85039
-1.0873
0.57331
-0.63693
-1.0535
-1.0132
0.76624
0.50354
-1.1149
0.98271
0.9382
-0.59967
0.61513
1.0972
0.93455
0.81193
-0.17179
0.9449
-0.80291
0.26224
-0.27749
1.1568
-0.91124
0.11498
-1.0786
-0.24238
1.1198
0.73676
0.46767
0.48401
-0.26908
-0.23523
-0.81423
-1.054
-0.16775
0.99881
-0.24446
0.0019818
-0.99142
0.1978
-0.25124
-0.76649
0.4444
-0.41388
-0.058008
-0.10259
-0.96983
0.23125
0.26277
0.37379
1.1185
0.39448
0.86891
0.93791
-0.94613
0.78926
-0.61615
-0.93235
-0.88766
0.15263
0.59712
-0.50606
0.21306
-0.29915
-0.9121
0.9758
-0.22742
-0.51602
-0.79127
-0.91727
-0.66268
-0.045825
-0.8998
-0.78661
-0.41366
0.23883
0.36178
0.99839
1.0642
0.62794
-1.0098
-1.0001
-0.6709
0.82194
-0.90329
-0.69783
-0.17552
-0.9847
-0.67527
0.52915
-0.56379
0.83696
0.82873
1.0754
0.92855
-0.97814
-0.40247
-0.2287
0.87975
0.97396
-0.67323
0.91545
-0.96313
-0.81315
-1.116
-0.21922
0.82086
0.9887
-0.58972
0.46222
0.82918
0.60494
-1.0426
-1.0985
-0.9285
0.82356
-0.36508
-0.81013
0.79511
0.1775
0.72335
0.70715
-0.41368
0.51515
-0.6538
-0.77213
-0.99635
-0.42618
1.0156
-0.25457
-1.0187
0.54623
1.0601
0.90438
-0.60241
1.0367
-0.52182
-0.0311
-1.072
-0.6724
-0.59485
0.16255
-1.2326
0.81756
0.77534
-0.26645
0.52882
0.77473
-0.79186
-0.68678
0.80759
0.95314
0.54912
1.1924
0.60041
0.036349
0.40831
0.63131
-0.8665
1.0565
0.12984
-0.94302
0.16327
0.76591
0.75732
0.79248
0.097857
0.74519
0.13964
-0.93444
-0.032402
0.7729
-0.68972
-0.51714
0.78885
-0.82188
-0.50551
0.20785
-0.84037
1.0974
-0.71637
0.95362
1.1219
-0.51331
-0.94878
-0.88589
-0.75601
0.88897
-0.64045
0.027807
-0.11254
0.77483
-1.027
-0.77742
1.03
0.71979
0.77801
-0.8152
0.65267
0.65756
-0.92088
-0.61603
-0.15789
0.096601
0.99009
-0.32781
0.19895
0.65605
0.78426
0.43825
-1.0904
0.87618
0.98561
-1.1284
0.90562
-1.1423
0.24674
0.92957
0.17928
-0.92357
-0.087556
1.1439
0.87903
0.3755
-0.00084145
-0.88359
1.0825
-1.2462
-0.33351
1.0351
0.9718
-0.39472
0.1254
-0.79457
-0.73053
-0.84543
0.8969
-0.047506
0.78624
-0.78705
-0.013204
-0.13941
0.27244
0.3102
-0.53826
0.85464
0.58772
0.40844
-0.13685
0.86385
-0.56172
-0.25884
-0.43831
1.097
-0.028978
-0.25491
-0.18786
-0.97068
0.90834
0.73515
0.91748
0.7999
-0.91772
-0.010441
-1.0447
0.73431
-0.18614
1.1326
0.9632
0.36112
-1.0536
0.039907
-0.90037
0.25882
-0.27021
-0.91511
0.061185
0.021356
0.47063
0.028897
0.50901
-0.63151
-0.74061
1.0295
0.89888
-0.93153
-1.0281
0.18749
-0.21564
1.0517
-0.015245
0.82995
-0.21696
-1.0144
-0.73735
0.1832
-0.050343
-1.0337
-1.2011
-0.31926
0.17624
0.85232
1.0254
0.95881
0.64388
-0.78629
-0.40181
0.3122
-0.58204
0.82741
0.44341
-0.60643
0.94844
-0.21962
-0.8254
-0.43717
-0.44328
-1.0565
-0.75767
0.30854
-0.77873
-0.11489
-0.53531
0.18022
-0.24981
0.83448
0.699
-1.0557
-0.47711
0.1502
-0.35801
0.52182
0.5908
-1.1821
1.0521
-0.067856
0.14349
0.2178
0.19426
-0.58896
-0.46564
0.83805
0.34158
-0.60736
-0.55645
0.84688
-0.70101
0.087748
1.1072
-1.0894
-0.97629
0.96845
-0.40403
0.8807
1.0851
-0.72095
0.68586
0.44721
0.3232
0.39785
0.39088
0.74156
0.75019
-0.87994
0.68108
0.86674
0.53845
-0.90534
-0.55702
0.3453
-0.59691
-0.81135
0.023239
-1.0928
-0.68584
0.92388
0.94284
0.94042
0.79315
-0.45746
-0.88043
-1.0953
-0.026453
-0.90172
0.50749
1.0127
-0.5539
-0.72492
1.0078
-0.75514
0.88529
-0.94956
0.93564
0.96912
-0.42115
0.83997
0.73118
0.10737
-0.7435
-0.95761
1.1888
-0.75905
0.14516
0.34237
0.22641
0.21249
-0.47966
0.66808
0.77354
0.91373
-0.74073
-0.68465
-0.74879
-0.9213
-0.97587
-0.87207
1.0637
-0.25025
-1.0292
1.131
0.93977
-0.20855
-0.25949
-0.86161
-0.87456
-1.0308
-0.61849
-0.20029
-0.71526
1.1063
0.51096
0.75487
-0.19042
1.0736
-0.53394
-0.78972
-0.65885
-0.94853
0.53403
-0.26012
0.15469
0.48417
-1.0471
0.05786
-0.42825
-0.18701
0.66594
-0.93196
-1.0619
0.80887
-0.8034
0.35484
-0.0052301
0.45754
-0.95204
1.0172
-0.81258
0.29753
-0.12997
0.17975
-1.1623
0.69742
-0.94918
0.017516
-0.93255
-0.91441
-0.024593
-0.88384
1.1274
0.91053
-0.53575
0.9549
-0.14956
0.98537
-0.48676
0.35289
0.96085
-0.67439
-0.19025
0.96581
0.9213
-0.87118
0.10344
-0.98159
0.11025
-0.4997
0.8446
0.8844
-0.43845
-0.105
0.53752
0.43639
-0.19916
0.40225
-0.38747
-0.7245
-1.0805
0.41396
0.1702
0.36712
-1.2025
0.63284
0.18634
0.22933
0.70544
0.51659
0.89673
-0.76522
-0.44394
-0.62053
0.86279
0.62123
-0.7748
0.43569
0.86752
-0.96721
-0.37208
0.65742
-0.88962
-0.23324
-0.6358
-0.15538
0.14021
-0.97218
0.36698
0.035002
0.062224
-0.23366
0.62642
0.89501
0.26685
0.037516
0.6058
0.44478
-0.55222
0.95432
-0.2766
-0.66607
0.57294
0.99345
1.1013
-0.16393
0.63277
0.98583
-0.51624
-0.12029
-0.36105
-0.99355
0.98792
-0.18415
-0.78412
0.48858
-0.14886
-1.0751
-0.90132
-0.89423
-0.24723
-0.47683
0.8892
-0.81671
0.83841
0.28091
-0.32127
1.0209
0.78314
-0.58398
-0.28982
-0.69423
1.1212
1.018
0.93369
0.5852
0.82762
0.93481
-0.65286
0.80197
-0.11244
0.48598
0.69242
0.92454
-0.15372
-0.72282
-1.0063
0.10654
0.71176
-0.98139
0.88586
-0.44657
0.62249
-1.1152
-0.76184
-0.043419
0.71947
1.021
-1.0084
-0.51203
0.98573
0.88762
-0.72
-0.4993
-0.66374
0.65618
-0.74846
-0.067597
-0.82105
0.86892
0.88856
-0.11455
-0.6887
-1.0389
0.84224
0.16191
0.44499
-0.32262
0.52418
-1.056
0.25839
-0.30695
0.24002
-0.43106
-0.65266
-0.21566
-0.37182
0.60868
-1.0055
0.90456
0.11266
0.72458
0.46933
-0.908
0.63256
-0.74945
-0.65682
0.56894
-0.69966
0.55548
-0.29574
0.64433
-0.95579
-0.57436
-0.88906
-1.0285
-1.086
0.0097836
-0.51861
0.38215
-0.06704
-0.92021
-0.99927
-0.95758
-1.0327
0.37083
-0.6689
-0.939
-0.2074
-0.18232
0.12794
-0.38927
-0.65099
1.0808
-0.78756
0.76222
-0.11646
-0.57993
0.85256
1.1176
0.90773
0.98928
-0.34194
-0.49135
0.085583
0.73128
0.65128
0.92119
0.43223
-0.85425
-0.048579
1.0163
0.77896
0.48511
0.54875
-0.64521
0.66326
-0.92093
0.93063
0.83162
-0.54116
-0.46685
-0.71565
-0.64681
-0.4131
-1.0751
-0.2744
0.48096
-0.98655
0.66806
0.30481
1.0244
0.85887
-0.77596
-0.45212
-0.23373
-1.0375
-0.86097
0.92229
-1.0721
-0.99288
0.85721
-0.94261
-0.91311
0.3113
-0.96105
-0.73654
0.029065
0.11014
0.66845
-1.1829
1.1256
-0.79861
0.88023
-0.89633
0.96977
1.0467
0.44851
-0.76297
-0.9914
0.62752
0.76804
0.98199
0.58139
0.65467
-0.88763
-0.37296
1.1054
-0.16715
1.0584
-0.38082
-0.082123
0.77549
-0.18331
0.062886
-0.95755
0.068045
-0.43011
0.51224
0.93015
0.95612
0.84271
0.90244
1.0858
-0.30821
-0.92066
0.42812
-0.48165
-0.93461
-0.93622
-0.065834
-0.9461
1.079
0.1664
0.53589
0.91785
0.90051
-0.37403
-1.1508
0.20934
0.68736
-0.013768
0.90395
0.71232
0.066885
1.0019
0.056227
0.607
-0.99908
0.85854
-1.0146
-0.25906
1.0449
1.0838
0.42362
0.41506
-0.64046
0.52578
0.99985
-0.88599
-0.13586
1.0467
1.0855
0.66552
0.61705
-0.079742
-0.34963
-0.72661
-0.11956
-0.44263
-0.89832
-0.45128
-0.49121
-1.0672
0.80657
-0.38343
0.52844
-0.33865
-0.15046
1.0734
-0.42917
0.72536
-0.85688
0.25279
-0.087971
-0.31361
0.039844
0.34042
-0.28523
0.49192
1.047
-0.98093
-0.68459
-0.34618
-0.87526
0.64044
0.017423
1.0929
0.28776
-0.486
0.17043
0.62283
1.0727
-0.93373
-0.20377
-0.27824
0.8018
0.16875
0.8626
-0.20357
-0.34457
1.0526
0.6428
-0.158
-0.90653
0.3081
-0.65224
0.49287
0.94036
-0.88557
-1.0453
0.31719
0.16981
-0.87918
-0.74998
0.86597
-1.1268
-1.0305
0.4687
0.13355
-0.29589
-0.77738
0.48423
-0.8472
-1.0128
-0.21281
0.46755
-1.0335
0.4451
0.55842
-0.86832
-0.51255
0.11015
-0.05788
0.1628
0.54912
0.42697
-0.78062
-0.87566
0.64664
-0.066745
0.14114
0.97009
0.67606
0.41294
-0.33326
0.95452
0.19401
0.85398
0.10641
1.0424
-0.094509
1.0505
0.71025
0.92688
-1.0864
0.37607
-0.9483
0.32085
-0.77379
-0.74697
-0.15089
0.81616
0.37632
0.032073
-0.84765
-0.49913
-0.39432
-0.83781
-0.51696
0.75549
0.54497
0.2969
0.46712
-0.81504
-0.6021
0.37321
-0.30695
0.84305
-0.40885
-0.92292
0.27467
-0.76849
0.77299
-0.80064
-1.1434
-1.0823
1.0111
0.37803
0.65439
0.53602
0.050755
0.10966
-0.3988
-0.50964
0.66901
-0.68214
-0.35286
-0.74108
0.38342
-0.80596
0.79454
-0.90567
0.056287
0.91164
-0.81616
-0.025096
-1.0058
0.82769
-0.75246
-0.97753
-0.90065
0.76703
-0.50734
0.94028
-0.033545
0.89197
0.57941
1.0989
0.33764
-0.23571
-0.36651
0.17009
0.48115
0.092567
0.84896
-0.74111
-1.0632
0.27208
0.75142
0.40562
-0.15755
0.70809
-0.7205
0.19752
0.55619
-0.8769
-0.93305
0.73919
-0.77152
0.86768
0.46654
-0.57682
0.22749
-0.87667
0.75875
-0.47495
0.9601
-0.86754
0.36528
-0.27721
-0.9517
-0.54685
-0.60994
0.0034187
0.90287
0.34941
0.111
0.86052
-0.46529
1.1727
1.0442
0.95438
-0.64123
-0.85174
-0.94393
1.032
0.78387
-0.79879
0.78276
0.80896
-0.71179
0.74375
-0.072278
-0.31879
-0.097661
1.1066
0.3183
0.74137
-0.42026
-0.24164
-0.97098
-0.80939
-0.99058
0.42145
-0.35194
1.06
0.67183
1.0785
0.76535
-1.1205
-0.74025
0.096931
-0.079578
0.79297
-0.89441
0.19057
0.76147
0.60841
-0.16458
0.76922
-0.79243
0.62049
-0.34466
1.0435
-0.96058
-0.99036
-0.91532
-0.87003
-0.88823
-0.76424
0.31404
0.50638
0.66753
-0.48032
-0.23904
0.38419
0.28889
-0.6555
0.67917
1.1019
-0.42823
-0.55066
0.50637
0.90865
0.41882
1.0016
-0.77257
-1.0447
0.44123
-0.50775
-0.75964
-0.55826
-0.91082
-0.7305
0.058538
0.29407
-0.54959
-0.93709
-0.59371
-0.8814
0.22697
-0.080832
0.88244
-0.41406
0.88497
0.70817
-0.63336
0.78463
0.76442
-1.1146
-0.81604
0.922
-1.0945
-0.9924
0.26566
0.60686
-0.85621
-0.45964
0.97458
-0.86514
0.48135
-0.11951
0.47601
0.53614
-0.4632
0.64361
0.84573
-0.98876
-0.75132
0.19633
-0.55746
0.03044
1.2065
-0.56815
0.057134
-0.29942
-0.052255
-0.92534
-0.041046
0.95256
-0.94606
0.17499
-0.42134
0.87168
-0.95983
-0.079991
0.76008
0.4263
0.18849
-0.69357
-0.91703
-0.65466
0.91373
1.0208
0.70572
0.48606
-0.88918
0.73524
0.76963
0.79164
0.96829
0.86254
-0.68717
0.37558
0.89564
-0.79636
-0.5674
-0.22986
-1.0499
-0.44334
-0.39923
0.72706
0.92501
1.0487
0.60152
1.1616
0.23392
-0.29285
0.65486
-0.3449
1.0055
0.82714
-0.22538
0.64428
-0.39082
-0.40751
1.0206
0.12494
0.97143
0.30632
-0.017342
-0.082764
-0.89262
0.80515
-0.43965
0.20608
-0.44056
-0.92244
0.14947
0.56001
0.99157
0.20783
0.34164
0.17288
0.41369
-0.78437
0.90913
0.93681
-0.94408
-0.83264
0.77743
0.8629
-0.98182
0.9562
-0.30765
-0.71421
0.04875
0.90462
-0.71656
-0.93192
-0.98198
0.94806
-0.4666
-0.75321
0.94182
-1.0684
-1.0097
0.1668
-1.0216
-0.19205
0.73632
-0.94311
-0.74426
0.019034
0.90821
-0.066603
-0.076826
-0.73882
-0.38504
1.0171
-0.054124
0.27972
-0.37232
0.6545
0.51731
0.54176
1.0499
-0.97664
0.72147
0.47858
-0.57435
0.97793
-0.97639
1.0952
-0.58109
-0.80419
1.2222
0.84046
-0.34742
-0.96772
0.82959
-0.24973
0.23135
0.34256
0.52066
-0.76098
0.76651
0.88593
0.83912
-0.66178
-0.84325
-0.67877
0.91425
0.0030105
-0.86202
0.31478
0.96706
0.24298
0.84038
0.7673
0.046809
1.15
0.98346
0.30359
-0.93902
0.89903
1.0258
0.0054294
0.68633
-0.49673
0.23785
-0.11721
0.70748
1.0051
-0.28654
0.8091
-0.30286
0.57624
-0.48281
0.48882
-1.1205
0.98418
-0.44137
-0.48923
-0.1186
-0.5004
-1.0067
0.86615
0.33259
-1.0823
1.0192
-0.1433
-0.251
-0.28903
-0.44815
-0.6436
0.16253
-0.96298
-0.42865
-1.1726
-0.74548
-0.69573
1.0976
0.12464
-0.61452
-0.89732
0.92129
0.76121
-0.31114
0.26746
-0.95645
0.32067
0.37353
1.1073
-0.78482
-0.8444
0.77141
-0.79315
1.0437
0.87423
-0.97483
-0.25159
-0.95136
0.98937
1.2426
0.18894
-0.97424
0.76915
0.70536
-0.68218
-0.71883
0.42491
-0.46242
-1.0838
0.14283
0.46112
0.58839
-0.25014
0.9985
0.023968
-0.30505
-0.22027
-0.39144
-0.30486
-0.148
-0.61093
0.93927
0.50745
0.027504
0.5353
-0.40442
-0.75193
0.67613
-0.63375
1.0281
-0.46729
0.28208
0.87646
0.53378
0.93152
0.86811
0.70252
-0.33089
-0.07248
0.76831
-1.0295
0.20831
-0.25774
-0.79863
-0.48259
0.72062
1.0633
0.098221
0.91612
0.83785
-0.19393
0.4523
0.74033
-0.39073
-0.2207
0.52788
0.25149
0.42351
0.063539
0.47462
0.67107
0.14354
0.89334
-0.35644
-0.76223
1.0243
0.39161
0.1061
-0.34901
-0.88326
0.3947
0.29885
-0.73478
-0.60555
0.13717
-0.287
0.26826
-0.00069733
-0.23894
0.53355
-0.51802
-0.63142
-1.033
-1.0697
-0.98646
-0.89091
-1.1467
0.72917
-0.38662
0.50648
-0.23717
1.0688
0.78745
0.09428
0.11467
-0.82017
0.78653
0.85605
0.51144
0.86724
-0.023581
0.98633
-1.0395
0.91985
0.90502
1.135
-1.0462
0.95155
-0.6637
0.86722
0.29958
-0.8945
-0.83158
-0.93864
-1.1046
0.50793
0.90512
0.78924
-0.88961
-0.85625
0.99991
0.83102
0.44921
-0.3218
0.51234
1.0025
1.0519
0.96363
0.23047
0.42787
-0.97045
0.92032
-1.0453
-0.43646
0.61638
-0.9837
0.93125
0.9448
0.95906
-0.70856
-0.90247
-0.7935
0.28445
0.069941
-0.37299
-0.87132
-0.025757
-0.57769
-0.56599
-0.14516
-0.70422
-0.69256
-1.0867
-0.36085
-1.1023
0.71639
0.46975
1.1688
0.57026
0.93448
-1.0834
-0.59454
-0.0083019
-0.31027
-0.24172
-0.39775
-0.022911
-0.66283
0.63369
0.94791
-0.98274
-0.15141
0.92462
-0.60408
-0.81557
0.94569
1.1729
0.29237
-0.85913
0.73746
0.39247
0.29885
-0.97842
-0.90857
-0.7369
-0.03526
-0.65934
0.018192
-0.11755
0.3985
-0.63497
0.35473
-1.0444
0.74727
0.49329
-0.22722
1.1064
-0.35334
1.0048
-0.85969
-0.12331
0.86453
-0.65125
-0.15216
0.5612
0.75453
-0.80314
-0.63762
0.051268
0.57194
0.76177
0.035363
-0.36216
-0.74328
0.49197
0.44849
0.32676
0.2846
-0.18986
0.043493
0.87498
0.46296
0.95816
1.0275
0.13357
0.003413
0.52441
0.056458
-1.0876
-0.081492
-0.88347
-0.33851
-0.66906
-0.22817
0.55548
-0.34598
0.27867
0.72361
0.64917
0.84698
0.66766
0.86893
-1.034
-0.91273
0.24603
-0.35224
0.36732
0.73481
-0.51725
0.98174
-0.6342
-0.75374
0.90594
0.84376
-0.96645
-0.9943
-0.8899
0.56311
-0.21952
0.99121
0.43049
-0.19271
0.77683
-0.87535
-1.0726
-0.74378
-0.44058
0.34947
0.56834
-0.2445
-0.01609
0.074859
-0.68059
0.97083
-0.23264
0.3075
-0.9422
-0.72205
0.90474
0.45218
0.98787
0.66833
0.38816
-0.96224
-0.47799
-0.44772
0.64654
0.44373
-0.48924
-0.90152
-0.7555
-0.93073
-0.81881
-0.32133
-0.92881
-0.33661
0.078567
0.09262
0.7767
-1.0721
-1.127
0.63491
-0.22205
-0.94361
1.0492
0.81918
0.41521
-0.44733
-0.44672
0.67707
-0.99254
-0.017379
0.61409
-0.12036
-0.56902
0.27923
-0.79758
0.23333
0.013283
-0.56757
-0.69661
-0.37819
-0.90119
0.2567
-0.80742
0.75393
0.67179
-0.70537
0.38319
-0.66023
0.73057
0.35145
0.3541
-0.94372
-0.30619
0.71557
0.94963
0.39495
-1.0219
1.0315
-0.95495
-0.02624
-1.0899
-0.56581
0.59455
0.61521
0.38634
0.70739
1.0641
0.94119
0.047948
-0.73323
-0.19373
0.35385
1.0867
-0.5943
0.67133
-0.37101
-0.74421
-0.23294
0.32673
-0.084361
-0.25142
0.51183
-0.68677
-1.0193
-0.65524
-0.038333
-0.1803
-0.042745
-0.91252
-1.2141
0.25229
0.7537
0.071009
0.95344
-0.99974
-0.90187
0.85514
0.90678
0.49108
0.82715
-0.036464
-0.97388
-0.18425
0.68126
-0.49793
-0.29869
-0.35575
-0.27086
0.2171
-0.95595
-0.24873
0.99059
0.9996
-0.86987
0.96008
-0.4433
-0.043501
-0.86261
0.9472
0.61551
0.25818
-0.74068
-0.85076
0.17926
-0.65289
1.0448
0.16536
0.39019
-0.93427
0.7163
-0.79283
-0.35016
0.98926
-0.85636
0.59699
-0.067159
-0.41098
-0.38912
-0.091128
-0.35851
1.0559
0.53392
-0.98066
-0.96482
-0.99824
1.0562
0.51398
1.0522
-0.2666
-0.14725
0.67036
-0.04226
-0.067358
0.66975
-0.69425
-0.68317
-0.1981
0.7483
-0.27441
0.89106
-0.46159
-0.67638
0.49482
-0.9088
0.55959
-0.83303
-0.36288
-1.0335
0.043994
0.82877
-0.79655
0.2962
0.27455
0.037374
-1.1158
-0.59029
0.98735
-0.060117
0.89997
-0.50574
1.0883
0.53474
0.24709
-1.0578
-0.63664
0.01135
-1.1261
-0.57111
0.81943
-0.97682
-0.81371
0.067447
0.66958
-0.23776
0.26494
0.70737
-1.0434
0.12405
-0.30686
-0.66621
0.92576
0.11895
-0.83744
-0.44676
1.0737
0.062782
-0.9153
0.22051
-0.66555
-0.81951
0.056204
-0.67347
0.74141
0.069504
0.67736
-0.71773
-0.8949
-0.69047
0.50204
0.5864
0.90406
0.19724
0.050606
-0.65072
0.16389
0.63432
-0.93469
0.47043
0.95878
0.99387
0.22088
0.1457
-0.14996
-0.84332
0.98463
-0.45709
-0.83096
0.19686
-0.85565
-0.30391
-1.0377
-0.23304
-0.40105
-0.45752
0.83971
0.87708
-1.0104
-0.28514
0.22918
0.86806
-0.89024
-0.87518
0.50961
-0.75603
0.88511
0.78239
0.82734
0.37663
0.80756
-0.83876
1.1134
0.80079
-0.048988
0.55446
-0.94244
0.18134
0.85553
-0.50517
-0.93681
-0.60776
0.21886
-0.73374
0.67238
0.66762
-0.48523
-0.31365
-0.70036
-0.67756
-0.16695
0.1916
-0.40095
-0.3243
-0.78024
-0.89517
0.96213
-0.27026
0.35379
0.047112
-0.1644
-0.079706
0.89665
0.55389
-1.267
-0.11763
0.63851
0.25502
-1.0208
0.50254
-0.65399
0.56345
-0.036066
-0.77718
0.53921
0.63643
0.033347
0.35516
-0.82356
1.0925
-0.29168
0.18507
0.87283
-0.59972
0.14749
0.62513
-0.75613
0.89928
0.10919
-1.0132
-0.6425
0.31092
0.10127
-0.67964
1.0933
0.98893
-0.10674
-0.36442
0.3712
0.69779
0.88026
-0.62678
-0.66942
-0.27103
0.47929
-0.12982
-0.8321
-0.070116
-0.66507
-0.36575
-0.76768
0.33311
0.49372
-0.85892
0.53534
0.89727
0.47897
0.4211
0.36725
-0.31031
0.73877
-0.65153
0.87365
-1.001
-0.27229
-1.0558
-0.83494
0.98271
-0.78651
0.96883
-0.29189
0.56106
0.91098
-0.016985
-0.89582
0.40612
0.81651
-1.0479
0.87409
-0.030272
0.42152
-0.87195
0.57062
-0.44417
1.0465
-0.11209
0.60456
-0.96651
-0.055584
0.48199
-0.86886
-0.56184
0.35987
0.66095
1.0143
-0.50478
-0.059459
-0.99003
0.92195
0.37083
-0.2051
1.1177
0.65629
-0.546
0.85748
-0.18893
0.55976
0.27319
0.68182
-0.34222
-0.34135
-1.0655
0.95057
0.55709
0.078548
-0.50053
0.94656
-0.39272
0.44739
1.0822
0.90181
-0.5046
0.63169
-0.95885
0.14448
-0.91359
0.72168
-0.53419
-0.75132
-0.86737
-0.89194
1.0042
0.58644
-0.55265
0.59976
-0.92149
0.42858
0.19891
-0.9602
0.27651
0.44706
0.081203
0.31177
0.34086
1.0655
0.25995
-0.96296
-0.43841
0.52381
0.92626
-0.19398
0.63468
-0.89953
0.4163
0.98732
0.38675
-0.87144
0.13331
0.33084
-0.12086
0.52057
-0.16046
-1.167
0.91541
0.38425
1.1099
0.70121
-0.11335
-0.3215
-0.55739
0.039711
1.0821
-0.87798
1.0038
0.67299
-0.75959
-0.36739
-1.0439
-1.0015
-0.92003
-1.1011
0.47127
1.0024
0.45315
-0.041644
0.7629
1.0119
0.31786
-0.92535
0.54984
1.0342
-0.9683
0.6785
-0.78643
0.59204
0.90247
-0.79004
-0.25985
-0.29327
0.15344
-0.56002
0.36714
0.38424
-0.7362
-0.36428
-0.97506
0.32254
0.80072
0.60374
0.60544
-0.45275
0.85908
-0.65636
-0.78408
0.43701
-0.64407
1.0395
-0.23338
-0.20174
0.28078
0.88287
-0.59527
0.80789
-0.4467
0.15149
-1.1324
0.99305
-0.80984
0.67461
-0.23394
-0.94928
0.76314
1.0558
0.86207
-0.45647
-0.15827
-0.093009
-0.012279
0.88881
-0.27397
1.0398
-0.034033
0.26102
-0.020116
0.1502
-0.78999
-0.80718
0.0024067
-0.89056
-0.91894
0.75362
-0.30438
-0.27912
0.88929
0.84844
-0.20768
0.82231
-0.96246
-0.98753
0.22217
0.7928
1.1168
0.50098
-0.70159
-0.59013
1.1102
-0.51384
0.39678
0.38415
0.21097
-0.09229
-1.1088
0.34012
0.78475
0.98687
0.03871
-0.020897
1.0333
0.8257
-0.65705
0.10445
-0.57803
-0.7184
-0.73623
0.81941
-1.0333
-1.0003
-0.32771
-0.51322
0.5915
0.91495
-0.87915
0.58643
0.28174
-0.70176
-0.84529
-0.94266
-0.47498
0.90338
0.018546
-0.49364
0.64142
0.2183
-0.67696
0.7886
0.10691
0.090862
0.98375
0.7776
0.19627
-1.0345
-0.42374
0.14134
-0.51033
-0.38441
-0.6834
0.79232
0.2116
-0.23226
-0.79093
-0.5448
-0.8448
-0.89451
0.087687
-0.66081
-0.94365
-1.0154
-0.81263
0.50038
-0.65309
-0.23691
-0.91456
-0.85851
-0.29199
0.83188
-0.11063
-0.099029
-0.90031
-0.78584
-0.64758
-0.76132
-0.7771
-0.72457
-0.95911
-0.76673
-0.36324
0.76693
0.45824
0.18285
-0.42837
0.8018
0.44551
0.898
0.053796
-1.0767
-0.3535
-0.847
-0.67944
0.66208
0.19604
-0.14311
-1.0087
0.96354
-0.2387
1.0425
0.85186
0.82538
-0.12066
-0.5756
0.38531
0.13161
0.37093
0.14893
-0.30616
-0.48298
-1.0038
-0.06031
0.39612
0.77447
-0.63269
-1.3487
0.11467
-0.92744
-0.90554
-1.0297
-0.034565
0.42244
-0.83428
0.2661
0.9458
0.72935
-0.87536
-0.39707
0.79017
0.49724
-0.99399
1.0071
0.86571
-1.0047
-0.50164
0.86246
-0.81198
0.66208
-0.52523
-0.47319
0.85115
-1.0014
-0.9323
0.81641
0.32986
-0.87775
-0.026606
0.56821
0.9394
0.6288
-0.92246
0.11433
0.66682
0.78049
-0.43362
0.8732
-0.57831
0.21356
0.95307
-0.445
-0.90298
0.93597
0.49792
-1.0497
0.61406
0.97851
0.44187
0.4483
0.086891
-0.92853
-0.034399
-0.72769
0.96377
0.4208
0.82052
0.66991
-1.0511
0.56368
0.36223
1.0618
-1.0417
0.99365
-1.0802
-0.98974
-0.92597
-0.22288
-0.82489
-0.22699
-0.1147
0.41223
0.9903
-0.57469
0.89991
0.91891
0.93908
0.98532
-0.83988
0.48797
0.90567
1.1098
0.5185
0.43816
0.8078
0.5068
1.0385
0.4908
0.67112
0.34245
1.0801
0.36286
-0.79639
-0.27693
-0.39919
0.64701
-0.67468
-0.91453
0.60232
1.1104
0.93509
0.93388
0.45372
-0.0032296
-0.63313
0.85076
0.066449
0.91177
0.9534
0.7068
-0.90891
0.96345
-0.81161
-0.45903
-0.61085
-0.74991
0.76956
0.9619
0.038218
-0.63779
-0.45551
-0.60818
-0.51305
-0.92965
0.67946
1.1176
0.1955
-0.62626
-0.11052
-1.0495
-0.97023
0.13818
-0.34505
-0.053472
-1.063
0.13688
0.44485
-1.0275
-0.77045
1.0069
-0.52488
-1.0041
0.71337
0.69718
1.0245
0.76974
0.92253
-0.62689
-0.25459
0.073329
0.69725
-0.0095169
-0.16886
-0.41173
-0.0066531
0.23188
-0.47016
0.70204
0.64823
-0.37924
0.97855
1.1027
1.0253
0.81686
0.70548
-0.78489
-0.88525
-0.8217
-0.91896
-0.9648
0.060306
-0.36061
0.65399
0.56464
0.36401
-0.63191
0.79105
-0.99445
-0.89325
-0.16519
0.95695
0.54366
-0.68827
0.50959
0.83651
0.92772
0.91346
-1.0335
1.0917
0.58609
-1.0312
0.1086
-0.6849
0.014372
0.46801
1.117
0.79704
0.79111
-0.93417
0.68475
-0.055774
1.0795
-1.1642
-0.88809
-0.90106
-0.10425
-0.99061
0.2517
0.8625
-0.63744
-0.94519
0.21875
-0.70148
1.023
0.12005
-0.018651
0.84
-1.0406
0.7639
0.28671
-0.74157
-0.18229
0.46249
0.73995
-0.70874
0.70101
0.57759
0.53742
1.0064
-0.49468
0.31419
0.50429
-0.98874
-0.47303
-0.43253
0.47673
-0.73627
0.37919
0.85587
0.13303
0.87983
-0.077871
0.60169
-0.41801
0.55267
-0.70649
-0.053153
1.014
-0.70527
-0.86662
0.21013
-0.14254
0.50802
0.67352
-0.84646
-0.30809
-0.94356
-0.86315
-0.88098
0.74378
-0.97558
-0.83672
-0.73725
0.43806
-0.15537
-0.89362
1.1139
-0.67098
0.48046
-0.57734
-0.4896
0.66801
-0.7412
0.53034
-0.51517
-0.062908
0.92771
0.9417
-0.68584
0.79681
-0.090096
-0.81189
-0.29138
-0.75392
-0.55698
-0.67126
-0.88941
-0.95373
0.75172
-0.32016
0.038956
0.1793
0.92836
0.16953
0.12185
0.6969
0.43832
0.46362
0.50318
-0.91918
-1.1719
-0.44893
0.80897
-0.073075
0.96432
-0.79358
-0.99769
0.22293
-0.51086
0.97445
0.57463
-1.0097
0.31349
-0.14275
-0.6218
0.72887
-0.87523
-1.1314
-1.0366
0.74145
-0.076788
0.089593
-0.91279
-0.9618
0.81027
-0.5541
-0.84666
0.79481
-1.1649
-0.2921
-1.0991
0.67576
0.30797
0.31414
-0.9279
0.32713
-1.0123
-0.36307
1.0809
0.79121
0.021784
0.34264
-0.28871
-0.69237
0.96846
0.91883
0.53389
0.80566
-0.58515
0.24364
-1.0832
-0.47851
0.9585
0.9952
-0.97161
0.8531
0.79812
-0.48586
0.91235
-0.99259
-0.71268
0.13507
1.0735
-0.45077
0.4996
-0.1968
0.88989
0.58543
0.93757
-0.46178
-1.0707
-0.52698
-0.096909
0.05879
0.53019
-0.73448
-0.38333
-0.32585
0.94492
-0.12388
-0.83372
-0.53447
0.19997
0.69974
-0.76293
0.39707
-0.013207
-0.77212
-0.59654
0.10668
0.3608
0.54393
0.93754
0.33092
1.0362
0.53981
-0.42124
-1.148
-0.81836
-0.53474
-1.0415
0.3483
-0.29319
-0.87417
0.99317
1.2879
-1.0536
-0.63479
-0.18114
-0.089155
-0.79751
0.27715
-0.63693
0.34561
0.34683
0.52442
0.71388
-1.0783
-0.27077
0.93701
0.76823
0.93072
-0.61819
-0.89968
-0.52198
-0.56754
0.049545
0.22919
-0.7293
-0.024067
0.73945
-0.036142
0.762
0.71581
0.67538
0.91841
0.9727
-0.50387
-0.6279
-0.051213
0.085432
-0.59048
-0.67871
-0.28158
-0.054223
-0.89307
-0.76065
-0.6667
-0.78367
-0.77062
0.89502
0.2949
-0.23054
0.59986
0.82442
0.88613
0.84093
-0.90398
0.087293
1.1932
-0.31838
-0.067197
0.69942
0.22006
1.1654
-0.1643
-1.084
-0.50235
-0.55637
-1.0058
-0.46832
0.64821
0.1308
-0.91364
-0.72603
0.28348
0.65242
-0.078715
-0.22972
0.10556
0.88263
-1.1239
0.975
0.24996
0.59028
0.31722
-0.96455
-0.84354
0.02992
-0.14489
-1.1403
-0.88333
0.27229
-0.59735
0.74839
-0.72598
0.0040373
0.71265
0.52779
-0.45458
0.010815
0.9528
-1.132
-0.42314
0.79132
0.53277
-0.79064
-0.72533
-0.73033
0.00061572
-0.77919
-0.96963
0.074545
-0.87127
-0.73343
-1.1088
0.58994
0.74356
-0.28682
1.0927
-0.14411
0.90579
0.53793
-0.61178
-0.15867
-0.50084
-0.5686
-0.0096701
0.91495
0.071832
0.25624
0.828
-1.0042
1.0299
0.75136
-0.88479
0.58109
1.0716
0.8461
-0.68786
0.62842
1.0157
-1.106
-0.20709
-0.51285
0.87011
0.86862
0.63196
0.42276
-0.91881
0.25507
-0.8683
0.8807
0.21133
-0.071268
0.81379
0.3965
-0.93161
-0.32626
1.0257
-0.013348
-1.0724
0.24681
0.14708
0.23201
0.49959
0.43467
0.20996
-0.62583
-0.89811
0.50324
-0.96261
-0.93573
-0.19659
0.3947
0.45285
-0.41224
-0.67809
-0.36462
0.6045
-0.82559
1.0944
-0.54398
-1.0081
1.0017
-0.74605
-0.99857
0.0071235
0.30995
-0.57124
-0.99893
-1.0497
-0.48443
0.092075
-0.80285
-0.48636
0.071679
0.84148
0.63602
-0.88719
1.0909
0.81332
0.6108
-0.85854
1.015
-0.18893
0.81075
1.0653
-0.032633
-0.71923
-0.89326
0.90261
0.55251
0.97833
-0.99856
-0.66754
0.49399
-0.94745
0.52024
-0.28042
-0.73437
-0.94275
0.46778
0.9271
0.019847
0.98274
0.95194
0.47473
0.57596
1.2274
-0.24573
-1.0813
-0.50878
1.0124
1.0567
0.82204
0.76974
-0.50409
0.8698
-0.42524
-0.068076
-0.046147
0.75801
-0.28571
0.9241
0.47885
-0.32174
1.0122
0.80956
-0.72766
-0.064422
0.95807
-0.11606
0.18987
-0.71419
0.91852
-0.94518
-0.63744
-0.6623
1.2815
0.29432
0.99414
0.83691
-0.9862
-0.85674
0.17701
1.0562
-0.94549
0.64353
-0.80122
-0.29971
-0.58371
-0.51341
0.91763
0.019813
-0.82557
-0.11821
-0.58571
0.95707
-0.6721
-0.47365
0.39349
-1.0151
0.99096
-1.0052
-0.6297
0.642
0.34641
0.031107
-0.76921
0.85422
0.7554
0.65112
-0.49243
-0.63274
0.14072
0.99591
-0.11565
0.57094
-0.67508
-0.10099
0.39392
-0.73243
0.97425
0.039248
0.081265
-0.47785
-0.40594
-1.097
0.35572
-1.0097
-0.88996
0.039579
-1.0361
-0.30894
0.44233
0.61955
0.24254
-0.58955
-0.99404
0.84237
0.66625
1.0472
0.23632
0.46015
0.93701
0.43247
-0.34806
0.97901
-0.61553
0.04742
0.68489
-0.93683
0.67783
0.21665
-0.76596
-0.69685
-0.18623
-0.75426
-0.32196
0.4003
-0.7139
-0.78735
0.96261
0.43166
0.78742
0.67871
-0.72758
-0.67508
-0.75267
-0.86053
-0.73838
-1.0189
-0.73131
-0.21319
-0.29073
0.4608
0.76424
0.39695
-0.59192
0.63106
0.95178
-0.80062
-1.0057
-0.62942
0.8817
0.88945
-0.88348
-0.028358
0.64137
0.94691
0.96863
-0.43845
-0.45064
0.4284
-0.92108
-0.62929
0.87312
0.43249
-0.014562
0.11353
0.51275
0.33103
-0.77622
-0.19113
0.74924
-0.19113
-0.54228
-0.93042
-1.0913
-0.37335
-0.53808
0.32494
-0.28659
0.19066
1.1155
0.8034
-0.81895
-0.93365
-0.748
-0.87245
-0.20101
-0.9403
0.6645
-0.094792
-0.71427
0.64778
-0.58937
-0.6886
-0.26037
0.30715
-0.032638
0.11659
-0.39578
-0.64769
-0.25977
0.69524
-0.1811
-0.60679
-0.47756
-0.87495
0.8454
0.85177
-0.24569
0.236
-0.31503
0.62706
-0.7844
1.0636
0.8443
-0.96506
-0.66664
1.0298
-0.81925
-0.4565
0.069441
-0.12824
-0.90852
-0.99447
-1.0557
0.74292
0.80248
0.51767
0.46942
0.6762
-0.40478
0.81275
-0.12452
0.67265
1.0265
0.77539
0.36484
1.0939
0.14888
0.79669
0.31831
0.50786
-0.33416
-1.2326
0.67392
-1.0977
0.29788
0.90724
-0.67486
-1.0441
-0.46577
-0.75578
-1.0512
-0.83194
-0.25984
0.86837
1.0328
-0.63267
-1.1436
0.31097
0.8368
0.91404
0.26326
0.53027
0.013751
-0.98938
-1.0719
-0.48597
-0.82618
-0.4934
0.27663
0.68361
-0.056184
1.0377
-0.56402
1.0233
1.1598
-0.25945
0.22753
0.83712
-0.59196
0.64508
-0.69578
-0.87091
-0.83548
-0.76681
-0.6731
-1.0057
0.35084
-0.86903
0.97768
-0.75422
0.63403
-0.7897
-0.64445
0.74984
-0.99575
0.9833
0.58634
1.0706
0.47462
0.12233
0.50969
-0.97184
0.62306
-0.63972
-0.41274
-0.29944
0.79161
0.35674
-0.9348
0.14625
0.48514
0.71778
-0.11876
-0.19273
0.90291
-0.54701
0.91697
0.86716
-0.46309
0.66431
0.27243
-0.68024
1.1065
-0.7436
0.1697
0.49097
0.36282
1.0425
-0.39944
-0.80233
-0.33698
0.64259
0.73096
-0.65651
0.82026
1.1243
0.93578
0.75878
-0.94894
0.54414
-0.045452
-0.59091
0.85078
0.17292
-0.95081
-0.74068
0.63676
1.0224
0.40489
-0.6014
0.81469
-1.0387
-0.93072
-0.098322
-0.72331
-0.61843
0.43728
0.8568
-0.94572
1.1177
-0.60585
-0.89499
0.72517
-0.90388
0.69331
0.83063
0.2611
-0.543
-0.61991
-0.10832
0.36141
0.95448
0.017132
-0.88879
1.026
-0.51334
-0.72229
0.34028
0.71786
1.0731
-0.12532
-0.22196
-0.63737
-0.81893
-0.79551
-0.43582
0.90247
-0.86739
-0.76784
-0.15756
-0.94787
0.80127
0.14895
0.86471
-1.0403
-0.38228
-0.95317
0.49463
-0.62463
0.87209
-0.73845
0.75695
-0.88451
0.59877
-0.38321
0.44942
-0.98996
0.3208
-0.18341
0.50033
-0.9921
-0.15206
0.61391
-0.042229
-0.27034
0.46983
-0.65546
0.83537
1.013
0.69135
0.48448
0.91643
0.11658
-1.0765
-1.027
-0.51673
-0.65933
-0.82054
-0.49665
0.90765
0.50071
0.91509
-0.8424
0.37753
1.0135
-0.14031
-0.47893
-0.3871
-0.81108
0.44417
1.0097
-0.97602
0.38556
0.38142
-0.56259
-0.42047
-1.2224
0.29103
0.4798
0.77228
-0.42169
-0.83551
-0.40679
0.75603
0.69351
-0.35117
0.85817
-1.2201
0.40741
-0.51424
1.023
0.78313
0.28213
0.48333
0.39428
0.75581
0.96576
-0.41723
-0.75286
0.27375
-0.86196
0.031782
0.26967
-0.94461
-1.0096
-0.089024
0.17692
-0.27252
0.81628
-0.52322
-0.81105
0.47886
-0.80925
-0.79725
0.81682
-0.80625
1.055
-0.89878
0.66564
0.65875
-0.34797
-0.49855
0.75719
-0.88638
-0.17614
-0.9785
0.054725
0.3589
0.23984
-1.1
-0.66353
-0.3756
0.91506
0.95917
-0.41391
1.135
0.41287
0.53019
0.93491
-0.7715
0.85298
0.93754
0.15719
0.6233
-0.57829
-0.32771
0.33227
0.89204
-0.42371
0.57223
0.7095
-0.65797
1.0652
0.6913
0.0040828
-0.90399
0.58479
1.003
0.82051
-0.9501
-0.56604
0.93562
-0.76777
0.43205
-0.93362
1.0649
0.32356
0.32829
-1.1208
0.81668
0.35261
0.023964
-0.83138
-0.62034
-0.11784
-0.96551
0.77517
0.26925
-0.12779
-0.79919
-0.37999
0.7633
0.81956
-0.56927
-0.53555
0.70295
-0.74924
-0.82305
0.20619
0.99239
0.77717
-0.32314
0.099794
0.49186
-0.18668
-0.35325
0.48828
-0.071645
0.15984
0.98118
0.9538
0.73812
0.75136
-0.84728
0.85954
-0.83025
1.0839
1.009
0.57424
0.09508
-1.14
-0.33071
0.45342
0.09985
-1.0846
-1.0371
1.0139
1.05
-1.0783
-1.0297
1.0177
0.13786
-0.30692
0.028536
1.0662
-0.66735
0.93781
0.78525
0.20162
-0.7396
0.95487
1.1321
0.80063
-0.26132
-1.0363
-1.193
0.18203
-0.48421
0.71919
-0.9172
1.0875
0.65893
-0.054076
0.95471
0.59729
0.81394
0.67557
0.18041
0.74843
-0.26438
0.73888
0.36184
-0.93023
0.20391
-1.0496
-0.9247
0.67376
0.96103
0.76922
1.0644
0.24574
0.77899
0.68428
0.39977
-1.1531
-0.96906
-0.33622
-0.19061
0.064623
0.92849
0.8485
0.34603
-0.80511
-0.51184
-0.5758
0.87207
0.91371
-0.34486
0.74638
1.2455
0.3427
-0.10388
0.82173
-1.0369
0.77135
-0.93246
-0.33508
-0.93933
0.60331
-0.093095
-0.38884
-0.80552
0.78763
-0.76445
-0.75813
1.124
0.86153
0.79815
-0.15117
0.3137
0.43767
-0.132
0.95752
0.95006
0.67902
0.062389
-0.23803
-0.18685
-0.97544
1.0283
0.24378
-1.1382
-0.79367
-0.28677
-1.0351
-0.3015
-0.076134
-0.63525
1.0013
-0.89417
0.90369
-0.91562
0.89657
0.57125
-0.69699
-0.3715
0.96249
0.46245
0.73316
-0.25347
0.65685
0.96495
-0.99024
0.57766
0.88304
-1.0881
0.91475
-0.019404
-0.83243
0.66035
1.0102
-0.020999
0.67564
-0.95457
0.34702
-0.36143
-0.37881
0.61352
-0.34848
0.52115
-0.5793
-0.95884
0.93872
-1.1227
-0.24687
-0.71611
0.19403
1.0496
0.70704
0.79165
0.80799
0.76775
-0.5908
0.95677
-0.13411
1.0764
-0.73156
0.79371
-1.1101
0.57249
0.78419
0.82385
-0.94979
0.30078
-0.46268
0.35397
-0.60193
0.25077
0.76478
-0.49377
0.13707
0.73542
0.90401
-0.92394
0.93006
0.86496
0.95999
0.092178
0.81616
-1.0859
0.79528
0.50094
0.8052
0.6673
-0.50701
-0.40224
0.31221
0.78985
-0.17988
-0.93445
0.089362
-0.7637
0.798
-0.93396
0.24404
0.45149
0.95735
0.89127
-0.6073
0.52306
0.61958
-0.73159
-1.0816
0.95224
0.8849
-0.16815
-0.60398
0.24246
-0.99686
-0.37777
-0.62544
-0.22294
-0.98682
0.28661
-0.21871
-0.40653
-0.80666
-0.47654
0.28944
0.71981
1.1054
0.095504
1.1194
-0.68229
-0.48349
-1.0515
-0.60311
0.98983
0.66429
0.12184
0.44508
-0.70158
-1.0777
0.95726
0.2169
-0.74096
0.81879
-0.9445
-0.72981
0.68866
0.48887
0.8335
0.90254
0.96285
0.18938
-0.92836
-0.40403
0.95544
0.93047
-0.085931
-0.92049
0.93171
0.40029
-0.8063
0.13901
0.10837
0.11165
0.82017
-0.56256
1.0535
0.84052
-0.51954
0.86056
-1.0938
0.91909
-0.99006
0.5868
0.58958
-0.78502
0.95703
0.7754
-1.0043
0.28219
-0.54211
0.89092
-1.046
-0.95188
1.0151
-0.25232
0.35255
0.022347
-0.96905
-0.29208
0.98278
-0.86567
-0.12351
-0.080845
-0.86494
0.6696
1.0414
0.30625
0.319
0.76218
0.93765
0.23557
0.10847
1.0058
-0.48002
-0.75812
0.78324
-0.52683
-0.12868
0.12509
-0.83006
-0.7635
0.35315
0.91512
-1.0095
0.75051
-0.84313
0.080214
-0.69491
1.0117
-0.58158
1.0564
0.6276
0.38212
-0.23249
0.59755
0.88175
-1.0591
0.75895
-0.0506
0.88862
0.76707
0.67005
0.7451
0.59098
0.24042
0.44071
-0.12073
-0.37074
-0.66215
-0.86473
1.1119
0.17413
-0.60726
-0.5379
-0.046036
-0.99438
0.99692
0.94766
-0.072656
0.79176
0.6456
-0.77147
0.11829
0.9076
-0.73596
0.013802
0.58924
0.75043
0.80988
0.13041
0.44219
0.95502
-1.0604
-0.91032
-0.70208
-0.047749
0.85063
-0.63384
-0.99762
-0.93827
-0.70613
0.91338
0.97081
0.10702
-0.82302
-0.30603
0.46041
0.83573
0.84407
0.89332
-0.52488
0.74313
0.44716
0.93256
0.77591
0.90101
-1.1503
-0.062831
-0.23392
0.78298
-0.98084
-0.10181
-1.0654
-0.9522
0.74673
-0.81399
0.60091
-0.63176
0.23043
0.97422
-0.67334
-0.018712
-0.8554
-1.0718
1.0166
0.10485
-0.80678
-1.0236
-0.75959
0.54817
-0.95239
-0.46423
-0.23024
0.89991
0.43371
-1.1187
-0.30338
-0.88733
-0.33876
0.13587
-0.88842
-0.1103
-0.20936
0.28378
-0.44997
-0.27445
0.83867
1.0494
-0.8123
0.37098
0.97117
0.056864
0.12309
-0.32245
-0.56898
0.10478
0.54685
0.98496
-0.1166
-0.60826
-0.57386
-0.29176
-0.11308
0.5884
0.37956
0.53883
0.92471
0.24154
-0.9413
0.85758
0.64657
0.77416
0.89139
-0.094067
0.44387
0.73556
0.99544
-0.99545
-0.48614
1.0357
0.95164
0.79062
0.34967
1.0933
-0.84649
1.0023
0.58469
-0.27532
-0.21826
0.18517
-0.050078
-1.1041
0.1979
0.55247
0.81843
-0.84087
-0.52241
-0.92553
0.84505
0.38988
0.75272
-0.88782
0.35645
0.12022
0.019324
-0.60094
-0.57478
0.034742
-0.74068
-0.75023
-0.85492
-0.31406
0.8578
-0.39627
0.75922
0.17843
0.91154
-0.66438
0.63506
0.92796
0.55664
0.31674
-0.78653
0.90392
0.93866
0.053612
0.60094
-0.78632
0.97972
1.0746
0.045895
0.99889
-1.0486
-0.49007
-1.0525
-0.61993
-0.30848
0.59176
-0.69005
-0.38183
-0.79156
-0.23244
-0.85224
-0.78338
0.726
0.43298
0.74682
0.50356
-0.37847
-1.0173
-0.88062
-0.55684
-0.67457
0.47482
-0.91074
0.26974
0.7584
-0.54906
-0.073108
-0.60893
0.68329
-0.95809
1.2122
-0.95372
-0.56986
-0.81807
-0.92138
0.40871
0.27853
-0.64795
1.1136
0.39063
-0.17234
1.0504
-0.96857
1.0288
0.73518
-0.71449
-0.97213
0.85036
-0.12521
-0.91549
0.84748
-0.96036
0.44231
-0.43421
-0.19835
0.95305
0.70635
-0.39676
-0.91585
-0.34547
0.066746
-0.74122
0.94704
-0.2434
-0.76738
0.87787
-0.10771
0.8878
0.51845
0.90682
-0.67116
-0.019524
0.60153
-0.085707
0.28626
0.45695
-0.39918
0.83033
0.27026
-0.94803
0.30785
0.59272
0.13177
-0.42865
-0.83999
-0.89729
-0.46031
-1.0478
-0.74876
0.92587
-0.34778
0.64767
-0.62201
0.97802
-0.87649
0.84281
0.9384
0.60877
0.76895
-0.075997
0.86353
0.086165
0.7486
0.21375
0.17277
-0.97291
0.87795
-0.23913
0.56101
-0.38118
0.24791
-0.61451
1.0158
0.85278
-1.0361
0.33546
-0.76562
0.89905
0.8257
-0.25502
0.61651
0.64597
0.14816
-0.7267
-0.59495
-0.71325
-0.15851
-0.36572
0.30465
0.13453
-0.17332
-0.22492
1.062
-0.9138
0.78605
-0.32244
-0.47197
1.0986
0.10803
-0.99255
-0.88136
-0.82564
-0.047237
0.54125
-0.461
-0.3823
-0.70162
0.79528
0.46449
0.84942
-0.75233
-0.69562
-0.80456
-0.71143
-0.46026
0.30391
0.73847
0.10411
-0.53687
0.2777
0.43576
-0.39194
-0.60844
-0.9508
-0.31426
0.65756
0.30171
0.7379
0.5574
-0.52426
-0.71968
0.79184
0.94797
-0.68855
-0.39111
0.80039
0.44135
0.60516
0.4813
-1.0393
0.99938
1.1305
-0.74942
-0.50712
-0.27514
-0.33843
-0.60055
-0.22305
1.0082
0.94263
0.81334
0.17028
-0.042087
0.59356
0.64033
-0.79602
-0.16216
-0.70288
-0.015685
0.2394
-0.050225
0.78733
0.74371
-0.89475
0.3683
0.37558
-0.92289
0.60042
0.13049
-0.64535
-0.78635
0.16951
0.75883
0.86122
-0.3347
-0.92438
-0.91579
0.37291
0.063626
0.13601
-1.1103
0.94911
-0.86941
1.0055
-0.83933
-0.16
1.1384
0.89037
-0.0015528
0.68171
0.95408
0.96506
-0.82177
-0.0089491
-0.65192
0.43223
0.92265
0.017061
0.15758
0.76229
-0.94953
0.27367
-0.87098
0.89156
-1.0761
0.90096
-0.12643
0.42291
-0.60226
-0.11798
0.9468
1.0395
-0.48369
0.24635
-0.17593
0.047419
0.74743
-0.73977
0.025232
1.07
-0.5682
-0.3156
-0.3943
0.75581
-0.24949
0.94688
0.47058
0.31909
-0.1737
0.066828
0.099171
0.8304
-0.41511
-0.39481
-0.39164
0.25994
0.93049
-0.7341
0.75594
1.0659
0.50325
0.95241
-0.62202
0.30631
0.89318
0.049476
-0.99687
0.72995
0.75466
1.0469
0.63169
-0.14059
0.90981
-0.29042
-1.127
0.56111
0.4771
0.77179
0.96362
0.98006
-0.99565
0.71177
1.0092
-0.21892
0.19445
0.70414
-0.84373
-0.60208
0.10034
0.050462
-0.97614
-0.30104
0.80982
0.16053
0.81038
0.50504
-0.94277
0.29295
0.34011
0.56686
0.4815
0.091133
-0.53376
0.30554
-0.52676
0.43045
0.29767
0.77315
-0.32506
-0.1063
-0.56098
-0.97346
-0.3626
0.99825
-0.88858
0.98334
-0.28382
-0.93092
-0.077315
1.0361
0.73201
-0.80052
-0.95112
0.043621
-0.079043
0.48911
-1.0542
0.25632
-0.84514
-0.52132
0.22594
1.0729
0.99101
0.86768
1.0459
0.83251
-0.24402
-0.74481
0.59438
0.056981
-0.23793
0.11652
0.48087
-0.063305
0.74748
-0.26536
0.89262
0.57178
0.11245
-0.70788
0.29017
-0.59763
0.43418
0.98023
-0.58411
0.21474
0.59889
0.30798
-0.11603
-0.45952
0.45254
-0.025817
-0.85652
-0.42137
-0.65559
0.73381
-0.47379
-1.1011
-0.27685
0.61557
-0.15732
1.0101
-0.23783
-0.068983
0.99394
-0.51008
0.80222
0.50568
-0.49781
0.14273
0.16692
0.38069
0.045719
0.38683
-0.87378
0.20647
0.49716
-1.0561
0.91948
0.24826
0.72727
-0.75889
0.38306
-0.93226
-1.0675
-0.60883
0.97518
-1.1072
0.46399
0.84605
0.41686
-0.25561
0.97947
0.58981
-1.0156
-0.094098
-0.092055
-0.11869
0.78347
-0.37534
-0.83344
-0.90608
0.57961
-0.97774
-0.031626
0.78683
0.28831
-0.10653
0.88137
0.29085
-1.204
0.81136
-1.1168
0.83022
-0.61357
-0.69735
1.0605
-0.98943
-0.97292
0.65563
-0.42679
-0.76018
0.70762
0.69634
-0.31331
0.84363
0.082396
-0.36041
-0.029297
-0.59643
0.31848
-0.79387
-0.6632
-0.87425
0.75315
-0.91847
0.15215
-0.80075
-0.52067
0.59495
-0.58797
-0.30113
-0.21647
-0.96455
-0.12498
-0.28988
0.74842
1.1143
0.9305
0.95221
-0.11225
-0.46817
0.42082
-0.98167
0.14197
0.15693
0.29135
0.60513
-0.59019
-0.84751
1.0162
0.11765
0.99789
0.34807
-0.060774
-0.4522
-0.77665
-0.41967
-0.96855
-0.48848
-0.1266
-0.45499
0.39296
-0.86144
-0.76333
0.59259
-0.88962
0.51933
0.93995
0.63401
-0.0032918
-0.47217
0.66405
0.68668
1.0152
-0.99662
-0.59883
-0.12707
0.62009
0.14106
0.91164
-0.92043
-0.88359
0.080037
-0.88566
0.54261
0.73495
-0.94068
0.75112
1.1904
1.0305
1.1375
0.59495
0.74728
1.0272
-0.91436
0.70093
-0.88599
-0.76568
-0.96333
-0.81955
1.1144
0.39795
0.57553
0.3236
0.91505
0.78958
0.38376
-0.6078
-0.90316
0.047461
-0.56463
1.0791
0.10308
1.0586
-0.80155
0.93403
0.77309
1.0957
-0.88782
0.74148
-0.48306
0.33631
-0.035935
0.91538
-0.55737
0.52495
-0.87476
0.27319
0.58824
0.15256
0.64261
0.26349
-1.1238
-0.9337
0.86748
-0.078034
-0.95754
-0.055214
0.37262
0.29547
0.99964
-0.14204
1.0999
0.066708
-0.89069
-0.94095
0.72748
0.72567
0.68696
-0.54986
-0.21753
-0.84773
-0.97331
1.0376
-1.0455
-0.77668
0.81863
0.39884
-0.08664
-0.615
-0.80943
0.90536
-0.88547
-0.867
-1.2065
-1.0318
0.54274
-0.068909
-0.11827
1.1006
-0.57546
0.91189
0.77975
0.24006
-0.071236
0.31218
-0.32851
-0.57458
0.58928
1.1389
-0.16643
0.91177
-0.86385
0.77763
-0.70193
1.0846
0.038274
1.0246
0.31579
-0.86973
-0.66808
0.5751
0.35839
0.88493
0.10913
-0.436
-0.22845
-1.005
-0.86792
1.0883
0.54287
0.057473
0.62244
-0.8094
0.43612
-0.31
-0.21127
-0.39964
0.44
0.99491
0.84018
-0.53245
0.16402
-0.82682
-0.41641
1.0118
0.79066
-0.82303
-0.98095
0.96372
0.71883
-0.35694
1.0338
-0.56943
0.24206
-0.60854
-0.41056
0.90708
0.94723
0.71339
-0.93868
0.54231
-0.14798
-0.87825
0.50504
0.7335
-0.068017
-0.28508
0.68909
0.63358
0.97584
0.42716
0.94931
-0.72186
-0.65423
-0.4278
0.56476
-0.10821
-0.56346
1.0517
-0.42992
0.87446
-0.31802
0.85229
-0.52327
-0.99328
0.64481
-0.88788
0.53445
-0.45812
-0.097993
-0.91114
0.27776
-0.21653
-0.015717
0.90712
0.47205
-0.38174
0.61079
1.1106
1.1531
0.98201
-0.79761
0.66873
0.12099
0.7852
-0.47757
-0.81961
0.85805
-0.40696
-0.64835
-0.0067063
-0.87485
0.77588
-0.39531
-0.89632
0.51799
-0.48902
0.59643
-0.36954
0.80105
0.80391
-0.56051
0.89204
0.37407
1.0693
-0.47868
1.1389
-0.30217
0.96007
0.27471
-0.053497
-1.0478
0.22952
-0.87296
-0.68789
0.50502
-0.0061846
0.86942
0.32901
0.22639
1.0344
0.48321
-0.41653
-0.66595
0.50992
-0.30233
0.97933
0.050617
-0.024863
-0.50312
-0.38205
-0.6767
-0.83272
0.26367
0.031753
-1.0787
-0.99759
-0.12103
-1.1266
1.0326
1.016
0.023265
-0.48752
0.018759
0.91985
-0.015969
-0.92722
-0.93973
0.020406
-1.1363
-0.38625
-0.016171
-0.76711
1.0912
-0.51085
-0.85138
-0.043217
-0.66519
0.26343
-1.0426
0.46669
1.1414
0.35255
-0.36905
-0.67659
0.68828
-0.039222
0.74508
-1.0006
0.30319
0.28078
0.29019
-0.76593
-0.39861
1.0551
0.87373
-0.854
-0.91888
-0.83697
0.42099
-0.48191
0.42856
-0.17218
-1.0752
-0.85386
0.69988
0.58341
0.7461
-0.19758
0.81608
0.78627
0.95783
-0.9071
-0.4995
-0.13747
-1.1841
1.0191
0.37973
0.72869
-0.21619
-0.7015
0.48354
-0.31364
0.79627
0.99263
-0.7325
0.37849
-0.70349
0.13743
0.80183
0.65026
0.96354
0.30857
-1.0699
0.23925
0.024679
-0.65699
0.77079
-0.42149
-0.80794
0.22109
0.51378
1.1589
0.47003
-0.53294
-0.29664
0.94376
-1.0632
0.0092684
0.8735
-0.19016
0.63998
0.98402
0.79989
1.16
-0.95756
-0.71851
0.44671
-0.64263
0.69437
-0.59025
0.80974
0.90175
0.59034
-0.17052
-0.32894
-0.60834
0.46081
0.33262
0.051781
0.95035
-0.90847
0.75412
0.60465
-0.30764
0.31822
-1.0659
0.76603
0.042327
-0.46892
-1.1693
1.0113
-0.39289
-0.4623
-0.48304
0.85527
-0.82036
0.65008
0.0059934
-0.81422
1.0033
-0.78396
0.96464
-0.79988
-0.89551
-1.1476
-1.0486
-0.022051
0.96922
0.79606
-0.71538
-0.39599
-1.0752
-0.50815
-1.0311
-0.45156
-0.92333
-0.9292
1.2844
-0.87614
0.28558
1.0319
-0.49392
0.71696
0.89671
0.26529
0.068829
-0.89966
-0.70401
-0.70072
-0.9799
1.1177
0.3831
0.44452
-0.88585
1.0535
0.65232
0.07558
-1.1118
-0.15066
-0.37094
-1.185
-0.86
-0.872
0.21398
0.91942
0.35874
0.40737
-0.91932
-0.89192
0.27091
0.30764
-0.99186
-0.18445
0.74542
-0.70673
-0.86488
0.086383
0.52131
-1.0442
-0.21116
-0.53244
0.26157
0.85093
-0.75322
-1.0042
-0.70916
-0.34012
-0.31186
0.15101
0.52091
0.42666
0.93721
-0.77337
-0.90683
-0.14397
-0.82067
0.38832
0.8586
0.25272
0.65471
-0.35169
-0.53399
-1.0071
0.19713
-0.81969
-0.11954
-1.0767
0.065462
0.88744
0.51385
0.07501
0.54957
0.99098
-0.64866
0.80501
-0.36475
0.94082
0.079399
-0.37877
1.0078
0.083951
-0.81224
0.72898
-0.72614
-0.77421
-0.68945
0.025169
0.77477
-0.97727
0.85277
1.103
0.65191
-0.1878
1.039
0.27651
-1.0559
0.73774
0.98199
-0.21246
1.1455
-1.0441
-0.20129
0.61724
-0.53906
0.62868
-0.88926
0.64451
0.86745
-0.62256
-0.38181
0.04019
-0.95694
0.77199
-0.64753
-0.61536
-0.80636
-0.3874
-0.20701
-0.84909
0.43231
-0.39226
-0.52196
-0.85753
-0.93825
-0.31579
0.010009
-0.67886
0.57979
0.51475
0.73319
0.29406
0.20278
-0.19644
0.22457
-0.74376
0.87275
1.0766
0.39587
0.97646
0.30148
-0.69788
0.25702
0.14628
0.29226
-0.14653
-0.51944
-0.93262
-0.23651
-0.50976
1.187
0.94414
-0.95172
0.096717
0.4184
-0.30374
0.45562
-0.67849
-0.86504
0.62892
0.6621
0.96821
-0.88133
-0.93247
-0.7322
1.0262
0.14253
0.41177
-0.4663
-0.74657
-0.43151
-0.21378
-1.0139
-0.70737
-1.0412
-0.46566
0.95681
-0.81114
0.59755
1.0026
0.15752
0.22954
-0.73464
-0.92777
0.95756
-0.86912
-0.30675
0.54488
0.036393
-0.36953
-0.97946
-0.92522
0.27354
0.85998
-0.56756
0.31906
-0.39167
0.6425
-0.93134
1.0688
-0.65874
-0.09818
0.6203
-1.2261
-0.062063
-0.92739
-0.60242
0.9036
-0.19981
0.27674
0.21852
0.21439
0.72286
-0.73959
-0.23854
0.087372
-0.16836
0.76447
0.93286
0.34025
-0.91484
1.0392
-1.0219
0.81541
0.65201
0.63067
-0.24154
0.64051
0.51874
-0.97605
0.21694
0.51816
-0.60922
-0.63718
-0.89191
0.66558
0.98959
0.95431
-1.0485
0.27061
-1.0192
0.81848
0.21201
0.99226
-0.23777
-0.96674
0.8267
0.88741
-1.0595
-0.10255
-0.71557
1.074
0.86233
0.81112
0.76603
-0.6554
0.27437
-0.9324
-0.91293
-0.2271
-0.22921
-0.9841
0.50457
0.45273
0.50851
-0.67742
0.85628
0.77997
-0.73546
-0.92316
0.88876
0.98792
-0.99895
-0.17294
-0.8871
0.74018
0.82135
0.13916
-0.3032
0.74626
-0.057072
0.75414
0.94249
0.86552
0.49596
0.25913
-0.92704
0.83027
0.040685
-0.30434
-0.055669
-0.81928
0.42412
-0.94185
-1.0986
0.89806
-0.50059
0.63854
0.95167
0.51307
0.95869
-0.15372
-0.8578
0.022138
0.33422
0.39228
0.8345
0.86119
-0.51841
-0.88493
0.69011
-0.42234
-0.71527
0.82572
-0.081635
-0.20261
0.4782
-0.56644
0.61917
0.86975
-0.59928
-0.48357
1.0538
-0.41216
-0.54724
0.88192
0.78212
0.99207
0.35334
-0.1918
0.91754
1.0093
0.58192
-0.19198
0.092914
-0.15119
0.91872
-0.61508
-0.19695
0.027748
0.88649
-1.1031
-0.81828
0.82823
0.2253
-1.0014
0.037442
-1.0415
-0.17946
0.04524
-0.72822
1.0901
0.14252
-0.25284
0.75447
0.62635
-0.012373
-0.31312
0.76917
0.38304
0.12537
0.95676
-0.65478
1.0371
0.93652
0.69222
1.0073
0.97016
-0.40513
0.47465
0.87129
0.47903
0.96507
-1.0377
-0.89911
0.94754
-0.5749
0.24782
-0.28087
1.078
-0.93727
0.75373
0.84722
-0.68775
0.6898
0.20576
-0.66295
-0.16139
0.82904
-1.0232
0.79598
0.15498
-0.33711
0.022951
0.36049
1.045
0.84069
0.89968
0.92128
-0.18008
0.38905
-0.037554
-0.34504
0.77112
0.24681
-0.47651
-0.42718
0.71798
-1.1071
-0.81657
-0.39098
0.10923
-0.93214
0.8488
0.52467
-0.53809
0.78912
-0.0098138
-0.60776
-0.34715
0.91414
1.0588
-0.51632
-0.21863
-0.82178
0.91619
-0.99041
0.73606
-0.65685
0.161
-0.40908
0.57648
0.84057
-0.21842
0.91374
0.13805
-1.0289
-1.0733
-1.0137
-0.83656
0.89688
0.11711
-0.89212
-0.58645
-0.59712
0.52897
-0.85886
-1.0464
-0.97177
-0.13205
0.66685
-0.85363
-0.56448
-1.1438
0.7739
0.95149
0.99848
0.75206
0.67869
-0.26725
-0.7112
1.0118
-0.85351
-0.15072
-1.124
0.97714
-0.60011
0.25532
0.20069
-0.4341
-0.98977
0.94967
-0.088584
1.0518
1.1188
-0.18244
0.42979
-0.91937
-0.85374
-0.73545
-0.25029
-0.44307
1.164
-0.8659
0.81965
0.64462
-0.90703
0.47449
1.0214
-0.75485
-0.49849
0.82065
0.37146
-1.0049
-0.24399
-0.99535
0.36648
0.60602
0.39883
-0.077603
-0.49501
0.20644
-0.0222
0.65566
-0.28172
0.13477
-1.0603
-0.84775
0.77108
0.88366
-0.64125
1.01
-0.44869
1.0123
0.626
-0.48575
0.45396
-0.92333
-0.91741
-0.57222
0.8594
-0.35803
-0.88742
0.038146
-0.94563
1.0574
0.88345
-0.79699
-0.50661
-0.34159
0.27626
-0.58837
0.78293
0.14083
-0.65283
-0.63565
0.46547
0.21258
0.028399
0.98984
0.10657
0.36131
-1.055
0.56926
0.057941
-0.99655
-0.52585
-0.91271
0.68164
0.6728
0.2643
-0.19474
-0.81055
0.85123
-0.63637
-0.37628
0.72217
0.69644
0.91943
-0.62821
-0.85925
-0.15746
0.68385
0.63716
0.20057
-1.0913
1.0051
-0.88649
0.28012
-0.65722
-0.041153
0.8686
0.91138
1.0249
0.73338
0.77065
0.99946
-0.51006
-0.9902
-0.27013
-0.25225
-1.0473
0.31995
0.080946
-1.0341
-0.35432
-0.34452
0.67967
0.28583
0.83508
0.54206
-0.99301
0.23237
1.0411
0.073311
-0.43673
-0.034666
-0.4058
-0.93924
0.34365
-1.0264
0.36756
0.38951
0.79243
-0.51633
0.5596
-0.88339
-1.2396
-0.98392
0.6083
-0.11216
0.49108
-0.42781
-0.77548
0.82318
-1.0914
0.67964
-0.5524
-0.68635
-0.19747
-0.63348
0.99837
-0.05982
0.90255
0.011718
0.076796
-0.8985
0.39406
-0.1361
-0.072195
1.0951
-0.40547
-0.28884
1.0311
-0.48439
-0.25489
1.1037
-0.13685
-0.81989
-0.52687
-0.61124
-0.62157
-0.57845
-1.1302
0.043118
0.22855
0.31737
0.14966
0.27971
-0.9679
-0.99189
-1.1118
-0.56521
0.32354
0.71612
0.049767
-0.62461
0.12886
0.44751
1.064
-0.31427
-0.96882
-0.71213
0.40329
0.98621
-0.85768
-0.75461
0.4832
0.089709
-0.84675
0.55246
0.56832
0.65704
-0.10141
0.094289
0.57828
-0.96036
1.059
1.0244
0.37145
-0.76062
0.1368
-0.16324
0.91219
0.50922
-0.017707
0.18267
0.50955
-0.9377
-0.91082
-0.97123
1.0215
0.8151
0.34733
-1.0629
0.23233
-0.24788
-0.96539
0.61014
-0.72496
0.55479
0.39009
0.97334
-0.10909
-0.7709
-0.32186
-0.39199
0.64426
0.31458
-0.33622
0.29132
0.24004
0.54986
0.29725
0.75476
1.0275
0.98373
-1.0042
0.047406
-0.70716
-0.68135
0.38181
-0.55883
-0.45276
-1.0454
0.35091
-0.7253
-0.082882
-0.11644
-0.36927
-0.10034
-0.74296
-0.29501
-0.25042
0.074506
0.68347
-0.89487
1.0045
0.93429
-0.8571
-1.0309
0.043532
-0.96242
0.22592
-0.44855
-0.37823
-0.037313
-1.0271
-0.79858
0.91444
0.86935
-0.67589
0.69373
0.58386
0.55713
-0.592
0.91477
0.26387
-0.32417
-0.036266
0.1985
-0.11073
0.8455
0.019227
-0.80124
0.81611
-0.53601
-1.013
0.95429
0.25121
0.81704
0.2891
0.10064
0.067633
-0.088804
0.64208
-0.28991
-0.31243
-0.74063
0.02736
-0.91693
0.8655
0.91481
0.31171
1.0417
0.82431
0.9316
-0.7499
-0.74843
0.20634
-0.15355
1.0551
-0.36773
0.54404
0.88166
-0.67736
-0.78917
-0.071906
0.72936
0.10457
0.79383
-0.75844
0.65431
0.93361
1.0045
-1.0566
-0.52425
-0.85037
0.11396
0.63166
-1.0293
0.39218
-0.58356
1.0168
-0.0069857
-0.19472
-0.28526
0.13004
0.22975
-0.76085
0.92886
-0.10194
0.60436
-0.93963
0.96118
-0.25409
-1.1132
-0.77505
-0.83147
0.34181
0.20655
-0.54835
-0.52973
0.46844
-0.44394
0.53658
0.39363
-0.439
-0.14031
-0.913
0.67674
0.94851
0.81548
0.85113
1.0378
-0.34842
0.29618
-0.59867
0.45278
-1.0034
0.2995
0.92656
0.92727
-0.94793
0.83189
0.70119
0.17085
0.4672
-1.0068
-0.88056
0.51244
0.083553
-0.17855
-0.80291
0.21601
-0.39938
-0.59404
0.77492
0.080166
-0.2836
1.042
0.10719
0.29944
0.65562
-0.19104
-0.196
0.83121
-1.0165
0.14545
0.20636
0.4931
0.29619
0.87083
0.41814
1.1287
0.43709
-0.81251
-0.4306
-0.60948
-0.68631
-0.23481
0.39641
1.0074
-0.96494
-1.0366
-0.52251
-1.0589
-0.7188
-0.20077
0.56801
-0.23617
-0.79523
1.1114
0.50182
0.77718
-0.34029
-0.31638
-0.42522
-0.82859
1.0024
0.23823
-1.0902
0.56487
0.63361
0.1224
-0.38228
-0.12581
0.32141
-0.92904
-0.87942
0.53773
-0.9079
0.47858
-1.0662
1.1062
-0.48192
0.47955
-0.61897
-0.67438
-0.98226
1.0058
0.34636
-0.54541
-0.65944
0.35626
0.79766
0.010234
-0.14057
0.866
0.86201
-0.62512
1.0395
0.13357
-0.76559
0.14305
-0.47951
1.1103
-0.96484
0.58238
1.0677
0.9088
-0.60734
0.92774
0.93915
0.72492
0.64956
0.034723
0.86546
0.85418
-0.89003
-0.99775
-0.91692
0.57486
0.10643
0.38808
0.66994
-0.10218
0.46209
0.51786
0.40776
-0.14646
0.89078
0.87274
0.43272
1.172
-0.83752
-0.15847
0.38775
0.21967
0.16077
0.061499
0.94608
0.83915
-0.75901
1.045
0.096275
-0.043127
-1.0908
-0.78019
-0.86952
-0.87729
1.0838
-0.040725
-0.85219
0.43449
0.81856
-0.33193
-0.28705
0.85524
-0.39437
0.34227
0.94714
0.017797
0.055303
-0.68302
0.78775
0.47869
0.06205
-0.6088
0.76402
-0.99432
-0.34199
-0.89286
-0.76548
-0.15261
-0.16318
-1.0329
0.39808
-0.9248
-0.19012
1.0403
-0.89429
-0.98059
0.73468
-0.67092
0.68741
-0.88539
0.81497
-0.62124
-0.53565
0.016234
1.0358
0.8672
0.68716
-0.26844
0.38372
0.22358
0.2366
-0.14299
-0.79581
-0.57733
-0.1663
-0.46178
0.55376
-0.2922
0.38472
-0.19743
-0.46069
0.80719
0.73407
-0.77052
1.0747
1.0006
0.85558
-0.33784
0.18938
-0.38826
0.069841
1.0065
-0.84707
0.81659
-0.85085
-0.53105
-0.034488
0.15481
0.88513
-0.59597
0.30637
-0.44752
-0.98592
-0.7284
1.1532
0.60044
0.82325
-0.71637
0.38616
-1.0055
1.1975
1.0587
-0.67895
-0.80913
0.69485
-1.1609
-0.34539
0.56238
-0.059441
1.0407
0.38097
-0.018791
-0.88012
0.04602
-1.1473
-0.46086
0.90795
0.90332
0.49805
0.86051
-0.96874
0.41599
-0.7021
-1.0166
1.0756
0.11872
0.93758
0.8879
-0.25614
-0.44916
-0.21457
0.06714
1.0188
0.10321
-0.79867
-0.47889
0.45257
0.67448
-0.86202
0.95648
0.70303
0.86989
0.14015
0.81805
-1.0401
-0.46422
0.57227
-0.54244
0.82937
-1.2121
-0.60269
-0.70415
-0.78901
-0.97929
-0.37809
0.72568
0.79325
0.40537
-0.9013
0.83416
1.0315
-0.80719
0.28115
-0.66663
-0.87765
0.31939
-0.98125
-0.17951
-0.6551
-0.74398
-0.24898
-0.77829
-0.84197
-0.28098
-0.83421
-0.65672
-0.72682
0.87574
-0.97059
-0.81271
0.77938
0.27101
0.49137
0.014283
0.25139
-0.042514
-0.66531
0.88406
0.8642
0.97635
0.29912
-0.50048
-0.12382
-0.084577
0.49834
-0.77341
0.54513
0.24238
0.36894
0.67696
-0.98771
0.78347
0.77202
0.25072
-0.45633
0.53958
0.68629
-0.34802
0.97488
-0.40941
0.9354
0.79121
0.99826
0.69419
-0.56579
0.65328
0.51189
0.45524
0.27818
1.1817
0.49415
0.9098
0.51991
0.13313
-0.86727
-1.0714
0.90827
-0.6811
0.11167
0.86293
-0.87554
0.8002
0.17498
0.59868
0.19466
0.93401
-0.69716
0.97826
0.56455
-0.88358
0.55628
0.8308
-0.67681
-0.88254
0.8646
0.93524
-1.059
-0.64612
-1.059
-0.66788
-0.081972
-0.82902
0.65761
-0.14882
0.20127
0.31009
-0.70377
-1.0139
-0.66109
-0.8331
-0.3507
-0.018524
0.79822
0.98101
0.60011
1.1335
-0.94502
-0.78619
0.72245
0.070332
-0.88955
-0.85141
-0.16253
0.66044
0.039913
0.3357
0.20862
0.9898
1.0981
0.59678
0.80782
0.25731
0.85947
0.96627
0.55067
0.79085
-0.66658
0.8786
-0.42586
0.95034
0.20054
-0.096484
-0.98908
0.9142
0.81836
-0.10588
0.77763
-0.43242
-0.84627
0.39263
0.83074
-0.71381
0.73762
-0.56643
-0.29978
-0.040379
0.66619
-0.7709
-0.029264
1.1089
0.043968
-0.82248
0.58876
0.89893
0.18551
0.15227
-0.35335
-0.004303
0.64571
-0.02502
0.84685
-0.91439
0.69254
0.29317
0.91771
0.97961
-0.4531
-0.73469
0.72238
-0.38975
-0.79117
-0.92826
0.30078
-0.68923
-0.95266
0.26799
-0.62162
-1.0844
-0.52319
0.57567
0.91753
0.3374
-0.77279
0.63176
-0.44403
-0.76087
0.048796
0.25795
-0.95301
0.75639
-0.15757
0.58463
-0.076222
-0.5394
-0.48907
0.87185
-1.1136
0.35828
-0.8092
0.35906
-0.80984
-0.97745
-1.1415
-0.14339
-0.4484
-0.88938
0.55842
0.59019
0.95666
0.83519
-0.30448
0.94263
-0.11838
0.4446
-0.2417
-0.2259
-0.31717
1.032
-0.98243
-0.28697
-0.88746
-0.85227
-0.97721
0.55613
1.0162
0.41288
0.55522
-0.89354
-0.44096
-0.44605
0.39262
-0.58301
0.40715
-1.1168
0.90859
-0.51096
0.021586
1.0879
-0.82299
0.71856
-0.2074
-0.93662
-1.0608
-0.9721
0.29179
-0.51387
0.94334
-0.77227
0.058529
0.98905
0.048937
0.57575
0.60697
-0.82058
-1.0391
-0.96537
-0.33821
-0.97398
0.62576
0.88313
-0.7277
-0.97823
-0.8223
-0.92144
-0.86537
-0.78494
0.28845
-0.064906
-0.63629
0.49621
0.47835
0.81018
0.59293
0.27005
0.9941
0.62758
0.44702
0.051926
-0.36182
1.143
-0.098571
-0.91695
0.10633
0.42155
-0.58428
-1.0641
1.1052
-0.18203
-0.61941
-1.0675
-1.0266
1.0594
-0.92423
0.12522
0.73097
0.64809
-0.79705
-0.43297
0.55873
0.62497
0.93227
0.79771
0.91392
0.71889
0.54917
-0.70976
-0.68105
-0.98358
-0.77617
-0.97991
0.87402
-0.88744
0.97171
-0.90457
-0.99751
-0.94627
1.0158
0.60839
0.4742
-0.93226
0.61938
-0.70857
-0.54601
-0.39186
0.067044
-0.83565
0.88966
-0.94645
1.0018
-0.58731
0.86414
0.018963
0.82913
-0.91204
-0.5141
0.36334
0.6888
-0.93131
0.42469
0.67476
0.49147
0.80923
0.78669
0.35153
-1.0109
-0.65805
0.14033
-0.7255
0.49631
0.86392
0.95327
0.52076
0.65585
0.1621
0.96865
-0.052251
0.50453
-0.78212
-0.9273
0.20458
-0.69384
-0.94111
-0.8233
0.084496
0.50546
0.5294
-0.34414
-0.58885
0.25613
-1.1782
1.1172
1.0534
1.0634
0.70456
-0.87176
-0.70575
-0.091426
-0.36417
0.54759
0.37244
0.6806
0.27553
-0.6026
0.29361
0.8491
0.49941
0.26976
0.77292
-0.96247
-0.14025
0.2537
-1.1043
-0.32144
0.24725
0.96114
0.90601
-0.12711
-0.82935
1.1215
0.72747
-0.91482
-0.54486
-0.91811
0.62178
0.049305
-0.93398
-0.3649
0.59113
0.88664
-0.83413
-0.036768
-0.19652
-0.64321
-0.0086108
0.32283
0.69066
0.93181
-0.11832
-0.81666
1.0467
0.096323
-0.2855
-0.8686
0.25929
1.1401
0.60177
-0.92407
-0.35923
-0.68994
-0.44609
1.2014
0.63357
0.30452
0.16939
-1.1852
-0.85937
0.21079
0.99374
0.933
0.89196
-0.71198
0.92818
0.4009
0.078741
-1.1081
0.84765
-0.3663
-0.033536
1.1896
0.84748
-0.98683
-0.60136
1.0601
-0.92591
-0.78638
-1.0472
0.86427
-0.96939
0.42763
0.05391
-0.90899
-0.17854
0.84905
0.66392
0.35438
0.81035
0.8855
-0.47894
-0.95929
0.7804
-0.83945
-0.66995
-0.98814
-0.57098
-0.66031
-0.86905
-1.0488
-0.89335
0.024468
0.95715
0.90158
0.59009
0.12389
-0.56005
-0.10878
0.67153
0.85465
-0.78565
-0.026718
0.36602
0.61809
0.90096
-0.065485
0.52062
-0.76912
0.5527
0.62111
-0.66146
-0.71692
0.83531
0.92343
1.0399
0.73881
0.788
-0.92033
-0.87749
1.1034
0.77894
-1.0528
-0.47605
0.76094
0.25051
-0.82546
-0.77976
0.51611
0.97868
-0.60963
0.59109
0.18623
-0.83101
-0.54327
-0.66415
0.62983
-0.91068
0.42585
-1.0786
0.99802
-0.363
0.24116
0.92868
-0.55889
0.035399
-0.93349
0.92922
-0.28543
0.42317
0.59272
0.54553
0.66336
0.72801
0.55488
-0.9151
0.79014
-0.47166
-0.69855
0.54612
0.438
-0.12251
-0.95554
0.38549
-0.76515
-0.80478
0.10724
-0.41486
-0.8922
-0.69669
0.61602
0.56555
-0.81494
-0.98382
0.54191
0.059344
-0.64918
0.67212
-0.05756
-0.19066
-1.0689
0.72503
-0.94636
-1.0062
-0.083673
0.203
0.31289
0.86103
-0.89845
-0.82842
-0.74963
-0.72189
1.0153
-0.27109
0.78303
0.52997
0.23455
0.88851
0.73393
-0.62389
0.84429
-1.1308
-0.84304
0.954
-0.97681
-0.92608
-0.24885
0.8162
-0.90417
-0.8736
0.79887
-0.16698
-0.78665
-0.20117
-0.7327
-0.79998
-0.016788
0.21787
-0.1707
-0.99321
0.1204
0.99805
0.16431
-0.43054
1.1218
0.87813
-0.46943
-0.11943
1.1123
-0.38004
1.2812
0.74827
0.34965
0.73492
-0.32074
-0.45226
0.84609
0.80948
-0.10799
-0.25407
0.76936
0.84755
0.87023
-1.1665
0.87576
-0.6588
1.0006
0.34205
-0.063349
-1.0155
0.013202
0.9137
0.17217
-0.62282
0.81556
0.75344
-0.1106
0.96401
0.50094
-0.91502
-1.0237
0.99225
-0.48046
-0.42652
-1.0592
-0.69082
-0.87018
0.77809
0.12378
-0.21763
0.14984
1.0122
0.39677
0.43647
-0.062369
-1.0014
-0.90956
0.21492
0.97981
0.31873
0.78502
-0.37427
0.95192
-0.80523
-0.29795
0.82922
0.33148
-0.7339
-0.26317
-0.79372
-0.58392
0.65265
1.1261
-1.1626
0.77818
0.94113
0.93573
-0.47221
0.88767
0.31553
-0.53873
-0.77492
0.9432
0.6464
0.68274
-0.73197
0.77502
0.9666
-0.86335
0.37614
0.033598
-0.34766
0.82814
-0.88445
-0.7879
0.56065
-0.89827
-0.90627
0.76761
0.52259
0.52175
0.17626
0.19642
-1.0751
0.98571
0.86532
-0.95088
-1.0031
0.68836
-1.0034
0.89796
-0.82748
0.2563
-0.21881
0.74712
1.0928
-0.5347
-0.92456
-0.78415
-0.58726
-0.97072
0.081723
0.85553
-0.97949
-0.19586
-0.3376
0.40801
-0.20188
0.22632
-0.7745
0.66039
-0.26596
1.0749
0.089267
0.96074
0.26732
-0.18368
-0.88768
-0.51601
0.15009
0.78141
-0.20792
-0.84834
0.64197
-0.60658
1.0001
-1.0321
0.90863
0.56851
-0.32014
0.65129
-1.0101
1.0807
-0.89448
0.94226
0.93677
0.21104
0.81552
-0.22965
0.080246
0.46852
-0.89121
-0.27568
-0.81578
0.47189
-0.64922
0.79213
-0.43895
-0.70451
0.92173
-0.87906
0.092153
-0.52335
0.75503
-0.92202
0.59309
-0.36516
-0.84473
-0.92972
1.1035
1.1036
-1.1204
-0.32706
1.0576
0.10801
0.58961
0.98719
-0.85666
0.77118
-0.90983
-0.94388
0.32359
-0.15526
0.95835
0.82677
-0.39589
0.56086
0.022796
0.18908
-0.9654
-0.66539
-1.0915
0.19291
1.0452
-0.7952
1.0693
0.80835
0.95572
-0.50364
-0.54098
0.64037
0.45588
0.40386
-1.0364
0.71816
-0.81821
0.15403
1.205
-0.69436
-0.18386
0.20396
-0.66877
0.02081
0.5841
1.0692
-0.92153
-0.96671
1.0262
-0.43784
-1.1879
0.34916
0.0039134
0.88285
-0.054391
0.32905
0.73508
-0.89215
0.92351
0.35429
-0.85008
0.70083
1.0419
-0.10067
0.66313
-1.0017
0.37362
0.19747
-0.32416
-0.90367
-0.062842
-1.0163
-0.19936
0.83624
-0.91411
0.69191
-0.87917
-0.81109
0.86519
-0.69978
0.80116
-0.30101
0.85333
0.4603
-0.37707
-0.45539
-1.0065
-0.38917
0.7208
-0.13353
0.75088
-0.0039669
-0.18428
-0.71801
0.15424
-0.17584
1.1433
0.92323
0.40229
-0.8856
1.0037
1.0885
0.54673
-0.35146
0.27469
-0.13972
-0.93543
-0.51485
-0.81325
-0.8995
-0.43102
0.70803
-0.3915
0.4374
0.94841
-0.17925
-0.98787
-0.7516
-0.588
-1.0817
1.1053
-0.67664
-0.069633
-0.83354
0.84345
1.0373
-0.54011
-0.31971
-0.82505
-0.47931
-0.66267
0.32506
1.0541
1.0154
-0.78612
1.0473
-0.68646
-0.74895
-1.0111
-0.48343
0.92493
0.51808
-0.6317
0.14055
-0.96222
-0.32006
-0.74575
-0.97706
-0.063238
-0.99218
-1.0116
-0.2638
0.88364
1.0459
-0.99219
1.0433
-1.1493
-0.8714
0.038919
1.028
-0.68468
-0.073147
-0.72824
-0.26355
-0.13685
-1.0113
0.76377
0.9013
-0.76891
-0.2208
0.53853
-0.64335
0.95023
-1.0025
0.49852
0.99522
-0.6934
-0.88813
-0.14076
-0.9807
0.50645
0.9086
0.7937
-0.81033
0.19898
0.7415
-0.69315
0.76294
-0.59866
0.12152
-0.81861
-0.1179
-0.90118
-0.8498
1.0443
-0.93738
-0.56497
0.7087
-0.67639
0.94211
-0.40278
-1.0038
1.0523
0.71563
0.45273
-0.64741
0.99081
-0.1129
0.66668
0.88892
-0.69262
0.88879
-0.47968
-0.92013
0.58029
-0.77878
-0.47111
-0.88478
0.8367
-0.83016
0.54642
-1.1779
-1.0858
0.76733
0.56021
0.99999
-0.74959
0.79576
0.4749
-0.037998
-1.1765
1.0696
-1.0267
-0.37833
-0.74068
0.55473
-0.34934
0.73575
-0.52528
-0.80981
0.92697
0.91523
0.29255
0.40551
0.04207
0.9251
0.91436
0.30683
-0.90381
0.032214
0.17936
0.26357
0.042774
-0.044787
-0.15237
-0.84135
-0.80992
-0.68156
-0.42599
-0.88091
0.34299
0.77694
-0.51496
0.83938
-0.20804
0.6195
0.63701
-0.17614
-0.46981
0.6609
0.30136
-0.18218
-0.32676
1.1022
0.61938
-0.63269
0.85383
0.4332
-0.89781
0.61569
0.58548
1.0857
0.45785
0.89271
-0.24316
0.0034196
-0.097629
-0.97283
0.19903
0.32683
-0.10449
1.0283
-0.27049
-0.12591
-0.10812
0.71416
-0.88389
-0.30557
-0.8156
0.94321
-0.87983
0.96905
0.5165
0.21311
-0.81259
0.12171
0.91144
0.16484
0.45778
-0.023223
0.45588
0.89833
1.0057
-0.50513
-0.56705
0.15615
-0.7049
-1.1287
-0.90723
-0.55993
0.83941
0.58797
-0.87811
0.14949
-0.11252
0.57325
0.35336
0.60028
0.46083
-0.27814
-0.68991
0.22667
0.2092
-0.4786
0.74623
-0.34224
0.24243
-0.9708
-0.046256
0.13957
0.12672
-0.98667
0.50698
-0.1539
-0.79769
-1.0335
0.72149
-0.72729
-0.83462
-0.16807
-0.20766
0.88215
0.34961
-0.82902
-0.54306
0.20043
-0.43301
-0.92007
-0.10203
1.1197
1.1459
1.0282
-0.24549
0.81288
-0.78622
-0.78683
0.93959
0.16397
-0.76832
-0.69754
0.70203
0.7045
-0.64189
0.088994
0.94526
0.59393
-0.48335
-0.77526
0.62622
0.91843
-0.63594
-0.005256
-0.027506
0.8722
0.82712
-0.56107
0.96792
-0.46301
-0.057254
-0.34405
0.23695
0.31366
0.5589
1.0592
0.44139
-0.61315
-0.20702
0.24226
0.254
0.60065
-0.59687
-0.69564
0.88844
-0.25353
-0.36516
-0.57522
-0.15839
-1.0313
-0.95884
-0.86839
0.19377
0.94156
1.081
-0.82866
0.81474
-0.59544
-0.70281
-0.69998
0.01079
-0.91883
0.87948
0.35915
0.52506
0.84762
-0.95726
-0.32089
-0.71826
0.63958
0.72565
-0.86149
0.36155
-0.7415
0.89955
0.95564
0.71681
-0.04848
0.96508
0.91309
-0.32687
-1.0832
0.31463
1.1026
0.37533
-0.8754
0.85607
0.06495
0.35573
0.11555
0.20477
-0.013189
-0.32922
-1.0483
0.19435
-0.48244
0.2398
-0.18602
-1.1079
0.84768
0.4122
0.9149
-0.94631
-0.17747
-0.28944
0.72203
0.69414
-0.082377
1.0641
-0.57832
-0.25668
-0.50688
-0.84739
-1.0318
0.25762
1.033
-0.16997
-0.98562
0.066399
0.31467
0.8401
-0.92056
-0.9993
-0.64252
0.87973
-0.039274
-0.89037
0.11818
-1.0503
-0.88862
-0.081141
-1.0491
-1.0399
0.00052593
0.68146
0.61015
-0.25468
-0.56912
-0.58779
-0.54967
-0.67939
-0.979
0.90548
0.67121
-0.46552
0.94449
0.56768
0.44894
1.1021
-1.0337
0.16002
-0.17066
0.67005
0.82175
-0.39072
-1.1795
-0.43319
-0.40111
0.52508
-0.91791
0.040019
1.0022
-0.72408
0.70064
-0.22542
-0.77406
-0.76619
0.9268
-0.65369
-0.89745
-0.73048
0.31633
0.87289
0.90956
0.11645
0.44753
-0.57005
0.97193
0.67957
-1.0118
0.22167
-0.9243
-0.8881
0.57382
0.81935
0.63421
0.68417
0.84269
0.28381
0.99952
-0.33338
-1.0305
-0.64
-0.82767
0.76823
-0.29026
0.7651
-0.42152
-0.80798
0.77658
-0.52
-0.25561
0.13554
0.84214
-0.69443
0.48923
-0.6161
-0.28673
0.79859
0.9912
-0.26567
0.13704
-0.045151
0.61598
-1.1744
-0.18524
-0.62976
0.91413
0.31543
0.98262
-0.83704
-1.0288
0.8804
-0.26678
-0.84141
1.0887
1.0137
-0.75299
-1.1017
0.90092
1.0153
-0.84638
-0.056954
0.83384
0.50383
0.26516
0.03299
-0.45891
0.18522
0.40799
-0.76893
-0.032207
-0.90298
0.60479
-0.47589
0.91668
1.1927
1.0246
0.64879
-0.19537
-0.1969
-0.61216
-0.76296
0.93641
-0.88616
0.018448
0.85922
0.75328
-0.91951
-1.008
-0.57114
1.0109
1.0559
-0.89548
0.011176
-1.0606
-0.75211
-0.75146
-0.97806
0.80959
0.432
-0.93518
0.93358
-0.55235
-0.02659
1.0316
-0.88244
-1.0026
0.32704
-0.37372
-0.88948
-0.5607
-0.68544
0.98693
0.38335
0.46145
-0.74158
0.51091
-0.24092
-0.25897
0.90155
1.1583
1.0297
0.09204
0.90093
0.42428
0.47669
-0.43668
-1.0025
1.0584
-0.33192
0.9521
-0.39349
0.6912
0.30429
0.32578
-0.95518
-0.92395
-0.36428
-0.58678
0.20282
0.094061
-0.74552
-1.1037
0.63096
-0.89106
1.0281
-1.1771
-0.95836
1.0048
-0.31204
-0.38937
0.57353
-0.61532
0.35984
0.50009
-0.071692
-0.012782
-0.87914
0.73263
-0.94771
-0.52925
-1.0554
-0.25969
0.27009
-0.2495
0.35863
1.1474
-0.86753
-0.30456
0.96527
0.16632
0.28778
-0.26373
0.023452
-0.32586
0.57576
0.62175
0.79332
0.99793
0.36067
0.73015
0.595
1.0446
-0.32247
-0.054598
-0.11248
-0.92233
0.90493
0.22054
-0.39204
0.52795
-0.18875
0.89113
0.73066
-0.14254
0.53422
0.96535
-0.53777
-0.015459
0.90849
0.94299
0.8081
1.05
1.0975
0.56811
-0.94736
0.46818
0.20216
-0.79415
0.40505
0.95651
0.73181
-0.87072
0.18965
0.92388
0.076698
-0.6668
-0.1252
0.40987
1.0887
-0.91661
-0.88955
0.66069
-0.63951
-0.69869
-0.089043
0.87242
-1.0919
-1.0193
-0.85576
-0.53461
-0.70639
-0.72579
-0.87427
-0.93655
0.78215
0.66393
-0.97672
-0.80016
-0.55868
0.72066
0.35311
0.91789
0.35789
-0.50979
-0.649
-0.22635
-0.034079
1.0453
-1.0632
-0.17628
0.64824
-0.084133
0.4719
-0.25001
1.0338
0.97004
-0.24569
0.97904
-0.83334
0.4238
0.73
0.013491
-0.97006
0.86472
-0.46375
-0.67119
0.43686
0.30012
-0.04179
-0.63794
1.0235
0.74061
-0.66508
-0.23195
-0.80268
0.59513
-0.23877
0.81809
-1.1212
-1.1061
0.16633
0.99364
0.074867
0.0049722
0.14674
0.55887
0.64882
-0.60016
-0.89606
0.85323
-0.56093
-0.68659
